Id,Label,timeset,indegree,outdegree,degree,weighted indegree,weighted outdegree,weighted degree,eccentricity,closnesscentrality,harmonicclosnesscentrality,betweenesscentrality,modularity_class,componentnumber,strongcompnum,clustering,subject
%C3%81ed%C3%A1n_mac_Gabr%C3%A1in,%C3%81ed%C3%A1n_mac_Gabr%C3%A1in,,0,11,11,0,11,11,7,0.294438,0.311249,0,0,1,7,0.436364,11
Bede,Bede,,27,12,39,27,12,39,7,0.295287,0.312201,2871.53567,0,1,6,0.089339,0
Columba,Columba,,13,10,23,13,10,23,7,0.29197,0.308051,856.858978,0,1,6,0.181579,11
D%C3%A1l_Riata,D%C3%A1l_Riata,,14,18,32,14,18,32,7,0.305755,0.32393,1141.541464,0,1,6,0.178571,0
Great_Britain,Great_Britain,,180,35,215,180,35,215,7,0.330211,0.354422,58633.558854,0,1,6,0.040409,7
Ireland,Ireland,,319,71,390,319,71,390,7,0.354991,0.385597,116600.305506,0,1,6,0.028544,5
Isle_of_Man,Isle_of_Man,,49,48,97,49,48,97,7,0.343036,0.370051,21990.412041,0,1,6,0.093373,5
Monarchy,Monarchy,,87,113,200,87,113,200,7,0.361512,0.396551,34803.205324,5,1,6,0.06289,7
Orkney,Orkney,,26,35,61,26,35,61,7,0.32591,0.352085,7950.249807,0,1,6,0.100629,5
Picts,Picts,,20,24,44,20,24,44,7,0.304149,0.323463,5769.224726,0,1,6,0.147937,5
Scotland,Scotland,,338,112,450,338,112,450,6,0.36741,0.403231,172203.337436,0,1,6,0.032343,5
Wales,Wales,,168,57,225,168,57,225,7,0.341764,0.370717,59334.232056,0,1,6,0.037933,5
%C3%85land,%C3%85land,,0,19,19,0,19,19,7,0.319619,0.342442,0,10,1,8,0.289474,5
20th_century,20th_century,,306,93,399,306,93,399,6,0.369082,0.402458,171977.238779,4,1,6,0.031782,0
Baltic_Sea,Baltic_Sea,,57,54,111,57,54,111,7,0.344669,0.373126,12311.224586,10,1,6,0.142503,5
Crimean_War,Crimean_War,,31,25,56,31,25,56,7,0.318736,0.341437,11400.621581,0,1,6,0.121633,0
Currency,Currency,,291,22,313,291,22,313,7,0.318036,0.340052,33546.784609,5,1,6,0.083118,10
Euro,Euro,,97,50,147,97,50,147,6,0.335818,0.362946,11718.393108,10,1,6,0.113534,10
European_Union,European_Union,,248,133,381,248,133,381,6,0.36925,0.406537,97280.968931,10,1,6,0.072498,7
Finland,Finland,,155,73,228,155,73,228,6,0.355614,0.385907,43425.810825,10,1,6,0.068941,5
League_of_Nations,League_of_Nations,,60,77,137,60,77,137,7,0.360837,0.392874,18597.268678,10,1,6,0.119697,7
List_of_countries_by_system_of_government,List_of_countries_by_system_of_government,,246,207,453,246,207,453,6,0.376591,0.420301,93740.075543,5,1,6,0.108011,7
Nationality,Nationality,,27,16,43,27,16,43,7,0.314142,0.335506,1397.902659,9,1,6,0.082321,7
Parliamentary_system,Parliamentary_system,,60,75,135,60,75,135,7,0.348132,0.379533,24457.684609,10,1,6,0.115059,7
Police,Police,,35,62,97,35,62,97,6,0.350298,0.380945,8104.689919,10,1,6,0.08625,7
Russia,Russia,,520,105,625,520,105,625,6,0.364175,0.39836,200388.860591,10,1,6,0.037455,5
Stockholm,Stockholm,,43,20,63,43,20,63,7,0.315094,0.337373,6201.128745,10,1,6,0.075188,5
Sweden,Sweden,,293,96,389,293,96,389,7,0.360484,0.39363,117059.260085,10,1,6,0.04214,5
Time_zone,Time_zone,,351,39,390,351,39,390,6,0.347327,0.372755,56940.459768,5,1,6,0.065219,12
Tourism,Tourism,,147,63,210,147,63,210,6,0.35552,0.384517,62354.331931,5,1,6,0.043325,10
United_Kingdom,United_Kingdom,,972,168,1140,972,168,1140,7,0.383611,0.42358,893154.350053,0,1,6,0.020896,5
World_War_II,World_War_II,,751,119,870,751,119,870,6,0.361577,0.397829,326618.235435,10,1,6,0.024566,0
%C3%89douard_Manet,%C3%89douard_Manet,,0,20,20,0,20,20,7,0.315221,0.335831,0,4,1,9,0.168421,11
Absinthe,Absinthe,,6,36,42,6,36,42,6,0.337271,0.36221,5463.207684,11,1,6,0.131579,4
Beer,Beer,,50,53,103,50,53,103,7,0.349392,0.377938,22871.447578,11,1,6,0.061276,4
Claude_Monet,Claude_Monet,,12,12,24,12,12,24,7,0.311224,0.330061,541.219668,4,1,6,0.187747,11
Diego_Vel%C3%A1zquez,Diego_Vel%C3%A1zquez,,9,37,46,9,37,46,7,0.324918,0.349811,1436.773931,4,1,6,0.130122,11
Edgar_Allan_Poe,Edgar_Allan_Poe,,19,50,69,19,50,69,6,0.349182,0.376949,13506.293394,9,1,6,0.084375,11
France,France,,959,85,1044,959,85,1044,6,0.359557,0.391811,252912.128959,0,1,6,0.025133,5
Francisco_Goya,Francisco_Goya,,7,12,19,7,12,19,7,0.297258,0.314715,381.404135,4,1,6,0.127451,11
Germany,Germany,,743,169,912,743,169,912,6,0.380586,0.42072,408991.425363,10,1,6,0.028845,5
Impressionism,Impressionism,,23,20,43,23,20,43,7,0.31861,0.340282,3293.320063,4,1,6,0.144381,13
Italy,Italy,,550,85,635,550,85,635,7,0.35978,0.39289,149346.306319,10,1,6,0.034343,5
Landscape,Landscape,,13,5,18,13,5,18,7,0.300074,0.315985,1020.170424,7,1,6,0.058824,5
Netherlands,Netherlands,,342,116,458,342,116,458,6,0.36952,0.404843,132776.073197,10,1,6,0.057123,5
Painting,Painting,,40,73,113,40,73,113,7,0.346674,0.376439,20737.541724,4,1,6,0.069307,13
Paris,Paris,,308,112,420,308,112,420,6,0.370397,0.406397,163818.375654,4,1,6,0.03926,5
Photography,Photography,,40,9,49,40,9,49,7,0.308031,0.326351,6276.081573,4,1,6,0.042996,4
Raphael,Raphael,,28,24,52,28,24,52,7,0.316521,0.337371,7540.639842,4,1,6,0.119334,11
Renaissance,Renaissance,,122,63,185,122,63,185,7,0.335791,0.36418,38857.418571,4,1,6,0.066887,0
United_States_dollar,United_States_dollar,,182,42,224,182,42,224,7,0.330561,0.355791,42532.602286,3,1,6,0.025833,10
Washington%2C_D.C.,Washington%2C_D.C.,,171,69,240,171,69,240,6,0.349633,0.380238,51956.551173,3,1,6,0.046273,5
%C3%89ire,%C3%89ire,,0,8,8,0,8,8,7,0.300593,0.31759,0,0,1,10,0.553571,5
Canada,Canada,,571,63,634,571,63,634,7,0.345875,0.37492,195272.815533,3,1,6,0.021968,5
English_language,English_language,,598,118,716,598,118,716,6,0.364045,0.398948,295883.916826,5,1,6,0.026144,3
George_VI_of_the_United_Kingdom,George_VI_of_the_United_Kingdom,,23,39,62,23,39,62,6,0.341908,0.368693,3667.03844,0,1,6,0.157112,11
Northern_Ireland,Northern_Ireland,,84,46,130,84,46,130,7,0.336935,0.364835,17196.119637,0,1,6,0.090646,5
Ottawa,Ottawa,,31,32,63,31,32,63,7,0.324061,0.347776,4452.126821,3,1,6,0.094156,5
Republic_of_Ireland,Republic_of_Ireland,,128,54,182,128,54,182,6,0.352399,0.380747,44157.527485,0,1,6,0.093426,5
%C3%93engus_I_of_the_Picts,%C3%93engus_I_of_the_Picts,,0,10,10,0,10,10,7,0.295188,0.312344,0,0,1,11,0.333333,11
Durham,Durham,,10,15,25,10,15,25,7,0.314117,0.335973,666.5424,0,1,6,0.175325,5
England,England,,751,172,923,751,172,923,7,0.375858,0.417368,682814.430401,0,1,6,0.017194,5
Lion,Lion,,60,41,101,60,41,101,7,0.333772,0.360375,37381.778208,2,1,6,0.086813,12
Mercia,Mercia,,20,17,37,20,17,37,7,0.306587,0.325709,4380.189757,0,1,6,0.143145,0
Viking,Viking,,78,62,140,78,62,140,7,0.346466,0.376353,28753.283,0,1,6,0.09986,0
York,York,,35,16,51,35,16,51,7,0.314385,0.334748,4307.579228,0,1,6,0.05984,5
%E2%82%AC2_commemorative_coins,%E2%82%AC2_commemorative_coins,,0,47,47,0,47,47,7,0.344137,0.371563,0,10,1,13,0.182701,10
Athens,Athens,,85,85,170,85,85,170,6,0.352369,0.384373,38374.867222,1,1,6,0.10365,5
Atlantic_Ocean,Atlantic_Ocean,,250,125,375,250,125,375,6,0.368244,0.403515,178839.994419,3,1,6,0.040806,5
Austria,Austria,,232,48,280,232,48,280,7,0.33358,0.361506,43673.016916,10,1,6,0.055857,5
Belgium,Belgium,,230,61,291,230,61,291,7,0.341648,0.371531,70904.438989,10,1,6,0.062636,5
Berlin,Berlin,,138,79,217,138,79,217,7,0.358539,0.39044,38554.194701,10,1,6,0.071866,5
Brussels,Brussels,,66,43,109,66,43,109,7,0.34162,0.368379,17940.940242,10,1,6,0.090229,5
Cathedral_of_Magdeburg,Cathedral_of_Magdeburg,,1,21,22,1,21,22,7,0.313854,0.335315,14.697212,10,1,12,0.205628,8
Cereal,Cereal,,65,38,103,65,38,103,7,0.352093,0.378892,18810.563555,11,1,6,0.076087,12
Christopher_Columbus,Christopher_Columbus,,68,41,109,68,41,109,7,0.33902,0.364737,11708.541947,6,1,6,0.084894,11
Cologne,Cologne,,47,57,104,47,57,104,6,0.350844,0.380312,5988.810306,10,1,6,0.152559,5
Comet,Comet,,45,40,85,45,40,85,7,0.33295,0.357647,27098.542594,7,1,6,0.119863,12
Dresden,Dresden,,26,39,65,26,39,65,6,0.340243,0.367238,3532.216834,10,1,6,0.139141,5
Galileo_Galilei,Galileo_Galilei,,45,48,93,45,48,93,7,0.329969,0.355045,16730.550936,7,1,6,0.111389,11
Greece,Greece,,246,114,360,246,114,360,6,0.364765,0.400255,89925.372536,1,1,6,0.071,5
Hamburg,Hamburg,,39,60,99,39,60,99,6,0.350631,0.380817,8003.43703,10,1,6,0.132719,5
Harold_Macmillan,Harold_Macmillan,,17,35,52,17,35,52,7,0.334516,0.360219,1964.296706,0,1,6,0.207087,11
Heraldry,Heraldry,,42,9,51,42,9,51,7,0.293088,0.309653,2538.860072,0,1,6,0.091429,4
History,History,,75,18,93,75,18,93,7,0.312158,0.332903,6255.586013,9,1,6,0.044018,0
Luxembourg,Luxembourg,,86,38,124,86,38,124,7,0.33295,0.359014,4382.08412,10,1,6,0.159786,5
Maize,Maize,,73,49,122,73,49,122,7,0.345963,0.374668,26349.223328,11,1,6,0.078232,12
Miguel_de_Cervantes,Miguel_de_Cervantes,,14,12,26,14,12,26,7,0.303307,0.321133,859.219392,0,1,6,0.124506,11
Monaco,Monaco,,52,26,78,52,26,78,7,0.318886,0.34133,2837.518427,10,1,6,0.245501,5
Munich,Munich,,71,55,126,71,55,126,6,0.346822,0.375707,21860.784807,10,1,6,0.066831,5
Numismatics,Numismatics,,7,14,21,7,14,21,7,0.32213,0.343225,477.632065,7,1,6,0.238562,10
Nutrition,Nutrition,,17,51,68,17,51,68,7,0.327464,0.353475,7928.870333,11,1,6,0.083829,12
Pope_John_Paul_II,Pope_John_Paul_II,,50,114,164,50,114,164,7,0.365851,0.401947,33552.95618,10,1,6,0.100096,11
Portugal,Portugal,,324,52,376,324,52,376,7,0.341045,0.370154,59232.16197,5,1,6,0.060929,5
Rice,Rice,,60,99,159,60,99,159,7,0.36058,0.395104,32470.467757,11,1,6,0.080715,4
San_Marino,San_Marino,,33,101,134,33,101,134,7,0.350722,0.385325,5939.556462,10,1,6,0.247506,5
Sanssouci,Sanssouci,,3,24,27,3,24,27,7,0.32254,0.344864,172.504465,10,1,6,0.133333,8
Soviet_Union,Soviet_Union,,342,65,407,342,65,407,6,0.349483,0.379654,73389.542123,10,1,6,0.046387,0
Spain,Spain,,539,89,628,539,89,628,7,0.360324,0.394078,132033.756955,6,1,6,0.038878,5
Suffrage,Suffrage,,31,17,48,31,17,48,7,0.319615,0.341102,2543.242671,9,1,6,0.097132,7
Turin,Turin,,23,48,71,23,48,71,6,0.342833,0.370996,4660.378394,1,1,6,0.119712,5
United_Nations,United_Nations,,331,113,444,331,113,444,6,0.369891,0.404851,127769.63946,5,1,6,0.067582,7
United_States,United_States,,1551,294,1845,1551,294,1845,6,0.402342,0.451591,1982737.266721,3,1,6,0.013623,5
Vatican_City,Vatican_City,,67,33,100,67,33,100,7,0.320398,0.344839,7041.235849,10,1,6,0.191777,5
Wheat,Wheat,,59,31,90,59,31,90,7,0.336543,0.362379,9489.189343,11,1,6,0.089715,4
Zeus,Zeus,,43,29,72,43,29,72,7,0.316645,0.337449,14658.020658,1,1,6,0.081421,14
10th_century,10th_century,,65,26,91,65,26,91,7,0.323931,0.347635,11150.328147,0,1,6,0.114006,0
11th_century,11th_century,,57,48,105,57,48,105,7,0.336125,0.363152,13304.547085,0,1,6,0.124355,0
9th_century,9th_century,,72,45,117,72,45,117,7,0.336571,0.362634,13537.255378,0,1,6,0.109014,0
Algeria,Algeria,,101,54,155,101,54,155,7,0.343239,0.371434,16823.482225,5,1,6,0.153424,9
Black_Sea,Black_Sea,,76,24,100,76,24,100,7,0.315315,0.336578,7242.470637,1,1,6,0.101119,5
Byzantine_Empire,Byzantine_Empire,,131,79,210,131,79,210,7,0.337299,0.369377,40642.935184,1,1,6,0.095448,0
Dark_Ages,Dark_Ages,,25,24,49,25,24,49,7,0.329835,0.35353,2552.83357,0,1,6,0.152525,0
Dublin,Dublin,,68,43,111,68,43,111,6,0.345963,0.373027,21402.46704,0,1,6,0.076067,5
Great_Moravia,Great_Moravia,,7,21,28,7,21,28,7,0.300786,0.320421,1107.291659,10,1,6,0.367589,0
India,India,,611,81,692,611,81,692,7,0.358001,0.389852,237197.568915,8,1,6,0.030207,9
Khazars,Khazars,,18,57,75,18,57,75,7,0.327675,0.354852,15913.235531,1,1,6,0.166277,5
Maya_civilization,Maya_civilization,,32,42,74,32,42,74,7,0.332977,0.358661,14747.380668,6,1,6,0.083673,0
Mexico,Mexico,,274,67,341,274,67,341,7,0.354526,0.384183,80153.54501,6,1,6,0.039522,5
Myanmar,Myanmar,,104,46,150,104,46,150,7,0.346437,0.373411,17964.950762,8,1,6,0.124486,9
Philippines,Philippines,,173,48,221,173,48,221,7,0.339987,0.366836,39136.034632,8,1,6,0.060704,9
Poland,Poland,,288,61,349,288,61,349,6,0.349122,0.378577,55790.668058,10,1,6,0.061882,5
Solar_System,Solar_System,,99,58,157,99,58,157,7,0.324398,0.349848,55211.956824,7,1,6,0.099302,12
Time,Time,,45,42,87,45,42,87,7,0.326068,0.350853,16990.021565,7,1,6,0.079459,12
12th_century,12th_century,,85,45,130,85,45,130,7,0.338172,0.364793,28376.890243,0,1,6,0.077059,0
13th_century,13th_century,,84,34,118,84,34,118,7,0.321593,0.345916,17087.439885,0,1,6,0.081621,0
14th_century,14th_century,,71,31,102,71,31,102,7,0.325205,0.348923,10732.303954,0,1,6,0.105823,0
15th_century,15th_century,,100,57,157,100,57,157,7,0.340101,0.368694,37054.202428,0,1,6,0.080265,0
16th_century,16th_century,,125,91,216,125,91,216,7,0.35927,0.391866,73629.919937,0,1,6,0.059694,0
17th_century,17th_century,,127,87,214,127,87,214,7,0.35838,0.391051,57972.338397,0,1,6,0.058028,0
18th_century,18th_century,,172,95,267,172,95,267,6,0.365324,0.398878,121293.901863,0,1,6,0.042439,0
19th_century,19th_century,,286,167,453,286,167,453,6,0.385105,0.424708,312377.65839,9,1,6,0.030941,0
1st_century,1st_century,,46,37,83,46,37,83,7,0.32633,0.350352,6509.59772,0,1,6,0.153026,0
1st_century_BC,1st_century_BC,,36,32,68,36,32,68,7,0.321058,0.344434,3963.213382,1,1,6,0.212941,0
21st_century,21st_century,,34,155,189,34,155,189,6,0.389995,0.427553,102563.627875,13,1,6,0.082399,0
2nd_century,2nd_century,,31,28,59,31,28,59,7,0.325361,0.348757,8328.601333,0,1,6,0.260743,0
3rd_century,3rd_century,,32,33,65,32,33,65,7,0.328845,0.35324,3172.87901,0,1,6,0.234968,0
4th_century,4th_century,,48,31,79,48,31,79,7,0.327252,0.351265,5102.424389,0,1,6,0.172881,0
5th_century,5th_century,,54,36,90,54,36,90,7,0.336487,0.362585,6139.292903,0,1,6,0.162167,0
6th_century,6th_century,,44,44,88,44,44,88,7,0.334682,0.361286,6116.235232,0,1,6,0.170105,0
7th_century,7th_century,,63,41,104,63,41,104,7,0.334323,0.360065,17047.404164,0,1,6,0.138167,0
8th_century,8th_century,,52,45,97,52,45,97,7,0.340243,0.36669,10336.662693,0,1,6,0.131066,0
Battle_of_Hastings,Battle_of_Hastings,,15,12,27,15,12,27,7,0.297105,0.315035,523.739006,0,1,6,0.175889,0
Canute_the_Great,Canute_the_Great,,18,23,41,18,23,41,7,0.312905,0.334592,6911.068652,0,1,6,0.148841,11
China,China,,496,90,586,496,90,586,7,0.363555,0.396648,216126.006084,8,1,6,0.027281,9
Crusades,Crusades,,37,51,88,37,51,88,7,0.332023,0.359674,19155.716501,1,1,6,0.129357,14
Domesday_Book,Domesday_Book,,20,16,36,20,16,36,7,0.307261,0.326879,1359.669837,0,1,6,0.126882,0
East-West_Schism,East-West_Schism,,10,23,33,10,23,33,7,0.311583,0.333544,474.604625,1,1,6,0.267806,14
Edward_the_Confessor,Edward_the_Confessor,,25,18,43,25,18,43,8,0.300809,0.320179,1583.295649,0,1,6,0.163664,11
First_Crusade,First_Crusade,,18,29,47,18,29,47,7,0.310295,0.333043,3123.553026,1,1,6,0.164414,14
Ghana,Ghana,,85,24,109,85,24,109,6,0.334378,0.358009,6352.51551,5,1,6,0.19251,9
Jerusalem,Jerusalem,,86,40,126,86,40,126,7,0.326146,0.351267,25165.488069,1,1,6,0.081732,5
Leif_Ericson,Leif_Ericson,,3,15,18,3,15,18,7,0.318886,0.33925,213.135424,3,1,6,0.30719,11
Macbeth_of_Scotland,Macbeth_of_Scotland,,8,13,21,8,13,21,7,0.293811,0.311263,359.870008,0,1,6,0.209559,11
Mauritania,Mauritania,,68,27,95,68,27,95,7,0.323002,0.34665,1760.366268,5,1,6,0.311053,9
Nigeria,Nigeria,,106,67,173,106,67,173,7,0.356396,0.385946,24141.879614,5,1,6,0.119374,9
Norman_conquest_of_England,Norman_conquest_of_England,,8,24,32,8,24,32,7,0.317165,0.339706,664.162409,0,1,6,0.193122,0
North_America,North_America,,410,77,487,410,77,487,7,0.349603,0.379977,128923.740953,2,1,6,0.025007,5
Novel,Novel,,77,55,132,77,55,132,7,0.332105,0.359806,28704.310465,0,1,6,0.042316,3
William_I_of_England,William_I_of_England,,31,19,50,31,19,50,7,0.306055,0.326797,5568.8319,0,1,6,0.170513,11
Angkor_Wat,Angkor_Wat,,5,20,25,5,20,25,7,0.308947,0.32837,659.967659,8,1,6,0.156126,8
Croatia,Croatia,,93,126,219,93,126,219,7,0.351513,0.388442,12687.477538,10,1,6,0.165009,5
Francis_of_Assisi,Francis_of_Assisi,,9,17,26,9,17,26,7,0.304858,0.324283,11056.224425,0,1,6,0.120553,11
Frederick_II%2C_Holy_Roman_Emperor,Frederick_II%2C_Holy_Roman_Emperor,,10,23,33,10,23,33,7,0.308994,0.32971,727.798317,1,1,6,0.11828,11
Genghis_Khan,Genghis_Khan,,25,58,83,25,58,83,7,0.332677,0.360182,4051.426333,8,1,6,0.144597,11
Henry_II_of_England,Henry_II_of_England,,32,16,48,32,16,48,7,0.297716,0.315991,2454.671043,0,1,6,0.129501,11
Hungary,Hungary,,172,49,221,172,49,221,7,0.33235,0.360098,39151.127279,10,1,6,0.090699,5
Iceland,Iceland,,131,43,174,131,43,174,7,0.339844,0.366334,52113.63855,10,1,6,0.086945,5
Iran,Iran,,223,108,331,223,108,331,6,0.372166,0.406475,86172.125587,1,1,6,0.072378,5
Mongol_Empire,Mongol_Empire,,27,30,57,27,30,57,7,0.320449,0.343692,1764.373417,1,1,6,0.15404,0
Richard_I_of_England,Richard_I_of_England,,19,25,44,19,25,44,7,0.315757,0.339698,2067.05005,0,1,6,0.121622,11
Saladin,Saladin,,17,18,35,17,18,35,7,0.302673,0.322532,799.326318,1,1,6,0.136559,11
Second_Crusade,Second_Crusade,,9,26,35,9,26,35,7,0.309513,0.330376,1193.737728,1,1,6,0.216931,14
Serbia,Serbia,,85,129,214,85,129,214,7,0.352767,0.39,13972.327797,10,1,6,0.165504,5
The_Anarchy,The_Anarchy,,9,10,19,9,10,19,8,0.287824,0.305336,7036.271215,0,1,6,0.233333,0
Thomas_Becket,Thomas_Becket,,14,12,26,14,12,26,7,0.297062,0.314669,474.653686,0,1,6,0.130952,11
Angola,Angola,,80,21,101,80,21,101,7,0.310532,0.332672,1928.427361,5,1,6,0.177222,9
Arabic_language,Arabic_language,,197,57,254,197,57,254,7,0.325596,0.352729,37936.286358,1,1,6,0.065223,3
Asia,Asia,,357,137,494,357,137,494,7,0.361803,0.399296,183924.152757,2,1,6,0.035428,5
Bantu,Bantu,,29,13,42,29,13,42,7,0.301929,0.320864,1303.760093,5,1,6,0.195946,5
Buddhism,Buddhism,,144,50,194,144,50,194,7,0.325622,0.351649,55733.516627,8,1,6,0.070161,14
Cambodia,Cambodia,,85,37,122,85,37,122,7,0.331561,0.357629,13688.596922,8,1,6,0.13719,9
Dante_Alighieri,Dante_Alighieri,,40,15,55,40,15,55,7,0.310057,0.329358,2670.718615,0,1,6,0.102941,11
Europe,Europe,,933,159,1092,933,159,1092,7,0.377503,0.417676,568787.715582,2,1,6,0.02064,5
Holy_Roman_Empire,Holy_Roman_Empire,,97,44,141,97,44,141,7,0.319515,0.34527,22240.264594,0,1,6,0.111774,0
Islam,Islam,,295,90,385,295,90,385,7,0.36177,0.394333,131608.495592,1,1,6,0.059558,14
John_of_England,John_of_England,,23,29,52,23,29,52,7,0.317861,0.34015,6784.095377,0,1,6,0.108879,11
Laos,Laos,,65,31,96,65,31,96,7,0.324996,0.349427,4657.213734,8,1,6,0.177998,9
Magna_Carta,Magna_Carta,,30,40,70,30,40,70,7,0.322899,0.348526,10505.514993,0,1,6,0.106822,0
Malaysia,Malaysia,,146,56,202,146,56,202,7,0.355085,0.383426,44605.494558,8,1,6,0.090237,9
Marco_Polo,Marco_Polo,,21,23,44,21,23,44,7,0.313607,0.335334,2419.769591,8,1,6,0.089069,11
Norway,Norway,,218,62,280,218,62,280,7,0.350692,0.381102,54166.390892,10,1,6,0.055092,5
Thailand,Thailand,,149,33,182,149,33,182,7,0.330858,0.355676,25404.371789,8,1,6,0.079591,9
Thomas_Aquinas,Thomas_Aquinas,,25,23,48,25,23,48,7,0.308125,0.327313,4025.890036,9,1,6,0.103659,11
Abacus,Abacus,,9,9,18,9,9,18,7,0.300319,0.319478,1587.578115,9,1,6,0.139706,6
Aztec,Aztec,,38,18,56,38,18,56,7,0.307587,0.32601,5834.699551,6,1,6,0.064141,0
Black_Death,Black_Death,,48,61,109,48,61,109,7,0.351422,0.38185,23506.046429,0,1,6,0.08256,0
Buddha,Buddha,,46,10,56,46,10,56,7,0.290797,0.306986,1469.341019,8,1,6,0.111756,11
Christianity,Christianity,,343,49,392,343,49,392,7,0.325675,0.352924,66412.259372,1,1,6,0.040775,14
Edward_III_of_England,Edward_III_of_England,,37,31,68,37,31,68,7,0.314483,0.337694,3612.321051,0,1,6,0.129293,0
English_peasants%27_revolt_of_1381,English_peasants%27_revolt_of_1381,,6,10,16,6,10,16,7,0.294024,0.311555,151.91461,0,1,6,0.309091,0
Hundred_Years%27_War,Hundred_Years%27_War,,22,39,61,22,39,61,7,0.321848,0.346967,8086.345239,0,1,6,0.104706,0
Ibn_Battuta,Ibn_Battuta,,8,40,48,8,40,48,7,0.323337,0.349082,768.1741,1,1,6,0.121564,11
Lithuania,Lithuania,,98,37,135,98,37,135,7,0.335318,0.361325,5478.948039,10,1,6,0.188406,5
Ming_Dynasty,Ming_Dynasty,,34,19,53,34,19,53,7,0.316151,0.335926,2732.746843,8,1,6,0.136364,0
Niger,Niger,,65,44,109,65,44,109,7,0.338878,0.365904,4578.527708,5,1,6,0.260238,9
Ottoman_Empire,Ottoman_Empire,,164,84,248,164,84,248,7,0.346466,0.379511,37775.272374,1,1,6,0.088549,0
Pope,Pope,,92,31,123,92,31,123,7,0.31529,0.338884,8108.125408,0,1,6,0.084641,14
Singapore,Singapore,,116,62,178,116,62,178,7,0.346911,0.376587,21665.882589,8,1,6,0.095541,9
Timur,Timur,,19,43,62,19,43,62,7,0.32633,0.350706,2875.21762,1,1,6,0.147678,11
15th_Marine_Expeditionary_Unit,15th_Marine_Expeditionary_Unit,,1,24,25,1,24,25,7,0.327015,0.350479,40.141849,5,1,6,0.235507,0
2004_Indian_Ocean_earthquake,2004_Indian_Ocean_earthquake,,28,70,98,28,70,98,7,0.356709,0.388485,15774.789942,8,1,6,0.109065,5
Afghanistan,Afghanistan,,143,66,209,143,66,209,6,0.350996,0.380961,44109.090574,8,1,6,0.082504,9
Australia,Australia,,563,86,649,563,86,649,6,0.359493,0.391469,263974.55967,12,1,6,0.021702,5
California,California,,251,39,290,251,39,290,7,0.337468,0.361415,105608.490068,3,1,6,0.021599,5
East_Timor,East_Timor,,42,44,86,42,44,86,7,0.338878,0.366034,4890.702275,5,1,6,0.182648,9
Famine,Famine,,42,63,105,42,63,105,6,0.35465,0.383876,15510.119991,5,1,6,0.114306,5
Indian_Ocean,Indian_Ocean,,119,75,194,119,75,194,7,0.358096,0.389046,44785.5309,5,1,6,0.090956,5
Indonesia,Indonesia,,202,57,259,202,57,259,7,0.35366,0.381769,52443.009883,8,1,6,0.068867,9
Iraq,Iraq,,159,51,210,159,51,210,7,0.340129,0.367864,24016.068267,1,1,6,0.092706,5
Kuwait,Kuwait,,72,26,98,72,26,98,7,0.331751,0.354936,3086.126306,5,1,6,0.187053,5
Kuwait_City,Kuwait_City,,6,7,13,6,7,13,7,0.280554,0.296057,72.26738,1,1,6,0.25,5
Mogadishu,Mogadishu,,7,32,39,7,32,39,7,0.327622,0.352531,1146.73433,5,1,6,0.256757,5
Mount_Pinatubo,Mount_Pinatubo,,7,34,41,7,34,41,7,0.328872,0.352307,4390.846541,7,1,6,0.088905,5
Pakistan,Pakistan,,189,47,236,189,47,236,7,0.337383,0.364733,53000.204788,8,1,6,0.073323,9
Persian_Gulf,Persian_Gulf,,53,16,69,53,16,69,7,0.309797,0.329192,1496.781833,1,1,6,0.13384,5
Royal_Marines,Royal_Marines,,9,44,53,9,44,53,6,0.344143,0.371777,8173.34131,0,1,6,0.129677,0
Rwanda,Rwanda,,67,124,191,67,124,191,7,0.347834,0.384093,12793.443844,5,1,6,0.191656,9
Somalia,Somalia,,87,137,224,87,137,224,7,0.358476,0.395377,19160.661323,5,1,6,0.154567,9
Sri_Lanka,Sri_Lanka,,116,60,176,116,60,176,7,0.348342,0.377029,36560.852965,8,1,6,0.091374,9
Sumatra,Sumatra,,37,18,55,37,18,55,7,0.31211,0.332629,3467.583451,8,1,6,0.117772,5
Uganda,Uganda,,81,160,241,81,160,241,7,0.365258,0.403937,24324.34479,5,1,6,0.140029,9
Art,Art,,111,65,176,111,65,176,7,0.346733,0.375615,51441.136225,4,1,6,0.045268,13
Baghdad,Baghdad,,56,32,88,56,32,88,6,0.333827,0.358313,6656.129791,1,1,6,0.098772,5
Battle_of_Grunwald,Battle_of_Grunwald,,3,23,26,3,23,26,7,0.313074,0.335111,197.330246,10,1,6,0.26,0
Beijing,Beijing,,89,101,190,89,101,190,6,0.363131,0.396732,37797.105021,8,1,6,0.113759,5
Henry_VII_of_England,Henry_VII_of_England,,30,22,52,30,22,52,7,0.307541,0.32786,1962.132829,0,1,6,0.182317,11
Henry_V_of_England,Henry_V_of_England,,20,16,36,20,16,36,7,0.299409,0.318335,715.034702,0,1,6,0.186207,11
Inca_Empire,Inca_Empire,,30,19,49,30,19,49,7,0.312857,0.332547,2575.414154,6,1,6,0.106852,0
Jew,Jew,,268,86,354,268,86,354,7,0.361835,0.395172,66399.29336,1,1,6,0.055411,5
Joan_of_Arc,Joan_of_Arc,,7,23,30,7,23,30,7,0.315413,0.336849,6020.225382,0,1,6,0.112536,11
Johannes_Ockeghem,Johannes_Ockeghem,,2,5,7,2,5,7,7,0.286765,0.302154,92.75534,0,1,6,0.428571,11
Korea,Korea,,77,29,106,77,29,106,7,0.327569,0.352147,6379.190182,8,1,6,0.093092,9
Leonardo_da_Vinci,Leonardo_da_Vinci,,34,47,81,34,47,81,7,0.347178,0.373204,16108.349056,4,1,6,0.071401,11
Philosophy,Philosophy,,190,87,277,190,87,277,7,0.355022,0.387085,88356.474612,9,1,6,0.045379,14
Plato,Plato,,76,44,120,76,44,120,7,0.33148,0.35701,19108.296947,9,1,6,0.075195,11
Richard_III_of_England,Richard_III_of_England,,15,27,42,15,27,42,7,0.310556,0.332471,3919.493132,0,1,6,0.15625,11
Spanish_Inquisition,Spanish_Inquisition,,19,35,54,19,35,54,7,0.3251,0.349902,5995.007156,9,1,6,0.177551,14
Vasco_da_Gama,Vasco_da_Gama,,21,18,39,21,18,39,7,0.31588,0.337886,951.865818,5,1,6,0.16572,11
Wars_of_the_Roses,Wars_of_the_Roses,,17,29,46,17,29,46,7,0.311798,0.33393,5551.848499,0,1,6,0.202564,0
Zheng_He,Zheng_He,,8,39,47,8,39,47,7,0.340815,0.367245,1342.664567,8,1,6,0.182171,11
16_Cygni,16_Cygni,,2,8,10,2,8,10,8,0.273974,0.287954,4583.465648,7,1,6,0.416667,12
16_Cygni_Bb,16_Cygni_Bb,,1,12,13,1,12,13,7,0.297847,0.314944,97.479382,7,1,6,0.477273,12
Binary_star,Binary_star,,18,26,44,18,26,44,7,0.3089,0.32923,3036.013045,7,1,6,0.146154,12
Day,Day,,75,19,94,75,19,94,7,0.333059,0.354983,21198.936492,7,1,6,0.053512,4
Extrasolar_planet,Extrasolar_planet,,39,22,61,39,22,61,7,0.301951,0.319988,35018.69456,7,1,6,0.1642,12
Jupiter,Jupiter,,59,52,111,59,52,111,7,0.323802,0.348905,19571.096057,7,1,6,0.10972,12
Red_dwarf,Red_dwarf,,18,11,29,18,11,29,7,0.292391,0.308843,383.676718,7,1,6,0.269231,12
Sun,Sun,,183,74,257,183,74,257,7,0.351178,0.380655,105638.889661,7,1,6,0.053196,12
Earth,Earth,,269,118,387,269,118,387,6,0.372302,0.407951,291857.382612,7,1,6,0.038343,12
Planet,Planet,,76,45,121,76,45,121,7,0.321797,0.345534,73025.935368,7,1,6,0.104834,12
Season,Season,,27,30,57,27,30,57,6,0.336041,0.358983,11508.396036,7,1,6,0.116327,4
Star,Star,,97,68,165,97,68,165,7,0.322617,0.348475,58047.384569,7,1,6,0.080229,12
Water,Water,,191,131,322,191,131,322,6,0.377573,0.413744,182129.596494,7,1,6,0.039073,5
Akbar,Akbar,,11,16,27,11,16,27,7,0.297694,0.315934,2477.421785,8,1,6,0.15415,11
Amazon_River,Amazon_River,,20,31,51,20,31,51,7,0.330211,0.355551,2096.599178,6,1,6,0.174419,5
Amsterdam,Amsterdam,,63,38,101,63,38,101,7,0.33632,0.363458,8535.529054,0,1,6,0.10437,5
Anglicanism,Anglicanism,,39,55,94,39,55,94,7,0.335791,0.363002,24151.980935,0,1,6,0.116491,14
Babur,Babur,,11,15,26,11,15,26,7,0.302605,0.321431,383.567182,8,1,6,0.223684,11
Brazil,Brazil,,261,80,341,261,80,341,7,0.351788,0.383948,63303.001128,6,1,6,0.049331,9
British_East_India_Company,British_East_India_Company,,45,37,82,45,37,82,7,0.335208,0.360677,6710.847853,8,1,6,0.104505,10
Charles_V%2C_Holy_Roman_Emperor,Charles_V%2C_Holy_Roman_Emperor,,43,26,69,43,26,69,7,0.312303,0.334728,13703.903894,0,1,6,0.100121,11
Edward_VI_of_England,Edward_VI_of_England,,21,34,55,21,34,55,7,0.338426,0.362874,3001.400558,0,1,6,0.173232,0
Egypt,Egypt,,362,70,432,362,70,432,7,0.353382,0.383952,83409.807937,1,1,6,0.046447,9
Elizabeth_I_of_England,Elizabeth_I_of_England,,63,54,117,63,54,117,7,0.342196,0.36946,16600.922053,0,1,6,0.103728,11
Ferdinand_Magellan,Ferdinand_Magellan,,15,35,50,15,35,50,7,0.330642,0.355234,5471.886706,6,1,6,0.126263,11
Florida,Florida,,156,65,221,156,65,221,6,0.352982,0.381907,78562.052034,3,1,6,0.037553,5
Francis_Drake,Francis_Drake,,10,20,30,10,20,30,7,0.308923,0.328672,1129.715205,0,1,6,0.133846,11
Grand_Canyon,Grand_Canyon,,16,18,34,16,18,34,7,0.322027,0.34237,5949.055935,3,1,6,0.135484,5
Heliocentrism,Heliocentrism,,17,42,59,17,42,59,7,0.331372,0.356665,4590.10496,7,1,6,0.170612,12
Henry_VIII_of_England,Henry_VIII_of_England,,74,50,124,74,50,124,7,0.335846,0.361863,19718.87325,0,1,6,0.098026,11
Hern%C3%A1n_Cort%C3%A9s,Hern%C3%A1n_Cort%C3%A9s,,16,14,30,16,14,30,7,0.29741,0.31571,721.065838,6,1,6,0.181667,11
Italian_Renaissance,Italian_Renaissance,,13,55,68,13,55,68,7,0.33358,0.361767,7982.645331,1,1,6,0.133385,13
Ivan_IV_of_Russia,Ivan_IV_of_Russia,,5,10,15,5,10,15,7,0.310556,0.329104,213.053393,10,1,6,0.242857,11
Jacques_Cartier,Jacques_Cartier,,4,8,12,4,8,12,7,0.300118,0.31722,211.011127,3,1,6,0.138889,11
Japan,Japan,,573,98,671,573,98,671,6,0.36711,0.400226,273379.576694,13,1,6,0.02803,9
John_Calvin,John_Calvin,,18,21,39,18,21,39,7,0.313753,0.334432,3318.05748,9,1,6,0.113636,11
Juan_Sebasti%C3%A1n_Elcano,Juan_Sebasti%C3%A1n_Elcano,,2,14,16,2,14,16,7,0.303648,0.321863,38.113502,6,1,6,0.252381,11
Martin_Luther,Martin_Luther,,38,22,60,38,22,60,7,0.320525,0.343254,3049.509254,0,1,6,0.139413,11
Mary_I_of_England,Mary_I_of_England,,24,33,57,24,33,57,7,0.320525,0.344031,1705.661476,0,1,6,0.181776,11
Mary_I_of_Scotland,Mary_I_of_Scotland,,16,34,50,16,34,50,7,0.321669,0.345063,1534.610611,0,1,6,0.162021,11
Mona_Lisa,Mona_Lisa,,10,41,51,10,41,51,7,0.335485,0.361847,11324.412151,4,1,6,0.128019,13
Nicolaus_Copernicus,Nicolaus_Copernicus,,21,45,66,21,45,66,7,0.334406,0.36071,6168.988656,7,1,6,0.124351,11
Opera,Opera,,83,37,120,83,37,120,7,0.316719,0.340247,52035.314241,4,1,6,0.051932,3
Pacific_Ocean,Pacific_Ocean,,185,87,272,185,87,272,6,0.365555,0.398286,88413.989992,6,1,6,0.050163,5
Philip_II_of_Spain,Philip_II_of_Spain,,26,27,53,26,27,53,7,0.315168,0.338229,2850.290766,0,1,6,0.156977,11
Polish-Lithuanian_Commonwealth,Polish-Lithuanian_Commonwealth,,32,74,106,32,74,106,6,0.35759,0.388485,19252.430617,10,1,6,0.118371,0
Roman_Catholic_Church,Roman_Catholic_Church,,248,55,303,248,55,303,7,0.340672,0.36971,90924.306162,0,1,6,0.034493,14
Science,Science,,135,40,175,135,40,175,7,0.335235,0.359499,47600.512337,9,1,6,0.050139,4
Spanish_Armada,Spanish_Armada,,26,24,50,26,24,50,7,0.319893,0.342362,2402.931549,0,1,6,0.17019,0
Spanish_conquest_of_the_Inca_Empire,Spanish_conquest_of_the_Inca_Empire,,3,20,23,3,20,23,7,0.31187,0.331277,234.732941,6,1,6,0.261905,0
Suleiman_the_Magnificent,Suleiman_the_Magnificent,,7,41,48,7,41,48,7,0.319867,0.345232,354.658719,1,1,6,0.21401,11
Textile,Textile,,52,5,57,52,5,57,7,0.287212,0.301489,1443.941748,7,1,6,0.044444,13
Thomas_More,Thomas_More,,16,35,51,16,35,51,7,0.324087,0.348636,4417.165869,0,1,6,0.128461,11
Watch,Watch,,11,17,28,11,17,28,7,0.321823,0.342818,2793.820867,13,1,6,0.103261,8
William_Shakespeare,William_Shakespeare,,144,16,160,144,16,160,7,0.307751,0.327254,23523.209094,0,1,6,0.036247,11
William_the_Silent,William_the_Silent,,4,18,22,4,18,22,7,0.306471,0.326814,99.302149,0,1,6,0.331579,11
1755_Lisbon_earthquake,1755_Lisbon_earthquake,,4,23,27,4,23,27,7,0.323828,0.346272,206.783291,9,1,6,0.146667,0
Barbados,Barbados,,63,49,112,63,49,112,7,0.350601,0.378275,12880.581961,5,1,6,0.096566,9
Earthquake,Earthquake,,87,20,107,87,20,107,7,0.326488,0.348041,16961.599419,7,1,6,0.043657,5
Geology,Geology,,78,33,111,78,33,111,7,0.324892,0.347571,25802.767528,7,1,6,0.058545,5
Gottfried_Leibniz,Gottfried_Leibniz,,35,92,127,35,92,127,7,0.352215,0.384888,28109.947955,9,1,6,0.077016,11
Immanuel_Kant,Immanuel_Kant,,43,30,73,43,30,73,7,0.319842,0.342776,8282.925515,9,1,6,0.115722,11
Jean-Jacques_Rousseau,Jean-Jacques_Rousseau,,34,30,64,34,30,64,7,0.320601,0.343155,3734.26281,9,1,6,0.132801,11
Lisbon,Lisbon,,35,63,98,35,63,98,6,0.362255,0.391058,15073.391686,1,1,6,0.10162,5
Martinique,Martinique,,42,18,60,42,18,60,7,0.321007,0.343571,1533.372796,5,1,6,0.189562,9
Morocco,Morocco,,142,68,210,142,68,210,7,0.353013,0.38336,22181.790876,5,1,6,0.125481,9
North_Africa,North_Africa,,102,33,135,102,33,135,7,0.333087,0.359218,11740.67826,1,1,6,0.097635,5
Peter_Paul_Rubens,Peter_Paul_Rubens,,27,12,39,27,12,39,7,0.303739,0.32239,1020.259314,4,1,6,0.113445,11
Ren%C3%A9_Descartes,Ren%C3%A9_Descartes,,32,36,68,32,36,68,7,0.327358,0.352258,6872.298812,9,1,6,0.116152,11
The_Holocaust,The_Holocaust,,66,77,143,66,77,143,7,0.347416,0.379948,25306.036968,10,1,6,0.12688,0
Tsunami,Tsunami,,42,57,99,42,57,99,7,0.343822,0.372437,17382.656213,7,1,6,0.08419,5
Voltaire,Voltaire,,41,27,68,41,27,68,7,0.318711,0.341577,4248.921908,9,1,6,0.082514,11
Armand_Jean_du_Plessis%2C_Cardinal_Richelieu,Armand_Jean_du_Plessis%2C_Cardinal_Richelieu,,2,26,28,2,26,28,7,0.322694,0.346477,575.240669,4,1,6,0.198413,11
Bacteria,Bacteria,,107,41,148,107,41,148,7,0.319893,0.343421,43479.239007,11,1,6,0.061577,12
Banknote,Banknote,,18,16,34,18,16,34,7,0.327358,0.349209,1218.384786,7,1,6,0.188424,10
Baruch_Spinoza,Baruch_Spinoza,,17,38,55,17,38,55,7,0.324684,0.34871,2217.809886,9,1,6,0.169133,11
Bible,Bible,,149,21,170,149,21,170,7,0.311367,0.332929,19117.889105,1,1,6,0.031526,14
Blaise_Pascal,Blaise_Pascal,,23,25,48,23,25,48,7,0.316052,0.337375,5309.402928,9,1,6,0.108014,11
Calculus,Calculus,,27,29,56,27,29,56,7,0.315094,0.336942,16567.453427,9,1,6,0.145411,6
Cape_Town,Cape_Town,,37,49,86,37,49,86,7,0.34263,0.370441,10577.323832,5,1,6,0.097544,5
Charles_II_of_England,Charles_II_of_England,,72,49,121,72,49,121,7,0.342891,0.370854,21568.731769,0,1,6,0.087855,11
Charles_I_of_England,Charles_I_of_England,,64,41,105,64,41,105,6,0.336851,0.362321,10228.642877,0,1,6,0.120513,11
Constitutional_monarchy,Constitutional_monarchy,,72,32,104,72,32,104,7,0.329647,0.354457,11997.558169,10,1,6,0.118851,7
Finance,Finance,,46,8,54,46,8,54,7,0.277405,0.29127,14080.575036,9,1,6,0.058673,10
Glorious_Revolution,Glorious_Revolution,,39,25,64,39,25,64,7,0.314996,0.336176,3282.810762,0,1,6,0.141558,0
Henry_Purcell,Henry_Purcell,,15,14,29,15,14,29,7,0.287253,0.303292,9095.435633,0,1,6,0.178571,11
Isaac_Newton,Isaac_Newton,,80,56,136,80,56,136,7,0.33744,0.363847,35690.513176,7,1,6,0.078022,11
James_II_of_England,James_II_of_England,,43,38,81,43,38,81,7,0.31861,0.342646,7147.083453,0,1,6,0.13214,11
James_I_of_England,James_I_of_England,,49,33,82,49,33,82,7,0.315954,0.338518,5813.648173,0,1,6,0.132867,11
Johann_Sebastian_Bach,Johann_Sebastian_Bach,,30,23,53,30,23,53,7,0.31841,0.339805,8719.713233,4,1,6,0.102525,11
Johannes_Kepler,Johannes_Kepler,,29,34,63,29,34,63,7,0.330993,0.3553,9142.305896,7,1,6,0.121961,11
John_Locke,John_Locke,,46,39,85,46,39,85,7,0.336991,0.362262,34174.774427,9,1,6,0.118286,11
John_Milton,John_Milton,,23,13,36,23,13,36,7,0.299919,0.318094,5131.364769,0,1,6,0.114583,11
Louis_XIV_of_France,Louis_XIV_of_France,,34,46,80,34,46,80,7,0.33993,0.368137,7668.141982,0,1,6,0.113078,11
Mary_II_of_England,Mary_II_of_England,,22,26,48,22,26,48,7,0.308571,0.330238,1513.703004,0,1,6,0.246088,11
Mississippi_River,Mississippi_River,,57,26,83,57,26,83,7,0.324113,0.347036,7801.14261,3,1,6,0.074245,5
New_York_City,New_York_City,,317,71,388,317,71,388,6,0.35602,0.387009,93180.530046,3,1,6,0.031026,5
New_Zealand,New_Zealand,,301,86,387,301,86,387,6,0.369722,0.401324,152676.354553,2,1,6,0.035595,5
Oliver_Cromwell,Oliver_Cromwell,,48,32,80,48,32,80,7,0.324814,0.348936,7374.590843,0,1,6,0.087387,11
Persian_Empire,Persian_Empire,,84,61,145,84,61,145,7,0.337833,0.367882,19417.724544,1,1,6,0.107776,0
Peter_I_of_Russia,Peter_I_of_Russia,,16,10,26,16,10,26,7,0.294879,0.312158,293.442692,10,1,6,0.235178,11
Philosophiae_Naturalis_Principia_Mathematica,Philosophiae_Naturalis_Principia_Mathematica,,8,17,25,8,17,25,8,0.297957,0.31623,1460.313247,7,1,6,0.184783,0
Qing_Dynasty,Qing_Dynasty,,39,27,66,39,27,66,7,0.321262,0.34304,3278.523513,8,1,6,0.135919,0
South_Africa,South_Africa,,311,101,412,311,101,412,7,0.364045,0.398272,138110.314451,5,1,6,0.040887,9
Speed_of_light,Speed_of_light,,38,43,81,38,43,81,7,0.339332,0.364646,21837.117092,7,1,6,0.116769,12
Taiwan,Taiwan,,93,34,127,93,34,127,7,0.329969,0.354652,10530.07778,8,1,6,0.078315,9
Tea,Tea,,49,72,121,49,72,121,7,0.351696,0.382318,18109.143743,8,1,6,0.099982,4
Telescope,Telescope,,61,23,84,61,23,84,7,0.318036,0.339063,17966.000463,7,1,6,0.094561,8
Thomas_Hobbes,Thomas_Hobbes,,30,26,56,30,26,56,7,0.321593,0.343889,7703.244855,9,1,6,0.113061,11
William_Harvey,William_Harvey,,7,7,14,7,7,14,7,0.295697,0.31233,1516.757432,0,1,6,0.153846,11
William_III_of_England,William_III_of_England,,42,39,81,42,39,81,7,0.325309,0.349879,7218.311384,0,1,6,0.141408,11
1896_Summer_Olympics,1896_Summer_Olympics,,2,27,29,2,27,29,7,0.329433,0.353789,35.919181,1,1,6,0.307692,4
Athletics_%28track_and_field%29,Athletics_%28track_and_field%29,,25,7,32,25,7,32,7,0.289406,0.305825,361.153031,10,1,6,0.078629,4
British_Empire,British_Empire,,142,129,271,142,129,271,6,0.377397,0.414155,73378.119645,0,1,6,0.081508,0
Cricket,Cricket,,89,27,116,89,27,116,7,0.328845,0.352683,25911.102925,12,1,6,0.066468,4
Cyprus,Cyprus,,106,59,165,106,59,165,7,0.353013,0.382057,25859.80283,1,1,6,0.140296,5
Eastern_Orthodox_Church,Eastern_Orthodox_Church,,57,34,91,57,34,91,7,0.335041,0.361534,8653.76649,1,1,6,0.130864,14
Football_%28soccer%29,Football_%28soccer%29,,220,21,241,220,21,241,7,0.324372,0.346845,22571.264746,6,1,6,0.047356,4
Greek_War_of_Independence,Greek_War_of_Independence,,11,24,35,11,24,35,7,0.316743,0.339569,709.973859,1,1,6,0.255385,0
London,London,,587,102,689,587,102,689,7,0.360227,0.395852,309249.5638,0,1,6,0.018761,5
Olympic_Games,Olympic_Games,,80,116,196,80,116,196,6,0.371654,0.406981,68538.385242,10,1,6,0.092934,4
Roman_Empire,Roman_Empire,,228,53,281,228,53,281,6,0.338652,0.367218,48025.700659,1,1,6,0.059194,0
Slovakia,Slovakia,,86,34,120,86,34,120,7,0.320348,0.345495,5578.416467,10,1,6,0.189134,5
Sport,Sport,,63,15,78,63,15,78,7,0.32144,0.342864,5450.313581,3,1,6,0.067207,4
Switzerland,Switzerland,,249,45,294,249,45,294,6,0.341764,0.369244,40362.700203,10,1,6,0.053154,5
Adam_Smith,Adam_Smith,,38,27,65,38,27,65,7,0.317587,0.33983,5497.282141,9,1,6,0.138365,11
Alexander_Hamilton,Alexander_Hamilton,,23,23,46,23,23,46,7,0.317041,0.339354,1956.709361,3,1,6,0.154521,11
American_Revolutionary_War,American_Revolutionary_War,,49,28,77,49,28,77,7,0.330561,0.354488,9325.814864,3,1,6,0.105383,0
Anne_of_Great_Britain,Anne_of_Great_Britain,,29,32,61,29,32,61,7,0.317214,0.340323,12309.711869,0,1,6,0.203997,11
Antoine_Lavoisier,Antoine_Lavoisier,,17,26,43,17,26,43,7,0.323363,0.346629,3287.384602,7,1,6,0.09919,11
Antonio_Vivaldi,Antonio_Vivaldi,,11,19,30,11,19,30,7,0.30408,0.323095,1191.364316,4,1,6,0.14,11
Benjamin_Franklin,Benjamin_Franklin,,32,29,61,32,29,61,6,0.333114,0.356783,13851.960777,3,1,6,0.078054,11
Capital,Capital,,181,64,245,181,64,245,6,0.342196,0.372422,48496.353031,5,1,6,0.046306,7
Carl_Friedrich_Gauss,Carl_Friedrich_Gauss,,17,20,37,17,20,37,7,0.325231,0.347797,7288.8159,9,1,6,0.143145,11
Carolus_Linnaeus,Carolus_Linnaeus,,218,23,241,218,23,241,7,0.323647,0.345162,38391.034834,2,1,6,0.024119,11
Catherine_II_of_Russia,Catherine_II_of_Russia,,9,24,33,9,24,33,7,0.311822,0.332771,1309.533109,10,1,6,0.160215,11
David_Hume,David_Hume,,32,36,68,32,36,68,7,0.329996,0.355542,4546.55617,9,1,6,0.133766,11
Delhi,Delhi,,43,41,84,43,41,84,7,0.332513,0.358587,6752.008729,8,1,6,0.09589,5
Edmond_Halley,Edmond_Halley,,10,20,30,10,20,30,7,0.314483,0.33466,1828.283157,7,1,6,0.169231,12
Edmund_Burke,Edmund_Burke,,15,42,57,15,42,57,7,0.339304,0.366422,3263.566545,9,1,6,0.138367,11
Edward_Jenner,Edward_Jenner,,5,4,9,5,4,9,7,0.284891,0.299309,10393.546009,11,1,6,0.107143,11
Emanuel_Swedenborg,Emanuel_Swedenborg,,5,28,33,5,28,33,7,0.321491,0.344845,4340.273504,9,1,6,0.109677,11
Frederick_II_of_Prussia,Frederick_II_of_Prussia,,8,35,43,8,35,43,7,0.325622,0.350087,4298.347285,10,1,6,0.102853,11
Freetown,Freetown,,6,18,24,6,18,24,7,0.331155,0.3542,809.288812,5,1,6,0.199134,5
French_Revolution,French_Revolution,,99,19,118,99,19,118,7,0.310413,0.330851,6460.950022,9,1,6,0.062436,0
George_III_of_the_United_Kingdom,George_III_of_the_United_Kingdom,,39,53,92,39,53,92,7,0.350722,0.378998,17489.427042,0,1,6,0.126424,11
George_Washington,George_Washington,,54,21,75,54,21,75,7,0.317786,0.338927,7271.13003,3,1,6,0.108625,11
Industrial_Revolution,Industrial_Revolution,,87,60,147,87,60,147,6,0.349724,0.377968,49035.294038,0,1,6,0.07468,0
James_Cook,James_Cook,,29,47,76,29,47,76,7,0.347178,0.373525,17088.125027,7,1,6,0.077148,11
James_Watt,James_Watt,,7,15,22,7,15,22,7,0.31058,0.330016,2184.844534,0,1,6,0.140351,11
Joseph_Haydn,Joseph_Haydn,,14,13,27,14,13,27,7,0.306494,0.325402,967.714373,4,1,6,0.219368,11
Leonhard_Euler,Leonhard_Euler,,20,33,53,20,33,53,7,0.314044,0.336613,6722.553709,9,1,6,0.101932,11
Napoleon_I_of_France,Napoleon_I_of_France,,118,48,166,118,48,166,7,0.348941,0.376651,26941.013369,10,1,6,0.083471,11
Napoleonic_Wars,Napoleonic_Wars,,67,40,107,67,40,107,7,0.336459,0.362356,11079.845872,0,1,6,0.096263,0
Nepal,Nepal,,73,37,110,73,37,110,7,0.33851,0.364507,7676.679068,8,1,6,0.113507,9
Photosynthesis,Photosynthesis,,51,25,76,51,25,76,7,0.309135,0.329789,14976.013804,7,1,6,0.099534,12
Piano,Piano,,59,18,77,59,18,77,7,0.311367,0.331706,12186.392925,4,1,6,0.055627,2
President_of_the_United_States,President_of_the_United_States,,163,57,220,163,57,220,7,0.325753,0.352496,73329.452471,3,1,6,0.059443,7
Prime_Minister_of_the_United_Kingdom,Prime_Minister_of_the_United_Kingdom,,62,37,99,62,37,99,7,0.321695,0.346058,15355.77571,0,1,6,0.121876,7
Saint_Petersburg,Saint_Petersburg,,76,87,163,76,87,163,7,0.354867,0.387891,27751.130697,10,1,6,0.095843,5
Sierra_Leone,Sierra_Leone,,67,39,106,67,39,106,7,0.337946,0.365047,11160.871137,5,1,6,0.207733,9
Smallpox,Smallpox,,38,46,84,38,46,84,7,0.34558,0.373703,22940.06086,6,1,6,0.084586,12
South_America,South_America,,244,99,343,244,99,343,7,0.36648,0.399303,121695.32585,6,1,6,0.045498,5
Steam_engine,Steam_engine,,25,21,46,25,21,46,7,0.320576,0.342218,3986.318692,7,1,6,0.082321,8
Steel,Steel,,118,51,169,118,51,169,6,0.353845,0.38164,51737.229595,7,1,6,0.064503,12
Sydney,Sydney,,69,37,106,69,37,106,7,0.341188,0.367448,19233.124304,12,1,6,0.070295,5
Thomas_Gainsborough,Thomas_Gainsborough,,11,11,22,11,11,22,7,0.305478,0.323387,1170.11726,4,1,6,0.180147,11
Thomas_Jefferson,Thomas_Jefferson,,58,34,92,58,34,92,7,0.324996,0.347735,28747.927946,3,1,6,0.092447,11
Vitus_Bering,Vitus_Bering,,2,8,10,2,8,10,8,0.292983,0.309442,26.866909,10,1,6,0.177778,11
War_of_the_Spanish_Succession,War_of_the_Spanish_Succession,,18,21,39,18,21,39,7,0.31199,0.333544,750.023531,0,1,6,0.186553,0
William_Hogarth,William_Hogarth,,15,22,37,15,22,37,7,0.316003,0.337326,9243.003363,0,1,6,0.08172,11
Wolfgang_Amadeus_Mozart,Wolfgang_Amadeus_Mozart,,35,32,67,35,32,67,7,0.310532,0.331918,27304.898388,4,1,6,0.10902,3
1928_Okeechobee_Hurricane,1928_Okeechobee_Hurricane,,7,17,24,7,17,24,7,0.320576,0.341883,253.297493,3,1,6,0.242424,5
Africa,Africa,,477,212,689,477,212,689,6,0.381158,0.424523,510047.101561,5,1,6,0.030103,5
Dominica,Dominica,,44,30,74,44,30,74,7,0.339077,0.36396,6236.274166,5,1,6,0.186061,9
Galveston_Hurricane_of_1900,Galveston_Hurricane_of_1900,,4,26,30,4,26,30,7,0.328872,0.351692,377.62862,3,1,6,0.169516,5
Guadeloupe,Guadeloupe,,46,32,78,46,32,78,7,0.336935,0.361448,3956.228764,5,1,6,0.149257,9
Latin_America,Latin_America,,107,94,201,107,94,201,6,0.35369,0.38698,33425.882196,6,1,6,0.08418,5
Montserrat,Montserrat,,25,26,51,25,26,51,7,0.334075,0.358484,3402.680766,5,1,6,0.15314,9
Norfolk,Norfolk,,29,31,60,29,31,60,7,0.321491,0.344769,13705.892905,0,1,6,0.078808,5
Puerto_Rico,Puerto_Rico,,79,60,139,79,60,139,7,0.35524,0.384409,26993.103013,3,1,6,0.083552,9
The_Bahamas,The_Bahamas,,62,27,89,62,27,89,7,0.326962,0.350545,26608.79252,3,1,6,0.085082,9
Toronto,Toronto,,76,46,122,76,46,122,7,0.337103,0.363146,10962.043241,3,1,6,0.062572,5
Tropical_cyclone,Tropical_cyclone,,100,84,184,100,84,184,6,0.358602,0.390215,93185.801124,3,1,6,0.06989,5
United_States_Virgin_Islands,United_States_Virgin_Islands,,16,30,46,16,30,46,7,0.332268,0.356921,6197.178234,3,1,6,0.163898,5
1973_oil_crisis,1973_oil_crisis,,17,51,68,17,51,68,7,0.346911,0.375085,7272.149204,7,1,6,0.14359,0
Arab-Israeli_conflict,Arab-Israeli_conflict,,14,25,39,14,25,39,7,0.323621,0.347305,458.143813,1,1,6,0.296825,7
BBC,BBC,,173,40,213,173,40,213,6,0.343734,0.371181,50892.964548,0,1,6,0.033155,4
Bretton_Woods_system,Bretton_Woods_system,,11,50,61,11,50,61,6,0.341533,0.369799,1717.401683,3,1,6,0.181373,10
Chile,Chile,,122,72,194,122,72,194,6,0.35819,0.389332,31017.599496,6,1,6,0.083155,9
Coal,Coal,,123,61,184,123,61,184,7,0.350177,0.377888,67417.685215,7,1,6,0.055948,5
Cold_War,Cold_War,,166,39,205,166,39,205,6,0.334544,0.36036,30896.586001,10,1,6,0.07073,0
Electronics,Electronics,,48,14,62,48,14,62,7,0.302109,0.319359,8541.491666,13,1,6,0.073729,8
Ethanol,Ethanol,,50,44,94,50,44,94,7,0.332241,0.357647,16739.43089,7,1,6,0.075158,12
Gold,Gold,,179,85,264,179,85,264,6,0.362547,0.394898,122924.464532,7,1,6,0.043402,12
Israel,Israel,,236,169,405,236,169,405,7,0.377362,0.417643,91307.380023,1,1,6,0.076752,5
Libya,Libya,,103,60,163,103,60,163,6,0.353228,0.383157,13265.13718,5,1,6,0.1405,9
Market,Market,,42,8,50,42,8,50,7,0.284551,0.299863,1867.620893,9,1,6,0.055504,10
Middle_East,Middle_East,,209,83,292,209,83,292,7,0.354061,0.386727,47809.767363,1,1,6,0.066391,5
Mineral,Mineral,,121,37,158,121,37,158,7,0.306564,0.327548,22383.78653,7,1,6,0.065217,5
Natural_gas,Natural_gas,,81,41,122,81,41,122,7,0.335846,0.36271,29937.822011,7,1,6,0.079086,12
Newspaper,Newspaper,,39,34,73,39,34,73,7,0.341476,0.366854,9214.905052,13,1,6,0.095238,7
Nuclear_power,Nuclear_power,,26,51,77,26,51,77,6,0.354402,0.382593,16113.632084,7,1,6,0.132091,8
People%27s_Republic_of_China,People%27s_Republic_of_China,,285,87,372,285,87,372,6,0.348941,0.380846,90369.669829,8,1,6,0.061776,9
Petroleum,Petroleum,,170,76,246,170,76,246,6,0.361383,0.392378,83894.714842,7,1,6,0.056272,5
Qatar,Qatar,,59,41,100,59,41,100,7,0.341303,0.367002,13655.558089,5,1,6,0.199943,5
Richard_Nixon,Richard_Nixon,,49,55,104,49,55,104,7,0.330077,0.357487,8806.444242,3,1,6,0.097103,11
Saudi_Arabia,Saudi_Arabia,,110,160,270,110,160,270,6,0.366646,0.405686,40837.818139,5,1,6,0.124149,5
Supply_and_demand,Supply_and_demand,,22,12,34,22,12,34,7,0.309749,0.328189,4361.893381,9,1,6,0.112644,10
Syria,Syria,,154,66,220,154,66,220,7,0.349724,0.379778,31686.593281,1,1,6,0.082953,5
United_Arab_Emirates,United_Arab_Emirates,,59,18,77,59,18,77,7,0.313389,0.334319,1298.00986,5,1,6,0.262704,5
Venezuela,Venezuela,,95,51,146,95,51,146,7,0.340501,0.367929,14312.912693,6,1,6,0.10241,9
Wood_fuel,Wood_fuel,,1,18,19,1,18,19,6,0.324658,0.34572,43.746049,7,1,6,0.152047,7
Yom_Kippur_War,Yom_Kippur_War,,14,50,64,14,50,64,7,0.334406,0.361923,4363.49052,1,1,6,0.215852,0
1980_eruption_of_Mount_St._Helens,1980_eruption_of_Mount_St._Helens,,3,43,46,3,43,46,7,0.335041,0.360325,557.373794,7,1,6,0.09899,5
Animal,Animal,,492,29,521,492,29,521,7,0.314752,0.335809,129201.304972,2,1,6,0.016495,12
Apple,Apple,,23,68,91,23,68,91,7,0.35978,0.390144,25570.100369,11,1,6,0.072719,4
Avalanche,Avalanche,,10,16,26,10,16,26,7,0.320956,0.341607,383.880962,7,1,6,0.120553,5
Carbon_dioxide,Carbon_dioxide,,115,48,163,115,48,163,6,0.340415,0.366099,46429.293705,7,1,6,0.067511,12
Columbia_River,Columbia_River,,16,22,38,16,22,38,7,0.324996,0.346553,1150.28337,3,1,6,0.153782,5
Denver%2C_Colorado,Denver%2C_Colorado,,21,18,39,21,18,39,7,0.317786,0.337324,3712.812587,3,1,6,0.107143,5
Earth%27s_atmosphere,Earth%27s_atmosphere,,116,27,143,116,27,143,7,0.323208,0.344944,17342.590847,7,1,6,0.066857,5
Emotion,Emotion,,17,13,30,17,13,30,7,0.296844,0.313798,1371.271914,9,1,6,0.102564,12
Energy,Energy,,85,61,146,85,61,146,7,0.330292,0.358005,53701.074355,7,1,6,0.063745,12
Flood,Flood,,49,44,93,49,44,93,7,0.347148,0.374789,18525.115731,7,1,6,0.063445,5
Forest,Forest,,65,9,74,65,9,74,7,0.31187,0.33032,4902.654723,2,1,6,0.062335,12
Gas,Gas,,72,5,77,72,5,77,7,0.277272,0.290334,1666.609054,7,1,6,0.069234,12
Glacier,Glacier,,63,43,106,63,43,106,7,0.340186,0.367426,28458.269876,7,1,6,0.066971,5
Human,Human,,165,137,302,165,137,302,7,0.371313,0.408722,183093.873088,9,1,6,0.037009,12
Ice,Ice,,40,21,61,40,21,61,7,0.317488,0.337061,3240.597597,7,1,6,0.093831,12
Jimmy_Carter,Jimmy_Carter,,36,66,102,36,66,102,7,0.349875,0.381509,14585.892061,3,1,6,0.11024,11
Magma,Magma,,35,17,52,35,17,52,7,0.302312,0.320578,3273.962533,7,1,6,0.116327,5
Minnesota,Minnesota,,56,62,118,56,62,118,6,0.352246,0.38034,45356.83412,3,1,6,0.051832,5
Moon,Moon,,133,48,181,133,48,181,6,0.344523,0.371148,62747.029596,7,1,6,0.052398,12
Mount_St._Helens,Mount_St._Helens,,8,24,32,8,24,32,7,0.322386,0.344039,3035.41817,7,1,6,0.146825,5
Nuclear_weapon,Nuclear_weapon,,73,32,105,73,32,105,6,0.341648,0.366942,24658.560108,10,1,6,0.09691,0
Ocean,Ocean,,76,43,119,76,43,119,7,0.330885,0.356455,32202.098177,7,1,6,0.061629,5
Oregon,Oregon,,41,32,73,41,32,73,7,0.337861,0.361448,11012.40984,3,1,6,0.061072,5
Potato,Potato,,43,26,69,43,26,69,7,0.323724,0.347156,17251.903092,11,1,6,0.094246,4
Radio,Radio,,102,32,134,102,32,134,7,0.326146,0.347971,35958.100136,13,1,6,0.031587,8
Rain,Rain,,53,33,86,53,33,86,7,0.343007,0.368005,10769.230239,7,1,6,0.089078,5
Seattle%2C_Washington,Seattle%2C_Washington,,36,54,90,36,54,90,7,0.343356,0.370945,14770.484433,3,1,6,0.057061,5
Snow,Snow,,59,25,84,59,25,84,7,0.326409,0.349598,15425.589032,7,1,6,0.056444,5
Sound,Sound,,35,5,40,35,5,40,8,0.261363,0.273048,2618.483406,13,1,6,0.039118,12
Transport,Transport,,61,30,91,61,30,91,7,0.331697,0.354981,15380.376008,3,1,6,0.058003,8
Tree,Tree,,62,41,103,62,41,103,7,0.323828,0.346675,30335.833614,11,1,6,0.043978,12
U.S._state,U.S._state,,77,46,123,77,46,123,7,0.333251,0.359454,20597.668199,3,1,6,0.081404,5
United_States_Congress,United_States_Congress,,65,43,108,65,43,108,7,0.324554,0.348989,12286.534869,3,1,6,0.082346,7
Volcano,Volcano,,129,67,196,129,67,196,6,0.346289,0.374864,132085.392478,7,1,6,0.048602,5
Wave,Wave,,30,10,40,30,10,40,7,0.277633,0.291858,1597.822565,7,1,6,0.138138,12
Wind,Wind,,33,21,54,33,21,54,7,0.316818,0.337129,9015.650426,7,1,6,0.050151,5
Yellowstone_National_Park,Yellowstone_National_Park,,18,29,47,18,29,47,7,0.339531,0.363582,15745.672338,2,1,6,0.118467,5
1997_Pacific_hurricane_season,1997_Pacific_hurricane_season,,1,16,17,1,16,17,7,0.308717,0.3282,24.503329,3,1,14,0.286765,5
Caribbean_Sea,Caribbean_Sea,,59,21,80,59,21,80,7,0.319037,0.340528,4587.410388,3,1,6,0.123944,5
El_Ni%C3%B1o-Southern_Oscillation,El_Ni%C3%B1o-Southern_Oscillation,,21,32,53,21,32,53,7,0.323311,0.346661,2367.700786,6,1,6,0.144706,5
El_Salvador,El_Salvador,,39,38,77,39,38,77,7,0.329835,0.355536,8365.042558,6,1,6,0.161692,9
Guam,Guam,,43,26,69,43,26,69,7,0.331507,0.35544,4358.511099,3,1,6,0.117512,5
Johnston_Atoll,Johnston_Atoll,,8,7,15,8,7,15,7,0.304172,0.322522,454.030018,3,1,6,0.247253,5
Meteorology,Meteorology,,38,22,60,38,22,60,7,0.323079,0.344747,6128.789421,7,1,6,0.08246,5
Nicaragua,Nicaragua,,76,47,123,76,47,123,7,0.347476,0.375319,17025.676277,6,1,6,0.087999,9
Palmyra_Atoll,Palmyra_Atoll,,4,15,19,4,15,19,7,0.317861,0.337998,773.156141,3,1,6,0.20915,5
Wake_Island,Wake_Island,,11,25,36,11,25,36,7,0.328792,0.35162,3188.894384,3,1,6,0.16221,5
Abraham_Lincoln,Abraham_Lincoln,,62,35,97,62,35,97,7,0.321746,0.344493,16429.721641,3,1,6,0.111003,11
Aleksandr_Pushkin,Aleksandr_Pushkin,,10,12,22,10,12,22,7,0.295804,0.313372,615.260012,10,1,6,0.194737,11
Alexander_Graham_Bell,Alexander_Graham_Bell,,8,19,27,8,19,27,7,0.329005,0.350833,3557.800984,3,1,6,0.119565,11
Alfred_Nobel,Alfred_Nobel,,6,15,21,6,15,21,7,0.306124,0.324726,2533.043908,10,1,6,0.102941,11
American_Civil_War,American_Civil_War,,145,34,179,145,34,179,7,0.323905,0.347963,27078.801426,3,1,6,0.046278,0
Andrew_Jackson,Andrew_Jackson,,22,16,38,22,16,38,7,0.297847,0.315281,2244.737866,3,1,6,0.185484,11
Anthropology,Anthropology,,54,42,96,54,42,96,7,0.337468,0.364521,15056.420767,9,1,6,0.06803,5
Anton%C3%ADn_Dvo%C5%99%C3%A1k,Anton%C3%ADn_Dvo%C5%99%C3%A1k,,7,21,28,7,21,28,7,0.316249,0.336913,1411.83778,4,1,6,0.11,11
Bah%C3%A1%27%C3%AD_Faith,Bah%C3%A1%27%C3%AD_Faith,,41,36,77,41,36,77,7,0.333279,0.358455,6676.059175,1,1,6,0.135911,14
Benjamin_Disraeli%2C_1st_Earl_of_Beaconsfield,Benjamin_Disraeli%2C_1st_Earl_of_Beaconsfield,,22,21,43,22,21,43,7,0.31223,0.334041,1110.375076,0,1,6,0.207207,11
Bolivia,Bolivia,,68,61,129,68,61,129,7,0.346851,0.375693,15457.497973,6,1,6,0.095189,9
Brothers_Grimm,Brothers_Grimm,,8,6,14,8,6,14,7,0.287865,0.303786,187.333436,4,1,6,0.204545,11
Charles_Darwin,Charles_Darwin,,56,56,112,56,56,112,7,0.350419,0.37928,45522.774215,9,1,6,0.066366,11
Charles_Dickens,Charles_Dickens,,38,24,62,38,24,62,7,0.330346,0.354196,20841.411382,0,1,6,0.08635,11
Colombia,Colombia,,97,33,130,97,33,130,7,0.327437,0.3519,6641.892512,6,1,6,0.110698,9
Costa_Rica,Costa_Rica,,44,37,81,44,37,81,7,0.336655,0.362583,9093.087612,6,1,6,0.126174,9
Cuba,Cuba,,165,71,236,165,71,236,6,0.349453,0.379983,48072.403801,6,1,6,0.074762,9
Dmitri_Mendeleev,Dmitri_Mendeleev,,9,22,31,9,22,31,7,0.313947,0.335589,3672.891516,7,1,6,0.156923,11
Ecuador,Ecuador,,75,42,117,75,42,117,7,0.334931,0.36138,18512.331774,6,1,6,0.113295,9
Erie_Canal,Erie_Canal,,10,16,26,10,16,26,6,0.316003,0.334957,2307.410411,3,1,6,0.202381,5
Ethiopia,Ethiopia,,134,129,263,134,129,263,7,0.358761,0.395192,47447.48841,5,1,6,0.101329,9
Evolution,Evolution,,116,71,187,116,71,187,7,0.341332,0.369049,101741.815848,2,1,6,0.046728,12
Felix_Mendelssohn,Felix_Mendelssohn,,16,25,41,16,25,41,7,0.31662,0.338979,3526.942035,4,1,6,0.166667,11
First_Transcontinental_Railroad,First_Transcontinental_Railroad,,12,26,38,12,26,38,7,0.316422,0.337833,7031.391674,3,1,6,0.151515,8
Florence_Nightingale,Florence_Nightingale,,7,26,33,7,26,33,7,0.330723,0.354679,1500.621842,0,1,6,0.122581,11
Fr%C3%A9d%C3%A9ric_Chopin,Fr%C3%A9d%C3%A9ric_Chopin,,11,34,45,11,34,45,7,0.33048,0.356377,2357.186246,4,1,6,0.17395,11
Franz_Schubert,Franz_Schubert,,12,13,25,12,13,25,7,0.291655,0.307901,2354.466416,4,1,6,0.21345,11
Friedrich_Nietzsche,Friedrich_Nietzsche,,27,49,76,27,49,76,7,0.327569,0.353849,13813.892358,9,1,6,0.103107,11
Fyodor_Dostoevsky,Fyodor_Dostoevsky,,18,26,44,18,26,44,7,0.301614,0.321379,3655.767992,9,1,6,0.106061,11
Giuseppe_Verdi,Giuseppe_Verdi,,9,26,35,9,26,35,7,0.317239,0.33889,882.847591,4,1,6,0.134073,3
Great_Lakes,Great_Lakes,,46,23,69,46,23,69,6,0.320779,0.342312,11231.964893,3,1,6,0.083616,5
Gregor_Mendel,Gregor_Mendel,,17,12,29,17,12,29,7,0.301502,0.318808,2672.026625,9,1,6,0.151667,11
Guatemala,Guatemala,,52,40,92,52,40,92,7,0.340472,0.365962,13216.938518,6,1,6,0.125475,9
Henrik_Ibsen,Henrik_Ibsen,,15,11,26,15,11,26,7,0.314166,0.334173,872.405968,10,1,6,0.104743,11
Henry_James,Henry_James,,14,41,55,14,41,55,7,0.341591,0.368474,3811.59413,9,1,6,0.105171,11
Honduras,Honduras,,48,44,92,48,44,92,7,0.338822,0.365,12822.331605,6,1,6,0.10679,9
International_Red_Cross_and_Red_Crescent_Movement,International_Red_Cross_and_Red_Crescent_Movement,,6,85,91,6,85,91,7,0.3619,0.395468,7920.410143,6,1,6,0.197395,7
J._M._W._Turner,J._M._W._Turner,,12,18,30,12,18,30,7,0.308078,0.328442,7899.811131,4,1,6,0.155172,11
James_Clerk_Maxwell,James_Clerk_Maxwell,,27,27,54,27,27,54,7,0.311033,0.331924,10792.652577,7,1,6,0.136715,11
Jane_Austen,Jane_Austen,,17,23,40,17,23,40,7,0.315437,0.336808,9948.598099,0,1,6,0.148674,11
Jesus,Jesus,,116,59,175,116,59,175,7,0.329915,0.357865,34867.221646,1,1,6,0.045538,11
Karl_Marx,Karl_Marx,,50,63,113,50,63,113,7,0.340844,0.370155,14391.064641,9,1,6,0.094737,11
Leo_Tolstoy,Leo_Tolstoy,,22,29,51,22,29,51,7,0.320576,0.343735,4598.233513,9,1,6,0.089323,11
Literature,Literature,,80,44,124,80,44,124,7,0.330777,0.355744,25558.136712,4,1,6,0.06659,3
London_Underground,London_Underground,,27,11,38,27,11,38,7,0.298308,0.315706,6971.384009,0,1,6,0.063814,8
Louis_Pasteur,Louis_Pasteur,,10,15,25,10,15,25,7,0.316942,0.336025,1881.750671,11,1,6,0.098814,11
Ludwig_van_Beethoven,Ludwig_van_Beethoven,,29,12,41,29,12,41,7,0.29428,0.311482,1390.012848,4,1,6,0.141176,11
Manifest_Destiny,Manifest_Destiny,,9,52,61,9,52,61,7,0.337159,0.364478,10067.558064,3,1,6,0.140351,0
Marie_Curie,Marie_Curie,,10,17,27,10,17,27,7,0.322488,0.344525,4322.890326,7,1,6,0.164502,11
Mark_Twain,Mark_Twain,,33,17,50,33,17,50,6,0.314459,0.333851,26257.451572,3,1,6,0.055042,11
Mediterranean_Sea,Mediterranean_Sea,,192,61,253,192,61,253,7,0.336963,0.366014,35337.976932,1,1,6,0.060004,5
Michael_Faraday,Michael_Faraday,,15,16,31,15,16,31,7,0.3112,0.330456,4425.743898,7,1,6,0.185185,11
Music,Music,,99,24,123,99,24,123,7,0.31264,0.333576,20783.37073,4,1,6,0.049428,2
Natural_selection,Natural_selection,,44,16,60,44,16,60,7,0.300809,0.318555,10926.506041,9,1,6,0.093469,12
Niccol%C3%B2_Paganini,Niccol%C3%B2_Paganini,,6,14,20,6,14,20,7,0.302357,0.320236,281.329302,4,1,6,0.279412,11
Nikola_Tesla,Nikola_Tesla,,15,53,68,15,53,68,6,0.345786,0.373166,9183.812021,7,1,6,0.09918,11
Oil_refinery,Oil_refinery,,19,18,37,19,18,37,7,0.322771,0.343875,6233.909129,7,1,6,0.087395,10
Otto_von_Bismarck,Otto_von_Bismarck,,9,26,35,9,26,35,6,0.333498,0.357297,710.032901,10,1,6,0.201426,11
Panama,Panama,,66,28,94,66,28,94,7,0.325701,0.349612,3875.566538,6,1,6,0.104272,9
Peru,Peru,,124,93,217,124,93,217,7,0.354092,0.38816,73561.354428,6,1,6,0.069389,9
Politics,Politics,,91,56,147,91,56,147,6,0.341045,0.369047,20121.203908,9,1,6,0.080776,7
Postage_stamp,Postage_stamp,,23,18,41,23,18,41,7,0.326199,0.348074,2225.902348,3,1,6,0.053306,4
Pyotr_Ilyich_Tchaikovsky,Pyotr_Ilyich_Tchaikovsky,,17,21,38,17,21,38,7,0.324424,0.345741,2859.676792,4,1,6,0.121212,11
Red_Sea,Red_Sea,,57,32,89,57,32,89,7,0.322565,0.347257,8161.639285,1,1,6,0.106812,5
Religion,Religion,,168,47,215,168,47,215,7,0.333005,0.359136,43690.394267,9,1,6,0.04416,14
Richard_Wagner,Richard_Wagner,,34,43,77,34,43,77,7,0.329567,0.356229,17980.54028,4,1,6,0.102644,3
Robert_Schumann,Robert_Schumann,,16,15,31,16,15,31,7,0.289861,0.307024,797.675542,4,1,6,0.240942,11
Romania,Romania,,151,58,209,151,58,209,7,0.338313,0.367549,24147.15306,10,1,6,0.121475,5
Romanticism,Romanticism,,76,40,116,76,40,116,7,0.331074,0.355894,19376.066263,4,1,6,0.06495,0
S%C3%B8ren_Kierkegaard,S%C3%B8ren_Kierkegaard,,9,31,40,9,31,40,7,0.315462,0.338664,2972.720484,9,1,6,0.150568,11
Samuel_Taylor_Coleridge,Samuel_Taylor_Coleridge,,21,22,43,21,22,43,7,0.322642,0.344368,8649.713204,0,1,6,0.106061,11
Scramble_for_Africa,Scramble_for_Africa,,20,134,154,20,134,154,6,0.369217,0.406409,11931.425728,5,1,6,0.125048,0
Shaka,Shaka,,2,3,5,2,3,5,7,0.283022,0.297301,18.624757,10,1,6,0.333333,11
Sitting_Bull,Sitting_Bull,,3,8,11,3,8,11,7,0.303784,0.321613,1687.803451,3,1,6,0.177778,11
Slavery,Slavery,,118,102,220,118,102,220,7,0.367943,0.402411,45195.031552,5,1,6,0.062608,7
Socialism,Socialism,,99,41,140,99,41,140,7,0.327649,0.353801,15288.442149,9,1,6,0.078851,7
Southern_Africa,Southern_Africa,,35,57,92,35,57,92,7,0.340959,0.370038,12701.392084,5,1,6,0.135601,5
Suez_Canal,Suez_Canal,,45,25,70,45,25,70,7,0.330561,0.355244,7327.728887,1,1,6,0.148087,8
Telephone,Telephone,,43,14,57,43,14,57,7,0.314166,0.333771,6052.463105,13,1,6,0.0587,8
Telephone_exchange,Telephone_exchange,,2,3,5,2,3,5,7,0.290714,0.306581,20.263267,13,1,6,0.416667,8
The_Origin_of_Species,The_Origin_of_Species,,15,20,35,15,20,35,7,0.322386,0.34236,3094.576606,9,1,6,0.149015,12
Tibet,Tibet,,62,29,91,62,29,91,7,0.316818,0.339158,7512.388357,8,1,6,0.080586,9
Ulysses_S._Grant,Ulysses_S._Grant,,26,33,59,26,33,59,7,0.318636,0.341832,6058.589152,3,1,6,0.136968,11
Uruguay,Uruguay,,56,25,81,56,25,81,7,0.327543,0.351199,1978.98771,6,1,6,0.147723,9
Victor_Hugo,Victor_Hugo,,12,31,43,12,31,43,7,0.31846,0.341754,1132.804883,9,1,6,0.119048,11
Victoria_of_the_United_Kingdom,Victoria_of_the_United_Kingdom,,77,50,127,77,50,127,7,0.336991,0.364638,32274.802092,0,1,6,0.060897,11
Vincent_van_Gogh,Vincent_van_Gogh,,18,29,47,18,29,47,7,0.324476,0.346705,10339.590902,4,1,6,0.126597,11
Walt_Whitman,Walt_Whitman,,12,15,27,12,15,27,6,0.312086,0.3321,4842.628981,9,1,6,0.130435,11
William_Ewart_Gladstone,William_Ewart_Gladstone,,20,40,60,20,40,60,7,0.330561,0.357631,2542.773235,0,1,6,0.133107,11
World_War_I,World_War_I,,404,82,486,404,82,486,6,0.355365,0.387806,142652.083569,10,1,6,0.037545,0
Zionism,Zionism,,25,74,99,25,74,99,7,0.358222,0.390279,5067.914675,10,1,6,0.153899,14
Zulu,Zulu,,14,15,29,14,15,29,7,0.30982,0.330183,3401.160575,5,1,6,0.268775,5
1_Ceres,1_Ceres,,12,32,44,12,32,44,7,0.320272,0.341739,2089.563654,7,1,6,0.191597,12
3_Juno,3_Juno,,5,9,14,5,9,14,7,0.294944,0.311589,44.794751,7,1,6,0.462121,12
4_Vesta,4_Vesta,,7,21,28,7,21,28,7,0.309159,0.328796,263.338803,7,1,6,0.289855,12
90377_Sedna,90377_Sedna,,8,16,24,8,16,24,7,0.316917,0.336134,986.379997,7,1,6,0.342105,12
Asteroid,Asteroid,,56,19,75,56,19,75,7,0.304606,0.322952,13723.436512,7,1,6,0.094742,12
Cerium,Cerium,,13,29,42,13,29,42,7,0.309253,0.330857,733.529528,7,1,6,0.256629,12
Cornell_University,Cornell_University,,26,68,94,26,68,94,7,0.358666,0.388368,24093.959788,3,1,6,0.080252,7
Definition_of_planet,Definition_of_planet,,9,31,40,9,31,40,7,0.307144,0.327234,426.283921,7,1,6,0.341355,12
Eris_%28dwarf_planet%29,Eris_%28dwarf_planet%29,,6,23,29,6,23,29,7,0.310961,0.330547,164.133864,7,1,6,0.318841,12
Fresh_water,Fresh_water,,31,11,42,31,11,42,7,0.298571,0.315403,2776.791834,7,1,6,0.0503,5
Gravitation,Gravitation,,114,27,141,114,27,141,7,0.324814,0.346724,27536.826668,7,1,6,0.075678,12
Hubble_Space_Telescope,Hubble_Space_Telescope,,46,44,90,46,44,90,7,0.343181,0.368651,18701.670555,7,1,6,0.097232,12
Kuiper_belt,Kuiper_belt,,13,13,26,13,13,26,8,0.283556,0.298702,586.626503,7,1,6,0.334211,12
Mars,Mars,,51,60,111,51,60,111,7,0.337918,0.365251,38171.959081,7,1,6,0.098794,12
Milan,Milan,,76,31,107,76,31,107,7,0.32254,0.346391,13227.479339,1,1,6,0.078723,5
Palladium,Palladium,,18,36,54,18,36,54,7,0.326278,0.351754,1805.698721,7,1,6,0.200798,12
Pluto,Pluto,,21,32,53,21,32,53,7,0.320677,0.341778,5525.243087,7,1,6,0.208974,12
Roman_mythology,Roman_mythology,,28,9,37,28,9,37,8,0.289737,0.3052,1564.241714,1,1,6,0.147312,14
Ultraviolet,Ultraviolet,,85,34,119,85,34,119,7,0.311128,0.333139,29477.104207,7,1,6,0.054178,12
Venus,Venus,,37,63,100,37,63,100,7,0.349453,0.377517,21486.483624,7,1,6,0.098752,12
Augustus,Augustus,,39,14,53,39,14,53,7,0.295653,0.314778,1652.37172,1,1,6,0.132747,11
Boudica,Boudica,,5,22,27,5,22,27,7,0.308078,0.329007,6196.938717,0,1,6,0.110672,11
Claudius,Claudius,,16,13,29,16,13,29,7,0.289882,0.307664,695.540956,1,1,6,0.155797,11
Josephus,Josephus,,9,13,22,9,13,22,7,0.306587,0.325854,610.399953,1,1,6,0.176316,0
Mount_Vesuvius,Mount_Vesuvius,,6,25,31,6,25,31,7,0.32633,0.348745,2602.023925,7,1,6,0.108466,5
Paul_of_Tarsus,Paul_of_Tarsus,,37,10,47,37,10,47,7,0.288705,0.306164,1382.881019,1,1,6,0.070825,11
Pompeii,Pompeii,,23,13,36,23,13,36,7,0.30367,0.321399,1244.593353,1,1,6,0.094697,0
Anno_Domini,Anno_Domini,,62,36,98,62,36,98,7,0.329058,0.355185,10179.205156,1,1,6,0.106785,0
Cleopatra_VII,Cleopatra_VII,,17,18,35,17,18,35,7,0.303579,0.322507,2828.461336,1,1,6,0.17734,11
Julius_Caesar,Julius_Caesar,,49,21,70,49,21,70,7,0.305294,0.326768,11172.252582,1,1,6,0.068868,11
Mark_Antony,Mark_Antony,,16,19,35,16,19,35,7,0.315781,0.338475,1146.486084,1,1,6,0.2,11
Rome,Rome,,215,71,286,215,71,286,7,0.349935,0.381916,58746.643627,1,1,6,0.046048,5
Virgil,Virgil,,29,30,59,29,30,59,7,0.33005,0.354644,7979.506228,1,1,6,0.107744,11
2-6-0,2-6-0,,2,4,6,2,4,6,7,0.301614,0.319044,141.705048,3,1,6,0.3,8
4-4-0,4-4-0,,8,10,18,8,10,18,7,0.286887,0.303301,11427.501871,3,1,6,0.082418,8
4-6-0,4-6-0,,5,5,10,5,5,10,7,0.298373,0.315212,238.638543,3,1,6,0.180556,8
2-8-0,2-8-0,,2,6,8,2,6,8,7,0.300608,0.318713,2202.258809,3,1,6,0.380952,8
Pennsylvania_Railroad,Pennsylvania_Railroad,,28,14,42,28,14,42,7,0.3112,0.330991,7321.424368,3,1,6,0.085976,8
2003_Atlantic_hurricane_season,2003_Atlantic_hurricane_season,,8,18,26,8,18,26,7,0.303103,0.321873,14100.61169,3,1,6,0.207895,5
2004_Atlantic_hurricane_season,2004_Atlantic_hurricane_season,,15,40,55,15,40,55,7,0.320044,0.343387,15052.071345,3,1,6,0.213178,5
2005_Atlantic_hurricane_season,2005_Atlantic_hurricane_season,,26,56,82,26,56,82,7,0.333114,0.359026,45482.085001,3,1,6,0.128904,5
Banana,Banana,,42,60,102,42,60,102,7,0.348342,0.378055,13147.534095,11,1,6,0.078071,4
Bermuda,Bermuda,,45,35,80,45,35,80,7,0.343007,0.369868,10347.558911,3,1,6,0.106257,9
Dominican_Republic,Dominican_Republic,,64,31,95,64,31,95,7,0.332923,0.358019,3576.185789,6,1,6,0.118904,9
Gulf_of_Mexico,Gulf_of_Mexico,,59,21,80,59,21,80,7,0.332813,0.354303,16045.334261,3,1,6,0.096894,5
Haiti,Haiti,,84,25,109,84,25,109,7,0.325283,0.349558,4672.36685,6,1,6,0.145382,9
Tropical_Storm_Ana_%282003%29,Tropical_Storm_Ana_%282003%29,,3,6,9,3,6,9,7,0.291613,0.307446,1943.025701,3,1,6,0.357143,5
Tropical_Storm_Henri_%282003%29,Tropical_Storm_Henri_%282003%29,,1,12,13,1,12,13,7,0.315339,0.335589,54.176059,3,1,6,0.333333,5
Tropical_Storm_Larry_%282003%29,Tropical_Storm_Larry_%282003%29,,1,8,9,1,8,9,7,0.299741,0.317576,17.862661,3,1,6,0.357143,5
Tropical_Storm_Odette_%282003%29,Tropical_Storm_Odette_%282003%29,,1,13,14,1,13,14,7,0.289592,0.304846,10.345829,6,1,6,0.269231,5
Canal,Canal,,41,23,64,41,23,64,6,0.329219,0.35192,5302.182777,3,1,6,0.061495,8
Cape_Verde,Cape_Verde,,62,28,90,62,28,90,7,0.33205,0.356728,6447.15375,5,1,6,0.237342,9
Cayman_Islands,Cayman_Islands,,22,22,44,22,22,44,7,0.325518,0.347708,11322.64544,5,1,6,0.156545,9
Grenada,Grenada,,40,34,74,40,34,74,7,0.339958,0.366098,7415.172436,5,1,6,0.143625,9
Hurricane_Alex_%282004%29,Hurricane_Alex_%282004%29,,2,6,8,2,6,8,7,0.282548,0.296894,4589.78007,3,1,6,0.380952,5
Hurricane_Camille,Hurricane_Camille,,9,22,31,9,22,31,7,0.322668,0.344456,721.408832,3,1,6,0.298419,5
Hurricane_Charley,Hurricane_Charley,,7,21,28,7,21,28,7,0.319691,0.34148,3978.634286,3,1,6,0.355731,5
Hurricane_Georges,Hurricane_Georges,,6,19,25,6,19,25,7,0.317712,0.338783,499.598092,3,1,6,0.300725,5
Hurricane_Ivan,Hurricane_Ivan,,15,33,48,15,33,48,6,0.323131,0.345819,2850.158692,3,1,6,0.234234,5
Hurricane_Katrina,Hurricane_Katrina,,49,54,103,49,54,103,7,0.341131,0.368922,37700.302046,3,1,6,0.100402,5
Hurricane_Mitch,Hurricane_Mitch,,10,33,43,10,33,43,7,0.324918,0.348091,5552.236404,3,1,6,0.268939,5
Jamaica,Jamaica,,89,44,133,89,44,133,6,0.348491,0.376406,14223.73865,5,1,6,0.104062,9
Labor_Day_Hurricane_of_1935,Labor_Day_Hurricane_of_1935,,9,20,29,9,20,29,7,0.314752,0.335334,10928.634182,3,1,6,0.298701,5
Richmond%2C_Virginia,Richmond%2C_Virginia,,23,45,68,23,45,68,6,0.35133,0.378157,8907.74214,3,1,6,0.102279,5
Tropical_Storm_Bonnie_%282004%29,Tropical_Storm_Bonnie_%282004%29,,2,26,28,2,26,28,6,0.322822,0.345087,32.069005,3,1,6,0.232308,5
Tropical_Storm_Matthew_%282004%29,Tropical_Storm_Matthew_%282004%29,,2,7,9,2,7,9,7,0.305271,0.323599,5.175517,3,1,6,0.571429,5
Turks_and_Caicos_Islands,Turks_and_Caicos_Islands,,20,22,42,20,22,42,7,0.326646,0.349279,2178.631545,5,1,6,0.207681,9
West_Virginia,West_Virginia,,34,35,69,34,35,69,6,0.329326,0.353235,10146.117467,3,1,6,0.078814,5
2005_Sumatra_earthquake,2005_Sumatra_earthquake,,2,21,23,2,21,23,7,0.307261,0.327334,55.774971,8,1,6,0.281385,5
Agriculture,Agriculture,,241,57,298,241,57,298,7,0.341045,0.369765,103737.438758,11,1,6,0.042581,4
Antarctica,Antarctica,,104,64,168,104,64,168,7,0.359238,0.388824,86236.391397,7,1,6,0.055603,5
Arctic,Arctic,,53,28,81,53,28,81,7,0.326251,0.348481,28220.150577,10,1,6,0.088022,5
Bangladesh,Bangladesh,,99,50,149,99,50,149,7,0.339077,0.366786,30107.689212,8,1,6,0.100117,9
Bay_of_Bengal,Bay_of_Bengal,,24,8,32,24,8,32,7,0.284691,0.299646,373.367097,8,1,6,0.188406,5
Bill_Clinton,Bill_Clinton,,64,67,131,64,67,131,7,0.332213,0.360694,26122.03604,3,1,6,0.07707,11
Biodiversity,Biodiversity,,60,40,100,60,40,100,7,0.343967,0.370519,23837.324752,7,1,6,0.081685,12
Cholera,Cholera,,38,29,67,38,29,67,7,0.335235,0.360469,9780.154966,11,1,6,0.056068,12
Dune,Dune,,10,28,38,10,28,38,7,0.330372,0.353035,3187.440535,7,1,6,0.070635,5
George_H._W._Bush,George_H._W._Bush,,32,46,78,32,46,78,7,0.334571,0.361748,5589.139707,3,1,6,0.122837,11
George_W._Bush,George_W._Bush,,114,84,198,114,84,198,7,0.357118,0.38965,48642.537094,3,1,6,0.065899,11
Great_Barrier_Reef,Great_Barrier_Reef,,11,16,27,11,16,27,7,0.312495,0.330981,4075.724693,7,1,6,0.115,5
Infrastructure,Infrastructure,,47,11,58,47,11,58,7,0.302199,0.320314,3077.34066,8,1,6,0.045739,10
Kerala,Kerala,,26,37,63,26,37,63,7,0.322822,0.345606,19279.624144,8,1,6,0.068013,5
Kofi_Annan,Kofi_Annan,,21,34,55,21,34,55,7,0.337636,0.363549,1224.677916,5,1,6,0.186531,11
Krakatoa,Krakatoa,,4,24,28,4,24,28,7,0.322232,0.344841,580.862011,8,1,6,0.17,5
Lake_Toba,Lake_Toba,,5,13,18,5,13,18,7,0.300007,0.31748,1917.243871,8,1,6,0.258333,5
Maldives,Maldives,,43,34,77,43,34,77,7,0.333553,0.359131,3414.677875,5,1,6,0.229193,9
Modern_history,Modern_history,,2,100,102,2,100,102,6,0.376696,0.410146,712.268538,9,1,6,0.118618,0
Natural_disaster,Natural_disaster,,16,64,80,16,64,80,6,0.35524,0.38515,5431.56776,7,1,6,0.098568,5
Radar,Radar,,43,24,67,43,24,67,7,0.31529,0.336729,7415.882027,7,1,6,0.036298,8
Royal_Navy,Royal_Navy,,97,64,161,97,64,161,7,0.355552,0.384495,42825.019043,0,1,6,0.066616,0
Salt,Salt,,76,29,105,76,29,105,7,0.316472,0.338858,12582.091731,7,1,6,0.057346,12
Seawater,Seawater,,15,25,40,15,25,40,7,0.310699,0.330777,3792.504988,7,1,6,0.108734,5
South_China_Sea,South_China_Sea,,20,22,42,20,22,42,7,0.313874,0.335316,723.124246,8,1,6,0.190731,5
Tokyo,Tokyo,,73,41,114,73,41,114,6,0.345521,0.373273,15027.580212,8,1,6,0.103267,5
Vegetation,Vegetation,,20,5,25,20,5,25,8,0.276799,0.290761,753.458681,2,1,6,0.031667,12
Belize,Belize,,40,43,83,40,43,83,7,0.349152,0.376363,6095.939642,5,1,6,0.124547,9
Citrus,Citrus,,33,23,56,33,23,56,7,0.325649,0.348541,14633.434942,11,1,6,0.089539,12
Coffee,Coffee,,59,28,87,59,28,87,7,0.323363,0.346817,7229.387899,5,1,6,0.081173,4
Houston%2C_Texas,Houston%2C_Texas,,45,43,88,45,43,88,7,0.340758,0.366558,20047.898673,3,1,6,0.062346,5
Hurricane_Andrew,Hurricane_Andrew,,15,23,38,15,23,38,7,0.324113,0.345616,2750.771352,3,1,6,0.223545,5
Hurricane_Dennis,Hurricane_Dennis,,3,20,23,3,20,23,7,0.310271,0.330207,6770.21478,3,1,6,0.357895,5
Hurricane_Epsilon_%282005%29,Hurricane_Epsilon_%282005%29,,4,5,9,4,5,9,7,0.28638,0.301461,51.388803,3,1,6,0.404762,5
Hurricane_Floyd,Hurricane_Floyd,,6,14,20,6,14,20,7,0.31662,0.337874,302.720113,3,1,6,0.287582,5
Hurricane_Lenny,Hurricane_Lenny,,4,17,21,4,17,21,7,0.31001,0.329743,464.819019,3,1,6,0.210526,5
Hurricane_Philippe_%282005%29,Hurricane_Philippe_%282005%29,,1,5,6,1,5,6,7,0.292159,0.309095,5.05422,3,1,6,0.3,5
Hurricane_Vince_%282005%29,Hurricane_Vince_%282005%29,,1,6,7,1,6,7,7,0.291634,0.308281,0.903883,3,1,6,0.666667,5
International_Space_Station,International_Space_Station,,39,22,61,39,22,61,7,0.325126,0.346728,14315.74344,3,1,6,0.099216,12
Refining,Refining,,2,8,10,2,8,10,7,0.285473,0.300232,78.542334,7,1,6,0.111111,10
Tropical_Storm_Delta_%282005%29,Tropical_Storm_Delta_%282005%29,,1,8,9,1,8,9,7,0.292813,0.309002,13.844625,3,1,6,0.178571,5
Tropical_Storm_Franklin_%282005%29,Tropical_Storm_Franklin_%282005%29,,1,8,9,1,8,9,7,0.299409,0.317241,3.650799,3,1,6,0.535714,5
Tropical_Storm_Harvey_%282005%29,Tropical_Storm_Harvey_%282005%29,,1,5,6,1,5,6,7,0.296172,0.31334,3.650799,3,1,6,0.6,5
Tropical_Storm_Lee_%282005%29,Tropical_Storm_Lee_%282005%29,,1,6,7,1,6,7,7,0.295697,0.313124,4.795728,3,1,6,0.4,5
Tropical_Storm_Zeta_%282005%29,Tropical_Storm_Zeta_%282005%29,,1,4,5,1,4,5,7,0.27552,0.288496,0,3,1,6,0.75,5
Vegetable,Vegetable,,43,25,68,43,25,68,7,0.316645,0.337543,11732.477062,11,1,6,0.070148,12
2005_Hertfordshire_Oil_Storage_Terminal_fire,2005_Hertfordshire_Oil_Storage_Terminal_fire,,0,10,10,0,10,10,7,0.31068,0.329725,0,0,1,15,0.333333,0
Library,Library,,33,60,93,33,60,93,6,0.352154,0.381997,13822.444111,1,1,6,0.07048,4
M1_motorway,M1_motorway,,7,15,22,7,15,22,7,0.306703,0.325886,151.489022,0,1,6,0.383333,8
Ozone,Ozone,,32,43,75,32,43,75,7,0.316397,0.339482,7203.666871,7,1,6,0.104697,5
Pollution,Pollution,,46,41,87,46,41,87,6,0.349152,0.375193,16198.697745,7,1,6,0.079193,7
2005_Kashmir_earthquake,2005_Kashmir_earthquake,,5,12,17,5,12,17,7,0.29963,0.31673,591.066176,8,1,6,0.195833,5
Karachi,Karachi,,20,30,50,20,30,50,7,0.316991,0.339984,1097.204301,8,1,6,0.157505,5
Kashmir_region,Kashmir_region,,30,18,48,30,18,48,7,0.310866,0.330696,2581.087181,8,1,6,0.12622,5
Measles,Measles,,11,16,27,11,16,27,7,0.311271,0.330894,1030.313832,6,1,6,0.133846,12
Muhammad,Muhammad,,41,37,78,41,37,78,7,0.315364,0.338882,7323.052458,1,1,6,0.118951,11
Winter,Winter,,58,40,98,58,40,98,7,0.35243,0.37751,44542.173376,2,1,6,0.055184,5
2005_Lake_Tanganyika_earthquake,2005_Lake_Tanganyika_earthquake,,0,15,15,0,15,15,7,0.299682,0.317751,0,5,1,16,0.347619,5
African_Great_Lakes,African_Great_Lakes,,10,22,32,10,22,32,7,0.30408,0.324545,1431.733551,5,1,6,0.231527,5
Burundi,Burundi,,55,33,88,55,33,88,7,0.325753,0.351448,3152.783825,5,1,6,0.244673,9
Democratic_Republic_of_the_Congo,Democratic_Republic_of_the_Congo,,79,145,224,79,145,224,7,0.360933,0.399209,32338.638216,5,1,6,0.143462,5
East_Africa,East_Africa,,47,47,94,47,47,94,7,0.337524,0.365177,10452.806915,5,1,6,0.174641,5
Great_Rift_Valley,Great_Rift_Valley,,28,20,48,28,20,48,7,0.310318,0.330504,5185.353765,5,1,6,0.195195,5
Kenya,Kenya,,105,133,238,105,133,238,7,0.372029,0.40922,50895.555916,5,1,6,0.126075,9
Lake_Tanganyika,Lake_Tanganyika,,23,11,34,23,11,34,7,0.293555,0.311359,985.891761,5,1,6,0.237154,5
Second_Congo_War,Second_Congo_War,,13,53,66,13,53,66,7,0.340443,0.368885,2672.749722,5,1,6,0.181704,0
Tanzania,Tanzania,,95,122,217,95,122,217,7,0.359972,0.395883,28119.891145,5,1,6,0.145672,9
Zinc,Zinc,,68,36,104,68,36,104,7,0.33148,0.357323,18022.913142,7,1,6,0.095409,12
Bangkok,Bangkok,,20,29,49,20,29,49,7,0.327994,0.352128,1465.316032,8,1,6,0.161205,5
Jakarta,Jakarta,,29,31,60,29,31,60,6,0.339304,0.364521,4040.417697,8,1,6,0.17911,5
John_Howard,John_Howard,,13,25,38,13,25,38,6,0.337665,0.362222,1201.970526,12,1,6,0.189076,11
Kuala_Lumpur,Kuala_Lumpur,,20,9,29,20,9,29,7,0.309324,0.327177,769.235483,8,1,6,0.117725,5
Madagascar,Madagascar,,104,151,255,104,151,255,7,0.367676,0.406498,30484.417205,5,1,6,0.132747,9
Mauritius,Mauritius,,75,40,115,75,40,115,7,0.346555,0.373132,18041.54461,5,1,6,0.191414,9
Seychelles,Seychelles,,54,30,84,54,30,84,7,0.329139,0.354054,3274.087446,5,1,6,0.272727,5
AIDS,AIDS,,77,40,117,77,40,117,7,0.34703,0.374801,18620.411101,5,1,6,0.083883,12
Alzheimer%27s_disease,Alzheimer%27s_disease,,13,9,22,13,9,22,7,0.295201,0.311505,2582.801792,11,1,6,0.065359,12
Atonality,Atonality,,4,10,14,4,10,14,7,0.301772,0.320111,106.848826,4,1,6,0.275641,2
Automobile,Automobile,,86,31,117,86,31,117,7,0.341965,0.367146,25275.643586,3,1,6,0.066039,8
Birth_control,Birth_control,,19,22,41,19,22,41,7,0.320931,0.343111,7673.908024,9,1,6,0.104552,12
Cancer,Cancer,,96,34,130,96,34,130,7,0.341275,0.365164,39781.306237,11,1,6,0.033058,12
Communism,Communism,,175,59,234,175,59,234,7,0.342399,0.373074,29547.014776,10,1,6,0.071432,7
Computer,Computer,,87,36,123,87,36,123,7,0.305087,0.325476,132678.259238,13,1,6,0.037281,1
Cubism,Cubism,,19,11,30,19,11,30,7,0.301502,0.3186,865.51679,4,1,6,0.162393,13
Existentialism,Existentialism,,16,23,39,16,23,39,7,0.311918,0.333622,3027.891936,9,1,6,0.145161,14
Expressionism,Expressionism,,14,12,26,14,12,26,7,0.29983,0.317585,706.534176,4,1,6,0.124506,13
Fascism,Fascism,,52,43,95,52,43,95,7,0.326646,0.352837,8251.178696,10,1,6,0.107799,7
Fashion,Fashion,,18,26,44,18,26,44,7,0.317488,0.339435,8439.743052,9,1,6,0.094657,4
Film,Film,,140,19,159,140,19,159,7,0.320956,0.341219,36910.808554,13,1,6,0.022461,4
Integrated_circuit,Integrated_circuit,,25,23,48,25,23,48,7,0.305248,0.325048,6532.558605,7,1,6,0.106312,12
Internet,Internet,,121,33,154,121,33,154,7,0.334378,0.359055,54999.437915,13,1,6,0.041615,1
Jazz,Jazz,,80,26,106,80,26,106,7,0.324113,0.346417,35591.870257,4,1,6,0.0657,2
Jet_engine,Jet_engine,,15,11,26,15,11,26,7,0.30367,0.32155,5784.135761,7,1,6,0.112648,8
Mass_media,Mass_media,,54,48,102,54,48,102,7,0.338567,0.365016,36546.926093,13,1,6,0.05731,4
Moore%27s_Law,Moore%27s_Law,,1,16,17,1,16,17,7,0.293194,0.310374,632.511701,7,1,6,0.150735,1
Nationalism,Nationalism,,79,108,187,79,108,187,7,0.364864,0.400771,28624.673767,9,1,6,0.097919,7
Nazism,Nazism,,122,50,172,122,50,172,7,0.338228,0.366324,22918.94247,10,1,6,0.068534,0
Nitrogen,Nitrogen,,109,46,155,109,46,155,7,0.324814,0.350509,31442.10665,7,1,6,0.074185,12
Physics,Physics,,128,107,235,128,107,235,7,0.352675,0.385922,109431.660121,7,1,6,0.059788,12
Quantum_mechanics,Quantum_mechanics,,62,41,103,62,41,103,7,0.313486,0.336236,18136.9842,7,1,6,0.113117,12
Russian_Revolution_of_1917,Russian_Revolution_of_1917,,46,18,64,46,18,64,7,0.304514,0.324433,10128.147329,10,1,6,0.173655,0
Scurvy,Scurvy,,17,20,37,17,20,37,7,0.314239,0.334724,7362.610813,11,1,6,0.079637,12
Technology,Technology,,70,38,108,70,38,108,7,0.328525,0.352426,17402.514245,9,1,6,0.052475,3
Television,Television,,158,21,179,158,21,179,7,0.312158,0.331513,21488.924485,13,1,6,0.028254,4
Tobacco_smoking,Tobacco_smoking,,25,40,65,25,40,65,6,0.345462,0.371004,15870.519977,11,1,6,0.075706,12
Trench_warfare,Trench_warfare,,18,50,68,18,50,68,6,0.345727,0.373018,6313.068848,10,1,6,0.117967,0
Vietnam_War,Vietnam_War,,89,31,120,89,31,120,7,0.323414,0.347491,9257.829375,3,1,6,0.066126,0
Vitamin,Vitamin,,30,27,57,30,27,57,7,0.323182,0.345999,17450.034222,11,1,6,0.067177,12
War,War,,83,43,126,83,43,126,7,0.326094,0.351838,28030.879153,9,1,6,0.062816,0
African_Union,African_Union,,38,89,127,38,89,127,7,0.334213,0.36559,8421.637028,5,1,6,0.231579,7
Archbishop_of_Canterbury,Archbishop_of_Canterbury,,70,26,96,70,26,96,7,0.311128,0.333016,6534.750446,0,1,6,0.11506,11
Argentina,Argentina,,189,163,352,189,163,352,6,0.386537,0.425308,160259.125139,6,1,6,0.059543,9
Ariel_Sharon,Ariel_Sharon,,8,28,36,8,28,36,7,0.327411,0.351884,1331.404799,1,1,6,0.170363,11
Arnold_Schwarzenegger,Arnold_Schwarzenegger,,10,18,28,10,18,28,7,0.322951,0.344732,2620.237083,3,1,6,0.14,11
Bill_Gates,Bill_Gates,,15,26,41,15,26,41,7,0.331534,0.354677,5573.65114,13,1,6,0.080297,11
Black_hole,Black_hole,,17,25,42,17,25,42,7,0.311463,0.330643,2926.131705,7,1,6,0.222816,12
Blade_Runner,Blade_Runner,,4,32,36,4,32,36,7,0.336459,0.360219,2647.483853,13,1,6,0.088235,4
C%C3%B4te_d%27Ivoire,C%C3%B4te_d%27Ivoire,,62,44,106,62,44,106,7,0.331182,0.357509,8264.787809,5,1,6,0.244078,9
Capitalism,Capitalism,,87,47,134,87,47,134,6,0.340072,0.366802,26709.96853,9,1,6,0.092568,7
Cassini-Huygens,Cassini-Huygens,,14,18,32,14,18,32,7,0.307214,0.325474,1015.972838,7,1,6,0.17328,12
Civilization,Civilization,,58,121,179,58,121,179,7,0.36751,0.40288,39132.650439,1,1,6,0.073913,7
Comet_Halley,Comet_Halley,,8,19,27,8,19,27,7,0.312327,0.331836,3206.584882,7,1,6,0.126812,12
Condoleezza_Rice,Condoleezza_Rice,,15,91,106,15,91,106,7,0.361351,0.394937,7256.734484,10,1,6,0.136238,11
Darfur_conflict,Darfur_conflict,,12,30,42,12,30,42,7,0.315954,0.339916,1723.090022,5,1,6,0.154356,0
Democracy,Democracy,,153,44,197,153,44,197,7,0.339901,0.368063,27454.25404,9,1,6,0.073295,7
Denmark,Denmark,,230,51,281,230,51,281,7,0.340787,0.369327,51022.408886,10,1,6,0.061147,5
Doctor_Who,Doctor_Who,,37,49,86,37,49,86,7,0.344963,0.372852,19622.387928,13,1,6,0.084388,4
Economics,Economics,,106,38,144,106,38,144,7,0.335291,0.359791,26753.512974,9,1,6,0.054978,10
Education,Education,,72,39,111,72,39,111,7,0.332023,0.356958,39130.995699,9,1,6,0.066026,7
Fidel_Castro,Fidel_Castro,,23,46,69,23,46,69,7,0.343705,0.371405,2826.412921,6,1,6,0.122356,11
Georgia_%28country%29,Georgia_%28country%29,,84,180,264,84,180,264,6,0.373331,0.414743,25642.38778,5,1,6,0.151052,5
Global_warming,Global_warming,,71,32,103,71,32,103,6,0.338228,0.362079,23858.509392,7,1,6,0.070735,7
Globalization,Globalization,,27,40,67,27,40,67,7,0.338002,0.365201,10657.469991,9,1,6,0.096262,10
Google,Google,,23,22,45,23,22,45,7,0.323518,0.345371,6559.661959,13,1,6,0.060395,1
Gordon_Brown,Gordon_Brown,,12,19,31,12,19,31,7,0.320855,0.343184,5830.832184,0,1,6,0.19709,11
HIV,HIV,,48,16,64,48,16,64,7,0.323466,0.34584,3825.993081,5,1,6,0.102825,12
Harry_Potter,Harry_Potter,,20,27,47,20,27,47,6,0.338878,0.361659,11185.823232,0,1,6,0.068106,3
Homestar_Runner,Homestar_Runner,,5,12,17,5,12,17,7,0.294729,0.310431,2716.53751,13,1,6,0.040441,4
Homo_floresiensis,Homo_floresiensis,,2,23,25,2,23,25,7,0.31959,0.341789,196.083629,2,1,6,0.14,12
Jaws_%28film%29,Jaws_%28film%29,,9,11,20,9,11,20,7,0.307144,0.325025,3611.684333,13,1,6,0.120833,4
King_Kong_%282005_film%29,King_Kong_%282005_film%29,,4,15,19,4,15,19,7,0.317314,0.337605,5132.09058,2,1,6,0.176471,4
Kyrgyzstan,Kyrgyzstan,,51,40,91,51,40,91,7,0.331996,0.357783,5342.548072,5,1,6,0.179475,9
Lance_Armstrong,Lance_Armstrong,,5,10,15,5,10,15,7,0.306078,0.32453,872.849699,6,1,6,0.204545,11
Latvia,Latvia,,72,78,150,72,78,150,7,0.342196,0.374012,6027.660285,10,1,6,0.251281,5
Lebanon,Lebanon,,114,192,306,114,192,306,7,0.377925,0.420834,31581.261947,5,1,6,0.129211,5
Linus_Torvalds,Linus_Torvalds,,10,14,24,10,14,24,7,0.304652,0.321326,5825.154223,13,1,6,0.099415,11
Linux,Linux,,45,12,57,45,12,57,8,0.26059,0.273329,15548.168881,13,1,6,0.086275,1
Madrid,Madrid,,67,71,138,67,71,138,7,0.337721,0.367913,15674.573239,6,1,6,0.079935,5
Mahmoud_Abbas,Mahmoud_Abbas,,6,24,30,6,24,30,7,0.325231,0.349266,160.665876,10,1,6,0.240741,11
Malaria,Malaria,,57,40,97,57,40,97,7,0.338539,0.36515,9385.507651,5,1,6,0.077759,12
Malta,Malta,,93,39,132,93,39,132,7,0.332241,0.35872,5492.85517,10,1,6,0.15247,5
Mars_Exploration_Rover,Mars_Exploration_Rover,,7,22,29,7,22,29,7,0.316743,0.338383,2480.139828,7,1,6,0.066138,12
Mars_Reconnaissance_Orbiter,Mars_Reconnaissance_Orbiter,,5,14,19,5,14,19,8,0.291571,0.30903,626.554959,7,1,6,0.132353,12
Mercury_%28planet%29,Mercury_%28planet%29,,39,53,92,39,53,92,7,0.337805,0.364269,14534.582792,7,1,6,0.129038,12
Montenegro,Montenegro,,46,88,134,46,88,134,6,0.352032,0.385155,3711.761878,10,1,6,0.326768,5
Neptune,Neptune,,25,22,47,25,22,47,7,0.310532,0.330296,3351.565062,7,1,6,0.188734,12
New_Delhi,New_Delhi,,24,11,35,24,11,35,7,0.305225,0.32423,666.235005,8,1,6,0.120265,5
North_Korea,North_Korea,,72,33,105,72,33,105,7,0.330723,0.355668,6436.362668,8,1,6,0.158863,9
Osama_bin_Laden,Osama_bin_Laden,,15,48,63,15,48,63,7,0.341476,0.368831,2659.237044,1,1,6,0.18663,11
Pope_Benedict_XVI,Pope_Benedict_XVI,,22,50,72,22,50,72,7,0.33358,0.361742,3563.014749,10,1,6,0.120192,11
Poverty,Poverty,,65,55,120,65,55,120,7,0.338623,0.366988,30599.255092,9,1,6,0.056969,7
Richard_Stallman,Richard_Stallman,,14,23,37,14,23,37,7,0.314532,0.335713,11879.886373,13,1,6,0.082661,11
Rowan_Williams,Rowan_Williams,,9,16,25,9,16,25,7,0.313074,0.332799,636.070031,0,1,6,0.228947,11
Salt_Lake_City%2C_Utah,Salt_Lake_City%2C_Utah,,15,45,60,15,45,60,7,0.336711,0.363997,2902.580596,3,1,6,0.089562,5
Senegal,Senegal,,82,23,105,82,23,105,7,0.314069,0.336179,2827.05071,5,1,6,0.231868,9
September_11%2C_2001_attacks,September_11%2C_2001_attacks,,72,48,120,72,48,120,6,0.347714,0.375493,23337.31951,3,1,6,0.090724,0
Solar_eclipse,Solar_eclipse,,24,22,46,24,22,46,7,0.321516,0.342891,5440.503833,7,1,6,0.091768,12
South_Korea,South_Korea,,134,39,173,134,39,173,7,0.336823,0.363606,13158.833046,8,1,6,0.09211,9
Space_Shuttle_Columbia_disaster,Space_Shuttle_Columbia_disaster,,8,17,25,8,17,25,7,0.311439,0.3311,3086.441644,3,1,6,0.15,12
Sri_Lankan_Civil_War,Sri_Lankan_Civil_War,,3,17,20,3,17,20,7,0.317712,0.339143,76.398998,8,1,6,0.230994,7
Star_Trek__Deep_Space_Nine,Star_Trek__Deep_Space_Nine,,7,14,21,7,14,21,7,0.31954,0.339017,5869.097436,13,1,6,0.091912,4
Star_Wars,Star_Wars,,27,33,60,27,33,60,7,0.337159,0.360517,33509.100272,13,1,6,0.07089,4
Stargate_SG-1,Stargate_SG-1,,11,50,61,11,50,61,6,0.349905,0.377635,3839.391681,10,1,6,0.153107,4
Stephen_Harper,Stephen_Harper,,9,16,25,9,16,25,7,0.306402,0.325614,640.561681,3,1,6,0.168421,11
Stephen_Hawking,Stephen_Hawking,,13,35,48,13,35,48,7,0.34697,0.371952,8520.58523,7,1,6,0.107294,11
Sudan,Sudan,,123,132,255,123,132,255,7,0.354588,0.390514,36759.223993,5,1,6,0.137054,9
Terrorism,Terrorism,,53,29,82,53,29,82,7,0.329005,0.353608,8761.31511,9,1,6,0.097569,7
The_Lord_of_the_Rings_film_trilogy,The_Lord_of_the_Rings_film_trilogy,,12,14,26,12,14,26,7,0.304766,0.322061,7933.257501,13,1,6,0.089474,4
Tony_Blair,Tony_Blair,,44,87,131,44,87,131,7,0.35962,0.393186,28842.552401,0,1,6,0.104534,11
Tour_de_France,Tour_de_France,,12,20,32,12,20,32,7,0.319792,0.341537,16219.63142,6,1,6,0.284615,4
Transit_of_Venus,Transit_of_Venus,,7,33,40,7,33,40,7,0.333032,0.357032,2072.729409,7,1,6,0.098348,12
Tuberculosis,Tuberculosis,,73,32,105,73,32,105,6,0.343414,0.369417,18456.356862,11,1,6,0.046364,12
Turkey,Turkey,,249,172,421,249,172,421,6,0.369116,0.410574,87011.576673,10,1,6,0.080071,5
U2,U2,,22,32,54,22,32,54,6,0.334378,0.359394,6454.925969,4,1,6,0.123265,2
Ukraine,Ukraine,,171,58,229,171,58,229,7,0.332677,0.36123,19499.191849,10,1,6,0.099267,5
World_Health_Organization,World_Health_Organization,,57,45,102,57,45,102,7,0.332895,0.35951,10867.444124,5,1,6,0.086359,7
Cai_Lun,Cai_Lun,,2,5,7,2,5,7,7,0.292222,0.308612,4.665596,0,1,6,0.309524,11
Hadrian%27s_Wall,Hadrian%27s_Wall,,14,17,31,14,17,31,7,0.30923,0.329219,630.591227,0,1,6,0.12963,0
Ptolemy,Ptolemy,,46,26,72,46,26,72,7,0.330184,0.354375,12746.475542,7,1,6,0.085482,11
Citizenship,Citizenship,,34,24,58,34,24,58,7,0.32012,0.342393,3005.746739,9,1,6,0.070707,7
Glasses,Glasses,,7,21,28,7,21,28,7,0.334571,0.356342,4879.086815,11,1,6,0.090769,8
4-2-0,4-2-0,,4,4,8,4,4,8,7,0.290152,0.306124,113.154966,3,1,6,0.095238,8
Chicago_and_North_Western_Railway,Chicago_and_North_Western_Railway,,7,7,14,7,7,14,7,0.297345,0.314587,5242.115392,3,1,6,0.212121,8
Robert_Stephenson,Robert_Stephenson,,7,10,17,7,10,17,7,0.300898,0.318398,1110.441274,0,1,6,0.147436,0
6-2-0,6-2-0,,1,3,4,1,3,4,7,0.30148,0.318735,72.375186,3,1,6,0.25,8
47_Ursae_Majoris,47_Ursae_Majoris,,3,16,19,3,16,19,7,0.296562,0.314717,9234.624657,7,1,6,0.45,12
47_Ursae_Majoris_b,47_Ursae_Majoris_b,,2,13,15,2,13,15,7,0.291089,0.308413,37.84217,7,1,6,0.423077,12
47_Ursae_Majoris_c,47_Ursae_Majoris_c,,2,11,13,2,11,13,8,0.276346,0.291374,1.085206,7,1,6,0.518182,12
Helium,Helium,,69,73,142,69,73,142,7,0.351605,0.382259,38717.600122,7,1,6,0.106323,12
Hydrogen,Hydrogen,,155,56,211,155,56,211,7,0.31841,0.343801,59902.033931,7,1,6,0.07793,12
Iron,Iron,,204,57,261,204,57,261,7,0.336739,0.365078,73746.610055,7,1,6,0.05018,5
Planetary_habitability,Planetary_habitability,,11,52,63,11,52,63,7,0.324035,0.349256,24826.98296,7,1,6,0.178463,12
Saturn,Saturn,,23,38,61,23,38,61,7,0.319565,0.342196,3017.55395,7,1,6,0.198701,12
Ammonia,Ammonia,,53,57,110,53,57,110,7,0.343268,0.37115,25279.905879,7,1,6,0.105353,12
Cloud,Cloud,,30,21,51,30,21,51,7,0.304149,0.321991,4634.933482,7,1,6,0.098551,5
Gas_giant,Gas_giant,,32,19,51,32,19,51,7,0.303534,0.322485,2375.356915,7,1,6,0.193939,12
Aluminium,Aluminium,,107,80,187,107,80,187,7,0.345227,0.376267,50410.870803,7,1,6,0.084752,12
Ceres_%28dwarf_planet%29,Ceres_%28dwarf_planet%29,,6,32,38,6,32,38,7,0.320272,0.341739,842.907519,7,1,6,0.21371,12
Crust_%28geology%29,Crust_%28geology%29,,38,9,47,38,9,47,7,0.286948,0.30215,1626.647296,7,1,6,0.138792,5
Metal,Metal,,108,43,151,108,43,151,7,0.318285,0.341856,32892.465964,7,1,6,0.088014,12
Metamorphic_rock,Metamorphic_rock,,17,13,30,17,13,30,7,0.292983,0.309403,1469.937604,7,1,6,0.108262,5
Nickel,Nickel,,51,35,86,51,35,86,7,0.328312,0.352503,12833.881269,7,1,6,0.123658,12
Alchemy,Alchemy,,53,91,144,53,91,144,7,0.363587,0.396091,44037.761973,7,1,6,0.071925,12
Armenia,Armenia,,99,186,285,99,186,285,6,0.376836,0.418323,34895.339422,5,1,6,0.128337,5
Augustine_of_Hippo,Augustine_of_Hippo,,42,21,63,42,21,63,7,0.307891,0.32801,4478.022298,9,1,6,0.078966,11
Christian_monasticism,Christian_monasticism,,6,26,32,6,26,32,7,0.318761,0.341431,6697.846549,1,1,6,0.128307,14
First_Council_of_Nicaea,First_Council_of_Nicaea,,6,22,28,6,22,28,7,0.308125,0.329782,383.19434,1,1,6,0.218462,14
55_Cancri,55_Cancri,,8,23,31,8,23,31,7,0.299299,0.317371,20790.444785,7,1,6,0.33,12
55_Cancri_b,55_Cancri_b,,5,14,19,5,14,19,7,0.280398,0.296039,26.386001,7,1,6,0.3875,12
55_Cancri_c,55_Cancri_c,,4,13,17,4,13,17,8,0.281254,0.296534,13.4552,7,1,6,0.480769,12
55_Cancri_d,55_Cancri_d,,4,15,19,4,15,19,7,0.292644,0.309991,118.071498,7,1,6,0.366667,12
55_Cancri_e,55_Cancri_e,,2,16,18,2,16,18,7,0.292328,0.308713,21.690601,7,1,6,0.429167,12
Binoculars,Binoculars,,14,7,21,14,7,21,7,0.312785,0.331523,2885.913361,7,1,6,0.092105,8
Upsilon_Andromedae,Upsilon_Andromedae,,6,20,26,6,20,26,7,0.296627,0.314391,13894.970923,7,1,6,0.311688,12
Tide,Tide,,38,14,52,38,14,52,7,0.296432,0.312921,7202.350347,7,1,6,0.082908,5
Heat,Heat,,48,24,72,48,24,72,7,0.30383,0.32362,9862.613936,7,1,6,0.086558,12
Attila_the_Hun,Attila_the_Hun,,15,35,50,15,35,50,7,0.325048,0.350132,2123.144449,1,1,6,0.161425,11
Backgammon,Backgammon,,7,31,38,7,31,38,7,0.331209,0.356266,799.420903,1,1,6,0.181818,4
Chess,Chess,,38,24,62,38,24,62,7,0.319817,0.34267,5603.107117,8,1,6,0.078901,4
Franks,Franks,,48,26,74,48,26,74,7,0.317811,0.340958,4993.184764,1,1,6,0.155757,0
King_Arthur,King_Arthur,,23,27,50,23,27,50,7,0.31657,0.338206,4474.394354,0,1,6,0.098057,0
Language,Language,,110,24,134,110,24,134,7,0.313996,0.335745,28188.400014,9,1,6,0.037121,3
Vietnam,Vietnam,,146,54,200,146,54,200,7,0.342978,0.371173,24771.30255,8,1,6,0.083825,9
English_poetry,English_poetry,,9,45,54,9,45,54,7,0.338313,0.364946,9013.302213,0,1,6,0.125566,3
Heraclius,Heraclius,,10,11,21,10,11,21,8,0.292075,0.309305,200.899553,1,1,6,0.300654,11
Lake_Chad,Lake_Chad,,8,12,20,8,12,20,7,0.305708,0.324711,321.04287,5,1,6,0.2,5
Library_of_Alexandria,Library_of_Alexandria,,9,10,19,9,10,19,7,0.290818,0.306456,1409.004491,1,1,6,0.068627,0
Qur%27an,Qur%27an,,53,23,76,53,23,76,7,0.315437,0.337976,2961.570629,1,1,6,0.11194,14
Shinto,Shinto,,15,22,37,15,22,37,7,0.315168,0.335832,2776.081335,8,1,6,0.133333,14
Sutton_Hoo,Sutton_Hoo,,4,14,18,4,14,18,7,0.298483,0.315951,3172.063096,0,1,6,0.133987,0
Taoism,Taoism,,37,23,60,37,23,60,7,0.311176,0.331722,6833.89846,8,1,6,0.143529,14
Abbasid,Abbasid,,29,17,46,29,17,46,7,0.299056,0.317739,892.049089,1,1,6,0.162021,0
Battle_of_Tours,Battle_of_Tours,,5,26,31,5,26,31,7,0.317438,0.34049,565.136091,1,1,6,0.224138,0
Charlemagne,Charlemagne,,57,49,106,57,49,106,7,0.33235,0.358911,12910.545398,0,1,6,0.101748,11
Du_Fu,Du_Fu,,4,27,31,4,27,31,7,0.31851,0.340656,732.545424,8,1,6,0.097701,11
Rhine,Rhine,,43,53,96,43,53,96,7,0.33554,0.362418,15538.518549,10,1,6,0.123377,5
Arctic_Ocean,Arctic_Ocean,,36,24,60,36,24,60,7,0.331209,0.353859,8856.269536,7,1,6,0.153623,5
Alfred_the_Great,Alfred_the_Great,,21,29,50,21,29,50,7,0.319464,0.342617,6078.469038,0,1,6,0.144019,11
Bulgaria,Bulgaria,,110,145,255,110,145,255,6,0.374988,0.412872,22693.95153,10,1,6,0.146868,5
Danube,Danube,,43,37,80,43,37,80,7,0.31583,0.33984,2500.455616,10,1,6,0.205069,5
Gunpowder,Gunpowder,,24,7,31,24,7,31,7,0.298703,0.315017,1648.663674,7,1,6,0.098291,12
Vulgar_Latin,Vulgar_Latin,,10,21,31,10,21,31,7,0.307168,0.32783,1318.462342,1,1,6,0.196923,3
Western_Roman_Empire,Western_Roman_Empire,,28,49,77,28,49,77,7,0.323363,0.3502,3462.04928,1,1,6,0.193371,5
A._E._J._Collins,A._E._J._Collins,,0,9,9,0,9,9,7,0.302747,0.320455,0,12,1,17,0.333333,11
Bristol,Bristol,,62,62,124,62,62,124,7,0.348671,0.379447,40829.257503,0,1,6,0.077194,5
The_Ashes,The_Ashes,,6,14,20,6,14,20,7,0.311463,0.331712,2805.250086,12,1,6,0.156863,4
ABO_blood_group_system,ABO_blood_group_system,,2,20,22,2,20,22,7,0.322591,0.344956,3096.0095,2,1,6,0.17381,12
Ape,Ape,,12,20,32,12,20,32,7,0.318711,0.340958,1053.704464,2,1,6,0.130542,12
Blood_type,Blood_type,,6,5,11,6,5,11,8,0.263829,0.276439,4768.459347,11,1,6,0.088889,12
Bonobo,Bonobo,,9,15,24,9,15,24,7,0.323905,0.345577,755.75132,2,1,6,0.155844,12
Chimpanzee,Chimpanzee,,25,24,49,25,24,49,7,0.323389,0.345181,5170.141238,2,1,6,0.081313,12
Gorilla,Gorilla,,16,15,31,16,15,31,7,0.300163,0.31905,6491.555243,2,1,6,0.114532,12
Hong_Kong,Hong_Kong,,129,68,197,129,68,197,6,0.35838,0.387876,33439.806088,8,1,6,0.066404,9
Plant,Plant,,185,70,255,185,70,255,7,0.331047,0.358813,102816.106949,11,1,6,0.038537,12
AC_DC,AC_DC,,0,28,28,0,28,28,6,0.335179,0.359186,0,4,1,18,0.222222,2
Bluegrass_music,Bluegrass_music,,9,9,18,9,9,18,7,0.285835,0.302047,761.404659,4,1,6,0.229167,2
Glasgow,Glasgow,,61,55,116,61,55,116,6,0.352185,0.381048,28281.135353,0,1,6,0.081117,5
Guitar,Guitar,,54,17,71,54,17,71,7,0.301368,0.319994,4542.1285,4,1,6,0.059674,2
Hip_hop_music,Hip_hop_music,,50,48,98,50,48,98,7,0.341102,0.368696,13143.590064,4,1,6,0.10572,2
Iron_Maiden,Iron_Maiden,,14,12,26,14,12,26,7,0.320398,0.341297,1093.232732,13,1,6,0.215415,2
Melbourne,Melbourne,,60,70,130,60,70,130,6,0.358476,0.389048,31346.034492,12,1,6,0.05725,5
Perth%2C_Western_Australia,Perth%2C_Western_Australia,,34,35,69,34,35,69,7,0.33424,0.35865,12069.496858,12,1,6,0.084856,5
Queen_%28band%29,Queen_%28band%29,,15,51,66,15,51,66,6,0.347655,0.376011,15418.597949,4,1,6,0.143073,2
Superman,Superman,,20,33,53,20,33,53,7,0.340586,0.365035,10526.240654,13,1,6,0.088435,4
The_Beatles,The_Beatles,,61,60,121,61,60,121,6,0.352583,0.382116,41368.391477,4,1,6,0.076909,2
Brain,Brain,,54,54,108,54,54,108,7,0.325283,0.35101,36858.120048,11,1,6,0.049342,12
Cameroon,Cameroon,,83,32,115,83,32,115,7,0.336125,0.361162,7549.86245,5,1,6,0.179985,9
DNA,DNA,,100,31,131,100,31,131,7,0.320246,0.340549,42897.366665,11,1,6,0.048675,12
Eye,Eye,,54,31,85,54,31,85,7,0.304606,0.325491,31280.590635,11,1,6,0.0491,12
Fungus,Fungus,,38,20,58,38,20,58,7,0.310295,0.329503,6035.002199,11,1,6,0.115918,12
Gabon,Gabon,,59,19,78,59,19,78,7,0.311894,0.333546,1767.554768,5,1,6,0.298806,9
Genetics,Genetics,,68,27,95,68,27,95,7,0.31583,0.335803,15531.640976,11,1,6,0.06881,12
Meningitis,Meningitis,,9,15,24,9,15,24,7,0.316743,0.336594,1523.060891,11,1,6,0.090909,12
Sub-Saharan_Africa,Sub-Saharan_Africa,,48,74,122,48,74,122,7,0.335707,0.365553,10464.917773,5,1,6,0.159787,5
Virus,Virus,,34,28,62,34,28,62,7,0.3093,0.329573,9429.167421,11,1,6,0.082579,12
Zimbabwe,Zimbabwe,,86,63,149,86,63,149,7,0.350783,0.381287,18385.903811,5,1,6,0.117235,9
AK-47,AK-47,,6,35,41,6,35,41,7,0.333059,0.359395,461.579524,10,1,6,0.22378,0
Albania,Albania,,85,139,224,85,139,224,6,0.363457,0.401126,11342.492164,10,1,6,0.186,5
Burkina_Faso,Burkina_Faso,,62,39,101,62,39,101,7,0.329032,0.354149,6152.069576,5,1,6,0.225868,9
Chromium,Chromium,,34,35,69,34,35,69,7,0.320449,0.345172,3808.847138,7,1,6,0.130055,12
Mozambique,Mozambique,,98,162,260,98,162,260,7,0.359748,0.400021,16997.844382,5,1,6,0.142244,9
Russian_language,Russian_language,,128,65,193,128,65,193,7,0.344611,0.374809,27971.850471,10,1,6,0.081884,3
Spanish_language,Spanish_language,,200,79,279,200,79,279,7,0.356898,0.388672,50575.412154,6,1,6,0.06376,3
Yugoslavia,Yugoslavia,,53,49,102,53,49,102,7,0.337215,0.364798,6254.121315,10,1,6,0.182731,0
ALCO_FA,ALCO_FA,,2,6,8,2,6,8,7,0.292602,0.308698,92.523889,6,1,6,0.309524,8
Canadian_Pacific_Railway,Canadian_Pacific_Railway,,17,47,64,17,47,64,6,0.339759,0.366761,37359.662722,3,1,6,0.105519,8
ASCII,ASCII,,10,5,15,10,5,15,8,0.248255,0.258507,1457.510037,13,1,6,0.042857,1
AT%26T,AT%26T,,15,10,25,15,10,25,7,0.306912,0.325154,4706.300371,3,1,6,0.09058,10
Markup_language,Markup_language,,5,4,9,5,4,9,8,0.251006,0.261634,3102.418415,13,1,6,0.097222,1
Microsoft_Windows,Microsoft_Windows,,43,8,51,43,8,51,8,0.248027,0.259483,5963.664477,13,1,6,0.091362,1
Perl,Perl,,12,7,19,12,7,19,8,0.260155,0.271388,1222.777214,13,1,6,0.216912,1
Dallas%2C_Texas,Dallas%2C_Texas,,29,39,68,29,39,68,7,0.337721,0.362837,9453.088893,3,1,6,0.097312,5
Employment,Employment,,64,15,79,64,15,79,7,0.313002,0.332822,6765.169952,9,1,6,0.033493,10
Industry,Industry,,99,18,117,99,18,117,7,0.310485,0.3301,8557.095434,13,1,6,0.048198,10
San_Francisco%2C_California,San_Francisco%2C_California,,42,26,68,42,26,68,6,0.32962,0.353388,12329.358301,3,1,6,0.08007,5
United_States_Constitution,United_States_Constitution,,47,25,72,47,25,72,7,0.322719,0.345534,5759.022842,3,1,6,0.115819,7
ATLAS_experiment,ATLAS_experiment,,0,17,17,0,17,17,7,0.286968,0.303967,0,7,1,20,0.154412,12
Argon,Argon,,45,31,76,45,31,76,7,0.301055,0.321753,3737.798876,7,1,6,0.210999,12
Central_processing_unit,Central_processing_unit,,25,11,36,25,11,36,7,0.278664,0.293057,3928.469184,13,1,6,0.051136,1
Electric_charge,Electric_charge,,42,25,67,42,25,67,7,0.298549,0.317108,10135.60362,7,1,6,0.129412,12
Electron,Electron,,181,22,203,181,22,203,7,0.293343,0.312493,26364.298208,7,1,6,0.082011,12
Hawking_radiation,Hawking_radiation,,7,11,18,7,11,18,7,0.298022,0.314793,473.875999,7,1,6,0.245833,12
Lead,Lead,,97,30,127,97,30,127,7,0.310437,0.331659,24365.467525,7,1,6,0.078093,12
List_of_particles,List_of_particles,,1,11,12,1,11,12,8,0.268312,0.284083,15.032536,7,1,19,0.378788,12
Magnet,Magnet,,17,10,27,17,10,27,7,0.296367,0.312131,2182.884644,7,1,6,0.115385,12
Momentum,Momentum,,25,9,34,25,9,34,7,0.290401,0.306926,1024.999844,7,1,6,0.211494,12
Photon,Photon,,45,36,81,45,36,81,7,0.306564,0.326787,11837.4363,7,1,6,0.139183,12
Proton,Proton,,44,10,54,44,10,54,7,0.280457,0.295674,658.368628,7,1,6,0.157971,12
Silicon,Silicon,,59,43,102,59,43,102,7,0.320297,0.344451,9983.271322,7,1,6,0.127731,12
Statistics,Statistics,,46,22,68,46,22,68,7,0.308406,0.328674,7667.64339,9,1,6,0.07481,6
String_theory,String_theory,,13,25,38,13,25,38,7,0.296649,0.315244,2380.206877,7,1,6,0.163866,12
A_Christmas_Carol,A_Christmas_Carol,,5,17,22,5,17,22,7,0.320171,0.340769,824.459667,13,1,6,0.119883,3
Animation,Animation,,24,3,27,24,3,27,8,0.263008,0.274579,5775.779484,13,1,6,0.041311,4
Bob_Marley,Bob_Marley,,6,27,33,6,27,33,7,0.340443,0.365238,793.434047,4,1,6,0.168966,11
Country,Country,,82,19,101,82,19,101,7,0.334323,0.356609,8186.558187,5,1,6,0.123185,5
Greek_mythology,Greek_mythology,,70,55,125,70,55,125,7,0.332868,0.360019,40475.57665,1,1,6,0.054054,14
Looney_Tunes,Looney_Tunes,,8,14,22,8,14,22,7,0.306055,0.325504,1790.380621,13,1,6,0.115789,4
Scrooge_McDuck,Scrooge_McDuck,,4,23,27,4,23,27,7,0.325231,0.348081,1411.8569,10,1,6,0.143116,4
Theatre,Theatre,,55,17,72,55,17,72,7,0.322719,0.344029,21562.03528,13,1,6,0.054561,3
A_Tale_of_a_Tub,A_Tale_of_a_Tub,,3,16,19,3,16,19,7,0.298264,0.315877,101.94258,0,1,6,0.111111,3
Church_of_England,Church_of_England,,90,34,124,90,34,124,7,0.317587,0.34057,11927.410857,0,1,6,0.095248,14
Medicine,Medicine,,97,45,142,97,45,142,7,0.349362,0.375993,40077.795386,9,1,6,0.056558,12
Religious_Society_of_Friends,Religious_Society_of_Friends,,22,23,45,22,23,45,6,0.333333,0.357585,13430.922521,0,1,6,0.087045,14
A_Wrinkle_in_Time,A_Wrinkle_in_Time,,0,14,14,0,14,14,7,0.313007,0.332976,0,1,1,21,0.230769,3
Albert_Einstein,Albert_Einstein,,89,87,176,89,87,176,6,0.360068,0.392703,77255.241691,7,1,6,0.067703,11
Euclid,Euclid,,29,11,40,29,11,40,7,0.30472,0.323073,4707.496858,9,1,6,0.12521,11
Gautama_Buddha,Gautama_Buddha,,23,18,41,23,18,41,7,0.29413,0.31209,2742.42619,8,1,6,0.147727,11
German_language,German_language,,225,77,302,225,77,302,7,0.349694,0.381662,70539.653019,10,1,6,0.053738,3
Latin,Latin,,443,29,472,443,29,472,7,0.328952,0.352757,97233.331674,1,1,6,0.026727,3
Mahatma_Gandhi,Mahatma_Gandhi,,39,40,79,39,40,79,7,0.340158,0.366443,18147.613815,8,1,6,0.116237,11
Portuguese_language,Portuguese_language,,109,56,165,109,56,165,7,0.344376,0.372955,24315.915494,6,1,6,0.081481,3
A_cappella,A_cappella,,8,11,19,8,11,19,7,0.291152,0.307687,1184.751822,4,1,6,0.052288,2
Amish,Amish,,6,21,27,6,21,27,7,0.329165,0.351546,2175.210532,9,1,6,0.132308,5
Gregorian_chant,Gregorian_chant,,8,21,29,8,21,29,7,0.302831,0.321667,774.156348,4,1,6,0.088624,2
Hindi,Hindi,,55,37,92,55,37,92,7,0.33744,0.362842,6921.988435,8,1,6,0.131369,3
Judaism,Judaism,,145,47,192,145,47,192,7,0.346407,0.374493,61701.778949,1,1,6,0.086002,14
Musical_instrument,Musical_instrument,,48,8,56,48,8,56,8,0.265976,0.279169,3072.636421,4,1,6,0.09102,2
Rapping,Rapping,,12,16,28,12,16,28,7,0.3093,0.32956,1096.170977,4,1,6,0.164615,2
Renaissance_music,Renaissance_music,,7,7,14,7,7,14,8,0.271734,0.287194,817.386497,4,1,6,0.151515,2
Aachen,Aachen,,20,33,53,20,33,53,7,0.339787,0.365218,4682.858159,10,1,6,0.17602,5
Button,Button,,3,13,16,3,13,16,8,0.301368,0.32025,959.675107,7,1,6,0.080952,8
Chinese_language,Chinese_language,,121,47,168,121,47,168,7,0.339105,0.367411,29570.080755,8,1,6,0.070423,3
Dutch_language,Dutch_language,,103,52,155,103,52,155,6,0.347178,0.374905,53201.605191,10,1,6,0.07265,3
Flanders,Flanders,,38,45,83,38,45,83,7,0.332431,0.358965,12884.876709,0,1,6,0.120305,5
French_language,French_language,,314,85,399,314,85,399,7,0.348342,0.380117,80879.847807,5,1,6,0.04398,3
List_of_countries,List_of_countries,,63,244,307,63,244,307,6,0.375197,0.422246,27698.304446,5,1,6,0.100663,5
Middle_Ages,Middle_Ages,,239,69,308,239,69,308,7,0.34423,0.37586,91905.384201,0,1,6,0.045078,0
Tobacco,Tobacco,,60,48,108,60,48,108,7,0.354805,0.382394,18334.409114,11,1,6,0.08297,12
Aardvark,Aardvark,,3,20,23,3,20,23,7,0.312929,0.3351,686.912954,2,1,6,0.183983,12
Afrikaans,Afrikaans,,20,42,62,20,42,62,6,0.342167,0.368784,4751.552183,5,1,6,0.169173,3
Ant,Ant,,27,31,58,27,31,58,7,0.322258,0.345629,7120.576953,2,1,6,0.098824,12
Anteater,Anteater,,4,8,12,4,8,12,8,0.281919,0.296353,3109.656292,2,1,6,0.377778,12
Bandicoot,Bandicoot,,3,7,10,3,7,10,7,0.282548,0.296209,38.950364,2,1,6,0.4,12
Binomial_nomenclature,Binomial_nomenclature,,295,12,307,295,12,307,7,0.302019,0.319505,24315.092643,2,1,6,0.013592,12
Chordate,Chordate,,338,8,346,338,8,346,8,0.264898,0.278488,6079.937838,2,1,6,0.018013,12
Fruit,Fruit,,109,41,150,109,41,150,7,0.321465,0.345625,46840.63123,11,1,6,0.039971,4
Mammal,Mammal,,199,42,241,199,42,241,7,0.327464,0.351763,108792.190283,2,1,6,0.036944,12
Miocene,Miocene,,38,22,60,38,22,60,7,0.320855,0.342118,4702.107214,2,1,6,0.064536,5
Pig,Pig,,39,11,50,39,11,50,7,0.288295,0.302992,5969.505957,2,1,6,0.044866,12
Pliocene,Pliocene,,18,31,49,18,31,49,7,0.325022,0.347076,4170.186866,2,1,6,0.066489,5
Scientific_classification,Scientific_classification,,519,25,544,519,25,544,7,0.308665,0.328418,79844.992351,2,1,6,0.014274,12
Aarhus,Aarhus,,2,25,27,2,25,27,7,0.330993,0.354245,92.340834,10,1,6,0.249231,5
Archaeology,Archaeology,,77,43,120,77,43,120,7,0.350359,0.377046,18693.036277,1,1,6,0.058722,0
Badminton,Badminton,,17,20,37,17,20,37,7,0.322976,0.346414,1985.530818,8,1,6,0.160504,4
Copenhagen,Copenhagen,,45,23,68,45,23,68,7,0.328365,0.350767,9265.695558,10,1,6,0.082437,5
Engineering,Engineering,,72,20,92,72,20,92,7,0.307377,0.326999,12575.716338,9,1,6,0.042271,8
Humanities,Humanities,,16,66,82,16,66,82,7,0.350965,0.380273,4960.184845,9,1,6,0.104561,7
Abac%C3%A1,Abac%C3%A1,,0,7,7,0,7,7,7,0.289581,0.305649,0,11,1,22,0.190476,12
Arithmetic,Arithmetic,,21,10,31,21,10,31,7,0.293152,0.310365,8784.050487,9,1,6,0.106838,6
Hebrew_language,Hebrew_language,,105,30,135,105,30,135,7,0.331806,0.356562,15980.518839,1,1,6,0.076218,3
Mesopotamia,Mesopotamia,,94,60,154,94,60,154,7,0.342688,0.371884,31374.243834,1,1,6,0.07412,0
Abadan,Abadan,,1,11,12,1,11,12,7,0.29833,0.314929,19.548524,1,1,6,0.172727,5
Chemistry,Chemistry,,81,49,130,81,49,130,7,0.324814,0.350627,31850.679494,7,1,6,0.071788,12
Tehran,Tehran,,22,38,60,22,38,60,7,0.338087,0.36434,4132.988321,1,1,6,0.102694,5
Abbadid,Abbadid,,0,8,8,0,8,8,7,0.297484,0.315984,0,1,1,23,0.267857,0
Poetry,Poetry,,84,39,123,84,39,123,7,0.320931,0.345674,48938.438101,1,1,6,0.040987,3
Abbas_I_of_Persia,Abbas_I_of_Persia,,0,14,14,0,14,14,7,0.311564,0.331151,0,1,1,24,0.230769,11
Caspian_Sea,Caspian_Sea,,41,17,58,41,17,58,7,0.310247,0.32968,2917.603196,1,1,6,0.137835,5
Euphrates,Euphrates,,29,21,50,29,21,50,7,0.306541,0.32681,1016.580098,1,1,6,0.227439,5
Indus_River,Indus_River,,19,24,43,19,24,43,7,0.315929,0.33679,6117.482336,8,1,6,0.126856,5
Mosque,Mosque,,59,68,127,59,68,127,7,0.352644,0.383114,14465.167176,1,1,6,0.102731,14
Tigris,Tigris,,24,14,38,24,14,38,7,0.31385,0.334214,705.033295,1,1,6,0.25,5
Aristotle,Aristotle,,105,37,142,105,37,142,7,0.32497,0.34903,28962.119297,9,1,6,0.067548,11
Damascus,Damascus,,41,36,77,41,36,77,7,0.328233,0.354453,11379.474173,1,1,6,0.143327,5
Maghreb,Maghreb,,14,22,36,14,22,36,7,0.314483,0.336321,823.678487,1,1,6,0.270161,5
Mecca,Mecca,,32,9,41,32,9,41,7,0.292539,0.309539,1059.967642,1,1,6,0.113492,14
Sultan,Sultan,,27,28,55,27,28,55,7,0.308102,0.329334,9518.454911,5,1,6,0.160816,7
Abbey,Abbey,,10,18,28,10,18,28,7,0.311511,0.331731,728.788699,0,1,6,0.12,14
Abbot,Abbot,,15,21,36,15,21,36,7,0.304835,0.324437,2502.821194,0,1,6,0.100806,14
Cattle,Cattle,,75,43,118,75,43,118,7,0.340758,0.367364,23086.451581,2,1,6,0.054778,4
Dorset,Dorset,,32,43,75,32,43,75,7,0.337974,0.363567,13958.201465,0,1,6,0.047954,5
Nile,Nile,,66,33,99,66,33,99,7,0.319137,0.342897,10505.802909,5,1,6,0.091096,5
Westminster_Abbey,Westminster_Abbey,,79,52,131,79,52,131,7,0.335818,0.362593,33336.70429,0,1,6,0.088848,8
Z%C3%BCrich,Z%C3%BCrich,,20,20,40,20,20,40,7,0.30982,0.330372,2427.708607,10,1,6,0.076613,5
Abbey_Theatre,Abbey_Theatre,,8,16,24,8,16,24,6,0.321823,0.343632,4905.569433,0,1,6,0.271053,3
Edward_VII_of_the_United_Kingdom,Edward_VII_of_the_United_Kingdom,,31,48,79,31,48,79,7,0.332759,0.360192,5112.473603,0,1,6,0.122795,11
Irish_theatre,Irish_theatre,,1,19,20,1,19,20,7,0.324736,0.347404,32.726826,0,1,6,0.222222,3
John_Millington_Synge,John_Millington_Synge,,6,20,26,6,20,26,7,0.318811,0.340274,345.21624,0,1,6,0.197464,11
Manchester,Manchester,,79,93,172,79,93,172,6,0.363066,0.396571,51127.479587,0,1,6,0.067896,5
Samuel_Beckett,Samuel_Beckett,,14,31,45,14,31,45,7,0.326646,0.351162,2652.333451,0,1,6,0.116643,11
William_Butler_Yeats,William_Butler_Yeats,,20,16,36,20,16,36,7,0.313316,0.332816,2192.715217,0,1,6,0.101326,11
Anglican_Communion,Anglican_Communion,,43,30,73,43,30,73,7,0.318711,0.341523,16620.49492,0,1,6,0.12963,14
Genoa,Genoa,,54,36,90,54,36,90,7,0.339275,0.365966,10074.284013,1,1,6,0.087809,5
Leicester,Leicester,,21,44,65,21,44,65,7,0.339417,0.36701,13962.169896,0,1,6,0.113208,5
Rule_of_St_Benedict,Rule_of_St_Benedict,,3,8,11,3,8,11,8,0.281001,0.296533,28.710718,1,1,6,0.166667,0
Abel_Tasman,Abel_Tasman,,5,14,19,5,14,19,7,0.305294,0.323391,96.760989,8,1,6,0.252381,11
Fiji,Fiji,,47,28,75,47,28,75,7,0.330077,0.354153,3262.585582,5,1,6,0.116915,5
Manila,Manila,,27,27,54,27,27,54,7,0.330831,0.355014,2260.909886,8,1,6,0.158431,5
Tonga,Tonga,,31,34,65,31,34,65,7,0.336292,0.36088,6131.900672,5,1,6,0.139724,5
Aberdeen,Aberdeen,,24,44,68,24,44,68,7,0.339105,0.366462,4437.257804,0,1,6,0.136885,5
Belarus,Belarus,,74,54,128,74,54,128,7,0.336515,0.363839,12755.815082,10,1,6,0.148567,5
City_status_in_the_United_Kingdom,City_status_in_the_United_Kingdom,,33,51,84,33,51,84,7,0.328445,0.354475,17487.005847,0,1,6,0.1367,5
Commonwealth_Games,Commonwealth_Games,,18,111,129,18,111,129,7,0.349784,0.383915,14979.622444,5,1,6,0.081859,4
Dundee,Dundee,,17,53,70,17,53,70,7,0.343152,0.371742,20344.756634,0,1,6,0.10565,5
Edinburgh,Edinburgh,,79,74,153,79,74,153,7,0.361255,0.392586,39130.229023,0,1,6,0.07046,5
European_Parliament,European_Parliament,,43,34,77,43,34,77,7,0.322874,0.347334,2039.576426,10,1,6,0.150704,7
Garden,Garden,,16,32,48,16,32,48,7,0.339873,0.364061,10926.74582,7,1,6,0.057971,4
Granite,Granite,,58,26,84,58,26,84,7,0.314434,0.336087,10676.765543,7,1,6,0.030759,5
Hinduism,Hinduism,,133,38,171,133,38,171,7,0.33369,0.358237,42141.442657,8,1,6,0.070823,14
Liberal_Democrats,Liberal_Democrats,,29,17,46,29,17,46,7,0.310081,0.331022,2225.113044,0,1,6,0.133537,7
List_of_sovereign_states,List_of_sovereign_states,,43,216,259,43,216,259,6,0.372097,0.416815,29901.096623,5,1,6,0.116672,5
North_Sea,North_Sea,,65,20,85,65,20,85,7,0.321542,0.343992,7219.358421,0,1,6,0.110559,5
North_Sea_oil,North_Sea_oil,,6,26,32,6,26,32,7,0.323182,0.344414,6549.305483,0,1,6,0.220443,10
Park,Park,,22,46,68,22,46,68,6,0.345109,0.372167,6396.968957,3,1,6,0.095571,4
Parliament_of_the_United_Kingdom,Parliament_of_the_United_Kingdom,,63,51,114,63,51,114,7,0.330211,0.357986,16844.224543,0,1,6,0.10337,7
Scots_language,Scots_language,,27,32,59,27,32,59,7,0.325779,0.350039,16648.550426,0,1,6,0.13136,3
Scottish_Episcopal_Church,Scottish_Episcopal_Church,,11,12,23,11,12,23,7,0.29667,0.314762,240.776948,0,1,6,0.326797,14
Scottish_Gaelic_language,Scottish_Gaelic_language,,25,21,46,25,21,46,7,0.316719,0.338925,2375.757757,0,1,6,0.148664,3
Shetland,Shetland,,15,22,37,15,22,37,7,0.314629,0.335888,5768.369528,0,1,6,0.196573,5
Aberration_of_light,Aberration_of_light,,1,17,18,1,17,18,7,0.307587,0.325578,47.858981,7,1,6,0.327206,12
Galaxy,Galaxy,,34,24,58,34,24,58,8,0.298703,0.317946,5397.543777,7,1,6,0.158937,12
John_Flamsteed,John_Flamsteed,,7,8,15,7,8,15,7,0.296757,0.313566,217.037691,7,1,6,0.236364,11
Tycho_Brahe,Tycho_Brahe,,16,37,53,16,37,53,7,0.331101,0.355726,3636.652074,7,1,6,0.133816,11
Aberystwyth,Aberystwyth,,4,12,16,4,12,16,7,0.311033,0.331689,262.870415,0,1,6,0.180952,5
Birmingham,Birmingham,,55,81,136,55,81,136,6,0.361351,0.392884,40521.879049,0,1,6,0.069535,5
Cardiff,Cardiff,,24,31,55,24,31,55,7,0.327649,0.351629,5152.827914,0,1,6,0.107843,5
Edward_I_of_England,Edward_I_of_England,,31,22,53,31,22,53,7,0.317836,0.339361,2867.03693,0,1,6,0.123724,11
River,River,,91,98,189,91,98,189,6,0.365785,0.399778,86502.192381,7,1,6,0.061,5
Abhidhamma_Pitaka,Abhidhamma_Pitaka,,2,5,7,2,5,7,8,0.262276,0.274922,251.640763,8,1,6,0.35,14
Pali_Canon,Pali_Canon,,8,2,10,8,2,10,8,0.258595,0.269531,76.763551,8,1,6,0.361111,14
Sanskrit,Sanskrit,,100,32,132,100,32,132,7,0.319615,0.342674,12866.57621,8,1,6,0.057399,3
University_of_Bristol,University_of_Bristol,,9,26,35,9,26,35,7,0.32557,0.348599,3518.671956,0,1,6,0.137931,7
Abidjan,Abidjan,,8,22,30,8,22,30,7,0.314996,0.336271,2209.116073,5,1,6,0.155797,5
Accra,Accra,,7,13,20,7,13,20,7,0.308195,0.328388,310.811713,5,1,6,0.202614,5
Bridge,Bridge,,32,62,94,32,62,94,6,0.361803,0.391564,32095.349488,10,1,6,0.095696,8
Dakar,Dakar,,13,21,34,13,21,34,6,0.321313,0.343554,2311.96164,5,1,6,0.172365,5
Liberia,Liberia,,61,21,82,61,21,82,7,0.326146,0.349747,2908.113981,5,1,6,0.252917,9
Mali,Mali,,74,26,100,74,26,100,7,0.313437,0.335431,4842.348828,5,1,6,0.253081,9
Ouagadougou,Ouagadougou,,4,19,23,4,19,23,7,0.304194,0.323864,378.490726,5,1,6,0.188095,5
Rainforest,Rainforest,,45,31,76,45,31,76,7,0.33851,0.363051,11771.017302,2,1,6,0.068116,7
Train,Train,,37,47,84,37,47,84,6,0.354898,0.38268,43731.887856,3,1,6,0.107108,8
University,University,,77,32,109,77,32,109,7,0.33186,0.356876,16795.441452,9,1,6,0.070534,7
Yamoussoukro,Yamoussoukro,,4,5,9,4,5,9,7,0.283081,0.298166,666.667932,5,1,6,0.333333,5
Abkhazia,Abkhazia,,12,31,43,12,31,43,7,0.327437,0.351884,827.211798,10,1,6,0.151282,9
Budapest,Budapest,,47,49,96,47,49,96,6,0.342312,0.370601,21247.196751,10,1,6,0.138267,5
Encyclop%C3%A6dia_Britannica,Encyclop%C3%A6dia_Britannica,,12,34,46,12,34,46,7,0.337327,0.362196,6636.84745,0,1,6,0.086869,3
Government,Government,,128,28,156,128,28,156,7,0.311822,0.332781,17394.863715,9,1,6,0.04431,7
International_law,International_law,,23,13,36,23,13,36,7,0.298308,0.317959,1507.103736,9,1,6,0.089127,7
Istanbul,Istanbul,,58,103,161,58,103,161,7,0.361255,0.39601,18827.24741,1,1,6,0.128275,5
NATO,NATO,,90,96,186,90,96,186,6,0.356364,0.390376,32491.811375,10,1,6,0.154833,7
Wine,Wine,,58,68,126,58,68,126,7,0.357464,0.388347,33026.288792,11,1,6,0.085934,4
Able_Archer_83,Able_Archer_83,,1,14,15,1,14,15,7,0.31826,0.339309,13.523577,10,1,6,0.351648,0
Elizabeth_II_of_the_United_Kingdom,Elizabeth_II_of_the_United_Kingdom,,131,100,231,131,100,231,7,0.363262,0.397462,74751.695023,0,1,6,0.060623,11
Greenland,Greenland,,69,40,109,69,40,109,7,0.340015,0.366435,11334.446573,10,1,6,0.085666,5
Invasion_of_Grenada,Invasion_of_Grenada,,5,24,29,5,24,29,7,0.321465,0.344156,256.366467,5,1,6,0.190769,0
Margaret_Thatcher,Margaret_Thatcher,,38,72,110,38,72,110,6,0.361351,0.392949,12570.797691,0,1,6,0.110959,11
Mikhail_Gorbachev,Mikhail_Gorbachev,,37,48,85,37,48,85,6,0.341908,0.368936,4837.945814,10,1,6,0.167909,11
Ronald_Reagan,Ronald_Reagan,,69,89,158,69,89,158,6,0.356835,0.38985,34603.309746,3,1,6,0.073577,11
Abraham_Goldfaden,Abraham_Goldfaden,,0,24,24,0,24,24,7,0.32505,0.348625,0,10,1,25,0.235507,11
Asthma,Asthma,,30,13,43,30,13,43,7,0.291215,0.307642,1892.995553,11,1,6,0.026316,12
Bucharest,Bucharest,,18,43,61,18,43,61,7,0.331914,0.357661,9274.218585,10,1,6,0.144444,5
George_Eliot,George_Eliot,,10,14,24,10,14,24,7,0.321899,0.34303,972.577393,0,1,6,0.135714,11
Moscow,Moscow,,127,62,189,127,62,189,7,0.347774,0.377177,48112.939758,10,1,6,0.073443,5
Warsaw,Warsaw,,52,56,108,52,56,108,6,0.348102,0.376579,13759.563988,10,1,6,0.115596,5
Aircraft_carrier,Aircraft_carrier,,24,39,63,24,39,63,6,0.337946,0.364722,2245.025419,10,1,6,0.164787,8
Andrew_Johnson,Andrew_Johnson,,16,8,24,16,8,24,7,0.270537,0.284492,197.658906,3,1,6,0.261438,11
Battle_of_Gettysburg,Battle_of_Gettysburg,,12,8,20,12,8,20,7,0.297804,0.315329,812.799592,3,1,6,0.266667,0
Charles_Sumner,Charles_Sumner,,5,13,18,5,13,18,7,0.309418,0.328312,490.213379,3,1,6,0.195238,11
Chicago,Chicago,,164,34,198,164,34,198,7,0.333635,0.358858,31730.033692,3,1,6,0.040221,5
Frederick_Douglass,Frederick_Douglass,,6,27,33,6,27,33,7,0.324762,0.349073,1442.054057,3,1,6,0.195402,11
Gettysburg_Address,Gettysburg_Address,,6,22,28,6,22,28,7,0.31714,0.337463,637.018279,3,1,6,0.217391,0
James_Buchanan,James_Buchanan,,12,22,34,12,22,34,7,0.324294,0.345067,649.327414,3,1,6,0.188506,11
James_K._Polk,James_K._Polk,,16,25,41,16,25,41,7,0.31199,0.332265,1563.861446,3,1,6,0.173563,11
Lyndon_B._Johnson,Lyndon_B._Johnson,,23,27,50,23,27,50,7,0.316472,0.338025,3481.127573,3,1,6,0.120732,11
Supreme_Court_of_the_United_States,Supreme_Court_of_the_United_States,,65,26,91,65,26,91,7,0.307494,0.329095,8472.030997,3,1,6,0.11705,7
Tijuana,Tijuana,,7,14,21,7,14,21,7,0.317761,0.338113,647.066238,3,1,6,0.157895,5
United_States_House_of_Representatives,United_States_House_of_Representatives,,64,27,91,64,27,91,7,0.304652,0.324076,5641.310125,3,1,6,0.094035,7
William_Tecumseh_Sherman,William_Tecumseh_Sherman,,6,32,38,6,32,38,7,0.326751,0.34999,582.34136,3,1,6,0.168449,11
Zachary_Taylor,Zachary_Taylor,,14,18,32,14,18,32,7,0.310318,0.329418,2188.912904,3,1,6,0.212308,11
Angelica,Angelica,,2,6,8,2,6,8,8,0.278148,0.292121,37.710484,11,1,6,0.232143,12
Antimony,Antimony,,20,28,48,20,28,48,7,0.314239,0.335684,1084.517406,7,1,6,0.203104,12
Common_sage,Common_sage,,15,13,28,15,13,28,7,0.299763,0.318175,323.218966,11,1,6,0.220798,12
Copper,Copper,,156,67,223,156,67,223,7,0.352369,0.382906,76234.591723,7,1,6,0.058945,12
Coriander,Coriander,,13,36,49,13,36,49,7,0.340529,0.368147,1465.865307,11,1,6,0.179078,12
Czech_Republic,Czech_Republic,,105,34,139,105,34,139,7,0.31964,0.344808,5621.340754,10,1,6,0.125419,5
Distilled_beverage,Distilled_beverage,,7,18,25,7,18,25,7,0.323466,0.344175,883.434472,11,1,6,0.163043,4
Ernest_Hemingway,Ernest_Hemingway,,22,42,64,22,42,64,7,0.347625,0.374377,12915.78517,3,1,6,0.093164,11
Essential_oil,Essential_oil,,20,23,43,20,23,43,7,0.302086,0.321231,4945.06642,11,1,6,0.139929,12
Fennel,Fennel,,17,63,80,17,63,80,7,0.338313,0.366704,7791.462078,11,1,6,0.134004,12
Lemon_balm,Lemon_balm,,4,11,15,4,11,15,7,0.298022,0.314316,172.624394,2,1,6,0.198718,12
Nutmeg,Nutmeg,,17,31,48,17,31,48,7,0.333498,0.358122,3933.114216,11,1,6,0.178295,4
Pablo_Picasso,Pablo_Picasso,,31,18,49,31,18,49,7,0.310509,0.331879,2566.184238,4,1,6,0.143438,11
Prague,Prague,,59,45,104,59,45,104,7,0.337777,0.364367,12109.109552,10,1,6,0.10593,5
Star_anise,Star_anise,,13,9,22,13,9,22,7,0.296866,0.313139,388.029531,11,1,6,0.287879,12
Sugar,Sugar,,80,53,133,80,53,133,7,0.346496,0.375874,20982.084168,11,1,6,0.076681,4
Vanuatu,Vanuatu,,37,28,65,37,28,65,7,0.332404,0.35662,2389.58983,5,1,6,0.212719,5
Absolute_zero,Absolute_zero,,9,16,25,9,16,25,7,0.304812,0.322863,1679.681804,7,1,6,0.17316,12
Carbon,Carbon,,103,72,175,103,72,175,6,0.355926,0.386737,48936.95725,7,1,6,0.08753,12
Crystal,Crystal,,60,12,72,60,12,72,7,0.293555,0.309778,4271.72776,7,1,6,0.069712,12
Diamond,Diamond,,68,72,140,68,72,140,6,0.364798,0.395338,48353.682953,7,1,6,0.064844,5
Empiricism,Empiricism,,26,17,43,26,17,43,7,0.302131,0.319562,1310.425226,9,1,6,0.152916,14
Entropy,Entropy,,22,17,39,22,17,39,7,0.299277,0.316479,6571.882593,7,1,6,0.121849,12
Max_Planck,Max_Planck,,15,18,33,15,18,33,7,0.313171,0.333949,2312.024915,7,1,6,0.170635,11
Robert_Boyle,Robert_Boyle,,19,28,47,19,28,47,7,0.327517,0.350879,3556.377208,7,1,6,0.120209,11
Symmetry,Symmetry,,23,51,74,23,51,74,7,0.342746,0.369399,15971.998372,7,1,6,0.059759,6
Thermodynamic_temperature,Thermodynamic_temperature,,2,28,30,2,28,30,6,0.32254,0.344063,244.129536,7,1,6,0.21164,12
Thermodynamics,Thermodynamics,,23,19,42,23,19,42,7,0.307751,0.327022,3019.061088,7,1,6,0.15121,12
William_Thomson%2C_1st_Baron_Kelvin,William_Thomson%2C_1st_Baron_Kelvin,,7,51,58,7,51,58,7,0.350026,0.377307,3415.578021,7,1,6,0.094949,11
Abstract_art,Abstract_art,,13,6,19,13,6,19,7,0.282332,0.29647,411.297929,4,1,6,0.183007,13
Calligraphy,Calligraphy,,15,34,49,15,34,49,7,0.317811,0.340656,10513.77749,8,1,6,0.080481,13
Constructivism_%28art%29,Constructivism_%28art%29,,9,13,22,9,13,22,7,0.30256,0.321295,6634.17326,10,1,6,0.173684,13
Fine_art,Fine_art,,10,12,22,10,12,22,7,0.290193,0.306186,1911.879739,4,1,6,0.179654,13
Abu_Dhabi,Abu_Dhabi,,8,23,31,8,23,31,7,0.325231,0.347501,1184.444727,8,1,6,0.200739,5
Arecaceae,Arecaceae,,10,43,53,10,43,53,7,0.34093,0.36804,3148.67987,1,1,6,0.090204,12
Camel,Camel,,25,31,56,25,31,56,7,0.333279,0.35878,3357.756409,5,1,6,0.11727,12
Dubai,Dubai,,24,45,69,24,45,69,7,0.343822,0.370423,3428.1433,1,1,6,0.137054,5
Emirate,Emirate,,9,7,16,9,7,16,7,0.278319,0.293325,124.432836,5,1,6,0.28022,7
Gazelle,Gazelle,,10,10,20,10,10,20,7,0.298417,0.317005,853.015514,2,1,6,0.180147,12
Oman,Oman,,53,24,77,53,24,77,7,0.320044,0.342821,2522.1664,5,1,6,0.254902,5
Pearl,Pearl,,18,9,27,18,9,27,7,0.299078,0.316045,594.679634,8,1,6,0.093846,4
Abuja,Abuja,,8,5,13,8,5,13,7,0.279837,0.293366,152.676431,5,1,6,0.309091,5
Bras%C3%ADlia,Bras%C3%ADlia,,8,8,16,8,8,16,7,0.296107,0.312558,119.996718,6,1,6,0.212121,5
Lagos,Lagos,,7,13,20,7,13,20,7,0.312688,0.333071,455.645292,5,1,6,0.183007,5
Acceleration,Acceleration,,20,7,27,20,7,27,7,0.295481,0.311671,668.107416,7,1,6,0.147692,12
Light,Light,,74,55,129,74,55,129,7,0.323776,0.348572,38634.692953,7,1,6,0.068002,12
Sea,Sea,,39,24,63,39,24,63,7,0.310699,0.330389,6786.741091,7,1,6,0.059933,5
Special_relativity,Special_relativity,,32,14,46,32,14,46,7,0.291487,0.308446,1578.17023,7,1,6,0.188934,12
Accountancy,Accountancy,,6,15,21,6,15,21,7,0.320576,0.342695,999.285278,1,1,6,0.152381,10
Ancient_Greece,Ancient_Greece,,163,65,228,163,65,228,7,0.34185,0.371798,103520.849197,1,1,6,0.049642,0
Beach,Beach,,30,22,52,30,22,52,7,0.320576,0.341599,7862.623412,5,1,6,0.037677,5
Clothing,Clothing,,27,32,59,27,32,59,7,0.334626,0.359621,7884.694595,13,1,6,0.065657,4
Acetic_acid,Acetic_acid,,16,59,75,16,59,75,7,0.342514,0.370018,11648.490647,7,1,6,0.115625,12
Acetone,Acetone,,14,9,23,14,9,23,7,0.29628,0.313578,1092.492802,7,1,6,0.181818,12
Actinium,Actinium,,10,16,26,10,16,26,7,0.288315,0.305336,53.614981,7,1,6,0.415205,12
BP,BP,,9,25,34,9,25,34,7,0.329593,0.352134,862.290348,7,1,6,0.119318,10
Box_jellyfish,Box_jellyfish,,1,10,11,1,10,11,7,0.291991,0.308051,32.415068,2,1,6,0.055556,12
Chemical_element,Chemical_element,,138,34,172,138,34,172,7,0.314727,0.337402,18063.14433,7,1,6,0.116344,12
Cider,Cider,,9,29,38,9,29,38,6,0.342283,0.36767,1525.59091,0,1,6,0.177177,4
Cobalt,Cobalt,,27,40,67,27,40,67,7,0.329728,0.356457,5319.549552,7,1,6,0.125424,12
Corrosion,Corrosion,,39,33,72,39,33,72,7,0.3089,0.33043,4201.099379,7,1,6,0.126442,8
Food,Food,,63,41,104,63,41,104,7,0.332759,0.357941,20568.218365,11,1,6,0.046073,4
Formic_acid,Formic_acid,,6,23,29,6,23,29,7,0.318535,0.339225,1824.251633,7,1,6,0.186154,12
Iodine,Iodine,,30,39,69,30,39,69,7,0.310413,0.332769,5441.193649,7,1,6,0.133696,12
Iridium,Iridium,,19,35,54,19,35,54,7,0.331833,0.356381,7509.261102,7,1,6,0.155052,12
Iron%28III%29_chloride,Iron%28III%29_chloride,,7,13,20,7,13,20,7,0.282824,0.298633,117.334623,7,1,6,0.287582,12
Magnesium,Magnesium,,76,42,118,76,42,118,7,0.322053,0.345727,12985.194695,7,1,6,0.115337,12
Manganese,Manganese,,38,28,66,38,28,66,7,0.304035,0.325116,4495.076428,7,1,6,0.163534,12
Oxygen,Oxygen,,205,30,235,205,30,235,7,0.319439,0.342323,42115.199388,7,1,6,0.058484,12
Phase_%28matter%29,Phase_%28matter%29,,157,23,180,157,23,180,7,0.303761,0.323479,18496.467962,7,1,6,0.076758,12
Pigment,Pigment,,27,28,55,27,28,55,7,0.331155,0.355041,9903.355421,7,1,6,0.059955,12
Rhodium,Rhodium,,13,34,47,13,34,47,7,0.319137,0.341608,10376.568213,7,1,6,0.243243,12
Ruthenium,Ruthenium,,12,25,37,12,25,37,7,0.306494,0.326827,813.028034,7,1,6,0.289655,12
Soil,Soil,,70,38,108,70,38,108,7,0.317986,0.341119,27544.827352,7,1,6,0.054553,5
Sulfur,Sulfur,,71,83,154,71,83,154,7,0.362191,0.393671,35543.773917,7,1,6,0.102012,12
Sulfuric_acid,Sulfuric_acid,,44,44,88,44,44,88,6,0.337383,0.362099,10873.340553,7,1,6,0.128044,12
Toluene,Toluene,,5,9,14,5,9,14,7,0.279548,0.294357,211.913221,7,1,6,0.212121,12
Yeast,Yeast,,22,42,64,22,42,64,7,0.333251,0.358734,9074.501118,11,1,6,0.117647,12
Bromine,Bromine,,19,29,48,19,29,48,7,0.323157,0.346675,2929.980098,7,1,6,0.185633,12
Chlorine,Chlorine,,65,41,106,65,41,106,7,0.322976,0.34813,16696.179061,7,1,6,0.101832,12
Achilles,Achilles,,14,23,37,14,23,37,7,0.307471,0.329176,2311.543704,1,1,6,0.188034,0
Agamemnon,Agamemnon,,9,11,20,9,11,20,7,0.295567,0.312699,435.861949,1,1,6,0.280952,11
Alexander_the_Great,Alexander_the_Great,,78,56,134,78,56,134,7,0.340215,0.369284,16717.270572,1,1,6,0.084314,11
Apollo,Apollo,,29,24,53,29,24,53,7,0.30424,0.322555,9322.46492,1,1,6,0.081313,14
Athena,Athena,,24,17,41,24,17,41,7,0.307868,0.328364,7056.163906,1,1,6,0.154356,14
Bob_Dylan,Bob_Dylan,,33,44,77,33,44,77,6,0.339275,0.36582,10169.958177,4,1,6,0.082051,11
Heracles,Heracles,,20,15,35,20,15,35,7,0.294216,0.311535,2467.068646,1,1,6,0.155172,0
Homer,Homer,,56,23,79,56,23,79,7,0.310295,0.331285,7280.917047,1,1,6,0.092656,11
Odysseus,Odysseus,,16,30,46,16,30,46,7,0.307774,0.328452,4276.525992,1,1,6,0.174242,0
Odyssey,Odyssey,,25,14,39,25,14,39,7,0.292961,0.310701,1457.806663,1,1,6,0.193103,0
Trojan_War,Trojan_War,,20,41,61,20,41,61,7,0.319565,0.34355,5337.191019,1,1,6,0.11463,0
Achilles_tendon,Achilles_tendon,,0,2,2,0,2,2,8,0.253295,0.264218,0,1,1,26,0,12
Acid_rain,Acid_rain,,14,28,42,14,28,42,7,0.323569,0.345891,2952.251234,7,1,6,0.113087,5
Biology,Biology,,85,52,137,85,52,137,7,0.334433,0.360784,44323.355639,9,1,6,0.074719,12
Fossil_fuel,Fossil_fuel,,33,10,43,33,10,43,7,0.289696,0.305157,1208.146685,7,1,6,0.097598,12
Gypsum,Gypsum,,23,17,40,23,17,40,7,0.334406,0.356486,4891.438924,7,1,6,0.084127,5
Hydrogen_peroxide,Hydrogen_peroxide,,9,16,25,9,16,25,7,0.289841,0.306839,669.623512,7,1,6,0.211462,12
Invasive_species,Invasive_species,,20,20,40,20,20,40,7,0.324632,0.346498,12428.74691,2,1,6,0.090327,7
Kyoto_Protocol,Kyoto_Protocol,,12,42,54,12,42,54,7,0.338397,0.364246,1852.530639,3,1,6,0.115294,7
Ozone_depletion,Ozone_depletion,,12,17,29,12,17,29,7,0.306958,0.324917,1181.367372,7,1,6,0.150362,7
Smog,Smog,,17,22,39,17,22,39,7,0.319842,0.341281,2029.975404,8,1,6,0.076984,7
Acorn_Computers,Acorn_Computers,,1,23,24,1,23,24,7,0.312279,0.333011,362.987473,0,1,6,0.136364,1
Cambridge,Cambridge,,36,38,74,36,38,74,7,0.329005,0.354105,16979.446931,0,1,6,0.080733,5
Commodore_64,Commodore_64,,13,13,26,13,13,26,7,0.319414,0.339367,1427.520885,13,1,6,0.106667,1
Floppy_disk,Floppy_disk,,14,15,29,14,15,29,7,0.298154,0.314834,5396.101574,13,1,6,0.076667,1
Nottingham,Nottingham,,17,62,79,17,62,79,7,0.348072,0.378119,6531.672477,0,1,6,0.097793,5
Pound_sterling,Pound_sterling,,66,40,106,66,40,106,7,0.340472,0.367771,14693.131321,0,1,6,0.067655,10
The_Fens,The_Fens,,3,18,21,3,18,21,7,0.317165,0.337346,1046.068293,0,1,6,0.118421,5
Unix,Unix,,28,14,42,28,14,42,8,0.275932,0.289994,21405.421705,13,1,6,0.109626,1
Video,Video,,12,11,23,12,11,23,7,0.304103,0.321453,899.839007,13,1,6,0.152381,7
World_Wide_Web,World_Wide_Web,,21,20,41,21,20,41,7,0.308336,0.326954,21826.240771,13,1,6,0.064011,1
ZX_Spectrum,ZX_Spectrum,,13,13,26,13,13,26,7,0.303466,0.321819,5462.072879,13,1,6,0.100791,1
Bismuth,Bismuth,,23,37,60,23,37,60,7,0.326278,0.350712,4682.718666,7,1,6,0.174585,12
Color,Color,,157,19,176,157,19,176,7,0.31058,0.329891,34209.070563,7,1,6,0.061956,12
Francium,Francium,,10,34,44,10,34,44,7,0.326514,0.349429,939.859817,7,1,6,0.233333,12
Lanthanum,Lanthanum,,14,28,42,14,28,42,7,0.300363,0.320382,457.349034,7,1,6,0.284921,12
List_of_elements_by_name,List_of_elements_by_name,,120,119,239,120,119,239,7,0.314337,0.344858,90784.924722,7,1,6,0.117717,12
Magnetism,Magnetism,,126,37,163,126,37,163,7,0.303352,0.324394,22010.566937,7,1,6,0.092816,12
Periodic_table,Periodic_table,,110,134,244,110,134,244,7,0.329674,0.364125,85587.54684,7,1,6,0.116788,12
Plutonium,Plutonium,,37,41,78,37,41,78,7,0.334682,0.359351,13109.816416,7,1,6,0.140559,12
Radium,Radium,,21,38,59,21,38,59,7,0.324242,0.348494,3530.86621,7,1,6,0.198554,12
Radon,Radon,,41,36,77,41,36,77,7,0.331914,0.356426,10365.60941,7,1,6,0.145585,12
Thorium,Thorium,,28,31,59,28,31,59,7,0.312351,0.333961,6195.893354,7,1,6,0.173895,12
Uranium,Uranium,,69,51,120,69,51,120,7,0.338737,0.365847,27659.871078,7,1,6,0.113187,12
Action_potential,Action_potential,,11,12,23,11,12,23,8,0.285232,0.300433,1927.383734,11,1,6,0.1,12
Calcium,Calcium,,83,42,125,83,42,125,7,0.337636,0.362048,23424.805318,7,1,6,0.103169,12
Capacitance,Capacitance,,15,13,28,15,13,28,8,0.263984,0.278448,559.753586,7,1,6,0.323684,12
Cell_%28biology%29,Cell_%28biology%29,,54,24,78,54,24,78,7,0.305225,0.324253,10887.914207,11,1,6,0.104087,12
Chemical_synapse,Chemical_synapse,,5,3,8,5,3,8,8,0.248407,0.258848,187.966864,11,1,6,0.214286,12
Electrical_resistance,Electrical_resistance,,26,8,34,26,8,34,8,0.261195,0.27569,1870.31227,7,1,6,0.201075,12
Giraffe,Giraffe,,18,30,48,18,30,48,7,0.312206,0.334993,5235.264866,5,1,6,0.178788,12
Multiple_sclerosis,Multiple_sclerosis,,10,36,46,10,36,46,7,0.341994,0.367763,5564.246141,11,1,6,0.083056,12
Potassium,Potassium,,71,49,120,71,49,120,7,0.331941,0.358772,23662.152944,7,1,6,0.092376,12
Sodium,Sodium,,64,38,102,64,38,102,7,0.322514,0.346763,10816.760089,7,1,6,0.134065,12
Volt,Volt,,23,5,28,23,5,28,7,0.280904,0.294507,4421.984891,7,1,6,0.098291,12
Whale,Whale,,34,34,68,34,34,68,7,0.340386,0.364872,25191.280215,2,1,6,0.072173,12
Actor,Actor,,42,13,55,42,13,55,7,0.300452,0.317864,7123.805991,13,1,6,0.042232,3
Drama,Drama,,37,14,51,37,14,51,7,0.307447,0.326391,3482.557252,13,1,6,0.061633,3
H%C3%A4nsel_und_Gretel,H%C3%A4nsel_und_Gretel,,1,7,8,1,7,8,7,0.287599,0.303853,47.622066,4,1,6,0.107143,3
The_Marriage_of_Figaro,The_Marriage_of_Figaro,,5,4,9,5,4,9,8,0.262497,0.275413,205.007102,4,1,6,0.4,3
The_Simpsons,The_Simpsons,,48,33,81,48,33,81,6,0.342978,0.367444,17462.113569,13,1,6,0.053657,4
Acts_of_Union_1707,Acts_of_Union_1707,,20,7,27,20,7,27,7,0.297345,0.314295,242.154557,0,1,6,0.272727,0
House_of_Lords,House_of_Lords,,62,25,87,62,25,87,7,0.305801,0.32711,5614.279877,0,1,6,0.121005,7
Laws_in_Wales_Acts_1535%E2%80%931542,Laws_in_Wales_Acts_1535%E2%80%931542,,10,10,20,10,10,20,7,0.295266,0.312632,1376.88873,0,1,6,0.338095,7
Actuary,Actuary,,0,32,32,0,32,32,7,0.338142,0.363274,0,9,1,27,0.159274,10
Ancient_Rome,Ancient_Rome,,181,88,269,181,88,269,7,0.357244,0.390019,112240.315024,1,1,6,0.042249,0
Business,Business,,44,18,62,44,18,62,7,0.313365,0.333475,5397.786738,9,1,6,0.058681,10
Climate_change,Climate_change,,48,31,79,48,31,79,7,0.332159,0.355337,15485.306981,7,1,6,0.077477,5
Law,Law,,86,98,184,86,98,184,7,0.356333,0.391778,50301.986157,9,1,6,0.066297,7
Mathematics,Mathematics,,151,63,214,151,63,214,7,0.330426,0.358297,103406.81219,9,1,6,0.041124,6
Probability_theory,Probability_theory,,7,7,14,7,7,14,8,0.278186,0.293714,224.047083,9,1,6,0.227273,6
The_Wall_Street_Journal,The_Wall_Street_Journal,,20,11,31,20,11,31,7,0.306749,0.325329,903.167907,3,1,6,0.093596,7
Ethics,Ethics,,56,20,76,56,20,76,7,0.301951,0.321443,8112.047995,9,1,6,0.096974,14
John_Maynard_Keynes,John_Maynard_Keynes,,20,23,43,20,23,43,7,0.323363,0.345939,3756.47484,9,1,6,0.181513,10
Liberal_democracy,Liberal_democracy,,25,54,79,25,54,79,7,0.344787,0.373995,6303.688055,9,1,6,0.160008,7
Liberalism,Liberalism,,39,101,140,39,101,140,7,0.362191,0.396574,18194.314461,9,1,6,0.120312,7
Libertarianism,Libertarianism,,21,26,47,21,26,47,7,0.325492,0.348054,2212.457879,9,1,6,0.172436,7
Logic,Logic,,41,22,63,41,22,63,7,0.304973,0.324756,6196.244129,9,1,6,0.106397,14
Mercantilism,Mercantilism,,17,16,33,17,16,33,7,0.310651,0.329949,1013.498162,9,1,6,0.103448,7
Political_economy,Political_economy,,24,19,43,24,19,43,7,0.303966,0.323186,1475.370053,9,1,6,0.159664,7
Political_philosophy,Political_philosophy,,32,68,100,32,68,100,7,0.341562,0.370184,6123.323099,9,1,6,0.116531,14
Thomas_Malthus,Thomas_Malthus,,12,28,40,12,28,40,7,0.338228,0.361847,2953.778075,9,1,6,0.09879,11
Utilitarianism,Utilitarianism,,22,7,29,22,7,29,7,0.285634,0.301311,614.953536,9,1,6,0.166154,14
Addis_Ababa,Addis_Ababa,,11,8,19,11,8,19,7,0.299144,0.317527,184.587579,5,1,6,0.132353,5
Djibouti,Djibouti,,50,155,205,50,155,205,7,0.360292,0.399044,3873.720984,5,1,6,0.207834,9
Adelaide,Adelaide,,18,22,40,18,22,40,7,0.319112,0.339474,7571.452498,12,1,6,0.096825,5
Airbus_A380,Airbus_A380,,11,41,52,11,41,52,7,0.340215,0.366858,4746.204375,12,1,6,0.133333,8
Australian_English,Australian_English,,9,18,27,9,18,27,7,0.326173,0.347585,1514.703946,12,1,6,0.161667,3
Australian_rules_football,Australian_rules_football,,14,25,39,14,25,39,7,0.319792,0.340119,2549.122229,12,1,6,0.114973,4
Drought,Drought,,53,15,68,53,15,68,7,0.303989,0.322273,5058.004029,7,1,6,0.060021,5
Irish_people,Irish_people,,43,79,122,43,79,122,6,0.362807,0.39496,46770.033712,0,1,6,0.087142,5
Manufacturing,Manufacturing,,59,21,80,59,21,80,6,0.325779,0.34734,5498.245791,13,1,6,0.065789,10
Mount_Osmond%2C_South_Australia,Mount_Osmond%2C_South_Australia,,2,5,7,2,5,7,7,0.286907,0.300772,112.974508,12,1,6,0.233333,5
Murray_River,Murray_River,,8,14,22,8,14,22,7,0.315462,0.334892,1136.237724,12,1,6,0.121053,5
Southern_Ocean,Southern_Ocean,,24,14,38,24,14,38,7,0.316323,0.336241,1445.307125,7,1,6,0.18172,5
William_IV_of_the_United_Kingdom,William_IV_of_the_United_Kingdom,,25,27,52,25,27,52,7,0.319439,0.342627,1859.824828,0,1,6,0.188153,11
Adenosine_triphosphate,Adenosine_triphosphate,,17,13,30,17,13,30,7,0.286806,0.302269,827.215135,11,1,6,0.143116,12
DNA_repair,DNA_repair,,7,13,20,7,13,20,8,0.281059,0.295745,569.573787,11,1,6,0.309524,12
Eukaryote,Eukaryote,,25,10,35,25,10,35,8,0.270646,0.285079,663.21097,11,1,6,0.296296,12
Mitochondrion,Mitochondrion,,11,11,22,11,11,22,7,0.280904,0.295239,2496.712133,11,1,6,0.235294,12
Adi_Shankara,Adi_Shankara,,0,15,15,0,15,15,7,0.294246,0.311242,0,8,1,28,0.32381,11
Brahman,Brahman,,12,11,23,12,11,23,7,0.296605,0.313301,1739.171335,8,1,6,0.196078,14
Chola_dynasty,Chola_dynasty,,9,28,37,9,28,37,7,0.316892,0.340629,429.484116,8,1,6,0.168908,0
Himalayas,Himalayas,,54,44,98,54,44,98,7,0.329379,0.354067,26667.454767,8,1,6,0.098596,5
Varanasi,Varanasi,,11,23,34,11,23,34,7,0.312279,0.331665,1725.396038,8,1,6,0.1367,5
Adolf_Hitler,Adolf_Hitler,,109,78,187,109,78,187,7,0.356396,0.388898,28824.034349,10,1,6,0.092571,11
Alcohol,Alcohol,,52,31,83,52,31,83,7,0.330211,0.35308,24665.423189,7,1,6,0.06973,12
Anschluss,Anschluss,,13,33,46,13,33,46,7,0.330346,0.355799,4589.061415,10,1,6,0.290385,0
Architecture,Architecture,,81,43,124,81,43,124,7,0.339702,0.366248,20103.334545,4,1,6,0.068426,8
Attack_on_Pearl_Harbor,Attack_on_Pearl_Harbor,,28,29,57,28,29,57,7,0.330534,0.354821,7178.182087,10,1,6,0.160714,0
Battle_of_Britain,Battle_of_Britain,,17,34,51,17,34,51,7,0.33186,0.35694,1104.860094,10,1,6,0.19359,0
Battle_of_France,Battle_of_France,,12,30,42,12,30,42,7,0.32471,0.348859,315.720861,10,1,6,0.27563,0
Battle_of_Moscow,Battle_of_Moscow,,10,15,25,10,15,25,7,0.294323,0.312396,4687.934177,10,1,6,0.294118,0
Battle_of_Stalingrad,Battle_of_Stalingrad,,17,22,39,17,22,39,7,0.316348,0.338432,8113.808207,10,1,6,0.264113,0
Benito_Mussolini,Benito_Mussolini,,22,42,64,22,42,64,7,0.337608,0.364091,2775.717576,10,1,6,0.193831,0
Charlie_Chaplin,Charlie_Chaplin,,10,31,41,10,31,41,7,0.334765,0.360099,2506.095633,10,1,6,0.199147,11
Coventry,Coventry,,17,52,69,17,52,69,6,0.344904,0.373635,4895.911362,0,1,6,0.138701,5
Dam,Dam,,37,26,63,37,26,63,7,0.324866,0.346971,7507.755403,7,1,6,0.044915,8
Erwin_Rommel,Erwin_Rommel,,12,32,44,12,32,44,7,0.323931,0.349242,5381.212433,10,1,6,0.216967,0
Genealogy,Genealogy,,15,16,31,15,16,31,7,0.311535,0.330853,1538.832595,0,1,6,0.046237,4
Joseph_Stalin,Joseph_Stalin,,53,67,120,53,67,120,6,0.348252,0.378519,10310.448612,10,1,6,0.13396,11
Luftwaffe,Luftwaffe,,36,24,60,36,24,60,6,0.33013,0.353581,2949.757001,10,1,6,0.16582,0
Marxism,Marxism,,67,82,149,67,82,149,7,0.348821,0.381239,15818.738582,9,1,6,0.10556,7
Nazi_Germany,Nazi_Germany,,140,47,187,140,47,187,7,0.341016,0.367898,30388.222187,10,1,6,0.082439,0
Propaganda,Propaganda,,75,46,121,75,46,121,6,0.341764,0.369117,14330.502553,10,1,6,0.062471,7
Royal_Air_Force,Royal_Air_Force,,44,29,73,44,29,73,7,0.322951,0.347998,4120.288428,10,1,6,0.101166,0
Swastika,Swastika,,13,108,121,13,108,121,7,0.380657,0.414634,12188.744063,8,1,6,0.114509,14
Trade_union,Trade_union,,55,12,67,55,12,67,7,0.307751,0.326874,3142.25686,9,1,6,0.073661,7
Treaty_of_Versailles,Treaty_of_Versailles,,42,16,58,42,16,58,7,0.304332,0.324253,1479.874464,10,1,6,0.169218,0
Vienna,Vienna,,107,55,162,107,55,162,7,0.337918,0.366385,20945.060482,10,1,6,0.074818,5
Weimar_Republic,Weimar_Republic,,24,35,59,24,35,59,7,0.331616,0.357378,1350.247554,10,1,6,0.209663,0
Winston_Churchill,Winston_Churchill,,85,98,183,85,98,183,7,0.358539,0.392606,57199.248138,10,1,6,0.066471,11
Adriaen_van_der_Donck,Adriaen_van_der_Donck,,0,5,5,0,5,5,7,0.288099,0.30347,0,10,1,29,0.5,11
The_Hague,The_Hague,,41,24,65,41,24,65,7,0.318385,0.340335,3419.293444,10,1,6,0.094979,5
Advertising,Advertising,,42,21,63,42,21,63,6,0.330346,0.354008,12521.888784,13,1,6,0.057018,4
Ancient_history,Ancient_history,,15,109,124,15,109,124,7,0.366811,0.402317,10156.505351,1,1,6,0.103103,0
Broadcasting,Broadcasting,,19,18,37,19,18,37,7,0.313268,0.333961,2350.083296,13,1,6,0.129032,7
IPod,IPod,,13,21,34,13,21,34,7,0.312543,0.332542,7957.796909,13,1,6,0.071264,8
Philadelphia,Philadelphia,,42,47,89,42,47,89,6,0.343851,0.370506,17209.653057,3,1,6,0.082213,5
Aesthetics,Aesthetics,,35,47,82,35,47,82,7,0.336404,0.362877,14949.239252,9,1,6,0.082481,12
Ancient_Egypt,Ancient_Egypt,,124,67,191,124,67,191,7,0.34093,0.370151,56068.171995,1,1,6,0.047463,0
Andy_Warhol,Andy_Warhol,,16,11,27,16,11,27,7,0.309253,0.327965,989.850076,4,1,6,0.092308,11
Confucius,Confucius,,27,19,46,27,19,46,7,0.301457,0.320491,1409.750157,8,1,6,0.113511,11
Dada,Dada,,14,26,40,14,26,40,6,0.326304,0.350563,1000.018579,4,1,6,0.172831,7
Drinking_water,Drinking_water,,23,51,74,23,51,74,7,0.354371,0.38237,5420.213325,7,1,6,0.129814,4
Earl_of_Shaftesbury,Earl_of_Shaftesbury,,3,4,7,3,4,7,7,0.2779,0.291366,38.175426,0,1,6,0.190476,11
Geometry,Geometry,,49,12,61,49,12,61,7,0.28314,0.29929,3324.401169,9,1,6,0.072391,6
Guqin,Guqin,,4,34,38,4,34,38,6,0.332241,0.356582,4757.402249,4,1,6,0.126984,2
Humour,Humour,,6,7,13,6,7,13,8,0.281176,0.295117,677.459187,9,1,6,0.051282,12
Igor_Stravinsky,Igor_Stravinsky,,20,33,53,20,33,53,7,0.326488,0.351211,6543.188053,4,1,6,0.131313,11
Indus_Valley_Civilization,Indus_Valley_Civilization,,30,36,66,30,36,66,7,0.323105,0.346991,5712.174786,1,1,6,0.112782,0
Ludwig_Wittgenstein,Ludwig_Wittgenstein,,20,39,59,20,39,59,7,0.335902,0.361621,4837.69351,9,1,6,0.111395,11
Parthenon,Parthenon,,16,25,41,16,25,41,7,0.326514,0.349672,1904.460251,1,1,6,0.138138,8
Visual_arts,Visual_arts,,17,15,32,17,15,32,7,0.305939,0.323685,4999.728166,4,1,6,0.08046,13
Afghan_Hound,Afghan_Hound,,1,9,10,1,9,10,7,0.314996,0.333983,75.854925,2,1,6,0.222222,12
Dog,Dog,,50,39,89,50,39,89,7,0.331101,0.357173,20946.503954,2,1,6,0.040278,12
Fox,Fox,,22,20,42,22,20,42,7,0.31089,0.331231,13612.416045,2,1,6,0.06899,12
Azerbaijan,Azerbaijan,,82,144,226,82,144,226,7,0.363066,0.401856,19773.149163,10,1,6,0.170468,5
Domestic_goat,Domestic_goat,,33,34,67,33,34,67,7,0.324814,0.34915,5387.410074,2,1,6,0.070917,12
Frankfurt,Frankfurt,,37,49,86,37,49,86,6,0.349061,0.376834,10763.272473,10,1,6,0.137912,5
Idolatry,Idolatry,,12,10,22,12,10,22,8,0.290901,0.307673,263.568654,1,1,6,0.135714,14
Islamic_republic,Islamic_republic,,3,9,12,3,9,12,7,0.303284,0.322775,25.966191,1,1,6,0.388889,7
Morphine,Morphine,,11,15,26,11,15,26,7,0.325466,0.345238,3182.381484,11,1,6,0.108333,12
Pashtun_people,Pashtun_people,,3,49,52,3,49,52,7,0.344933,0.373025,4996.219345,8,1,6,0.226122,5
Persian_literature,Persian_literature,,5,20,25,5,20,25,7,0.31163,0.332276,670.178776,8,1,6,0.177536,3
Sassanid_Empire,Sassanid_Empire,,13,44,57,13,44,57,7,0.323569,0.35007,1251.538268,1,1,6,0.20449,0
Tajikistan,Tajikistan,,54,29,83,54,29,83,6,0.328445,0.352167,2679.489918,5,1,6,0.214211,9
Turkmenistan,Turkmenistan,,53,32,85,53,32,85,7,0.325335,0.35012,1847.384483,5,1,6,0.231925,9
Uzbekistan,Uzbekistan,,65,37,102,65,37,102,7,0.334544,0.359621,3564.093802,5,1,6,0.178562,9
World_Bank_Group,World_Bank_Group,,9,15,24,9,15,24,7,0.324996,0.346931,554.39473,9,1,6,0.233333,10
World_Heritage_Site,World_Heritage_Site,,90,56,146,90,56,146,7,0.355053,0.384405,24697.892111,8,1,6,0.071786,7
Algiers,Algiers,,16,50,66,16,50,66,6,0.347416,0.376443,2122.698359,1,1,6,0.207827,5
Antananarivo,Antananarivo,,2,15,17,2,15,17,7,0.31089,0.331665,323.633909,5,1,6,0.1375,5
Atlantic_slave_trade,Atlantic_slave_trade,,15,58,73,15,58,73,7,0.347148,0.375668,8631.287297,5,1,6,0.135976,0
Bamako,Bamako,,4,16,20,4,16,20,7,0.320398,0.342156,331.089683,5,1,6,0.215686,5
Banjul,Banjul,,7,9,16,7,9,16,7,0.304492,0.322721,528.857307,5,1,6,0.164835,5
Benin,Benin,,59,24,83,59,24,83,7,0.317961,0.341478,2911.303274,5,1,6,0.285766,9
Bissau,Bissau,,6,7,13,6,7,13,7,0.288418,0.303975,214.483144,5,1,6,0.263636,5
Botswana,Botswana,,61,31,92,61,31,92,7,0.333635,0.358759,7469.642218,5,1,6,0.214286,9
Cairo,Cairo,,58,40,98,58,40,98,7,0.336991,0.36405,10893.58617,1,1,6,0.12963,5
Carnivore,Carnivore,,39,30,69,39,30,69,7,0.30897,0.329357,35612.032462,2,1,6,0.078794,12
Central_African_Republic,Central_African_Republic,,52,36,88,52,36,88,7,0.331643,0.357343,5304.842373,5,1,6,0.264035,9
Chad,Chad,,66,151,217,66,151,217,7,0.356333,0.394907,9140.609725,5,1,6,0.180952,9
Cheetah,Cheetah,,9,45,54,9,45,54,7,0.334599,0.360143,6793.6958,2,1,6,0.135747,12
Cocoa,Cocoa,,25,31,56,25,31,56,7,0.339417,0.363573,4613.786713,6,1,6,0.122857,4
Comoros,Comoros,,51,26,77,51,26,77,7,0.322334,0.34651,1732.54469,5,1,6,0.340093,5
Conakry,Conakry,,4,6,10,4,6,10,7,0.289592,0.305683,58.748716,5,1,6,0.285714,5
Congo_River,Congo_River,,26,21,47,26,21,47,7,0.317612,0.340218,1765.457342,5,1,6,0.188934,5
Continent,Continent,,63,56,119,63,56,119,7,0.350935,0.380544,20408.173257,7,1,6,0.099342,5
Cotton,Cotton,,79,32,111,79,32,111,6,0.338793,0.364463,13778.733527,5,1,6,0.067857,12
Crocodile,Crocodile,,26,20,46,26,20,46,7,0.314703,0.336072,5007.96591,2,1,6,0.110465,12
Culture,Culture,,97,58,155,97,58,155,7,0.355676,0.38535,32092.176113,9,1,6,0.074445,4
David_Livingstone,David_Livingstone,,12,18,30,12,18,30,7,0.321542,0.344882,943.210038,5,1,6,0.158462,11
Deity,Deity,,32,22,54,32,22,54,7,0.319037,0.340286,9412.596308,1,1,6,0.098057,14
Desert,Desert,,53,23,76,53,23,76,7,0.322002,0.343538,11488.396874,7,1,6,0.085807,5
Despotism,Despotism,,15,8,23,15,8,23,7,0.290901,0.307622,811.046712,9,1,6,0.171053,7
El_Aai%C3%BAn,El_Aai%C3%BAn,,2,6,8,2,6,8,7,0.284891,0.300558,0,5,1,6,0.880952,5
Elephant,Elephant,,44,40,84,44,40,84,7,0.335097,0.359696,21590.633904,8,1,6,0.063604,12
Equatorial_Guinea,Equatorial_Guinea,,50,37,87,50,37,87,7,0.337103,0.362866,9932.08145,5,1,6,0.305946,9
Eritrea,Eritrea,,48,99,147,48,99,147,7,0.349152,0.381704,12688.820068,5,1,6,0.236134,9
Flute,Flute,,25,23,48,25,23,48,7,0.308571,0.329038,11116.064038,4,1,6,0.054817,2
Fossil,Fossil,,125,24,149,125,24,149,7,0.30923,0.328448,15235.888713,2,1,6,0.039956,5
Funchal,Funchal,,4,8,12,4,8,12,7,0.299254,0.316434,2950.481196,11,1,6,0.177778,5
Gaborone,Gaborone,,3,4,7,3,4,7,7,0.281313,0.295724,81.403322,5,1,6,0.333333,5
Great_Pyramid_of_Giza,Great_Pyramid_of_Giza,,8,13,21,8,13,21,7,0.302673,0.321749,412.019408,1,1,6,0.215686,8
Guinea,Guinea,,66,28,94,66,28,94,7,0.32432,0.347984,3345.569534,5,1,6,0.263023,9
Guinea-Bissau,Guinea-Bissau,,52,21,73,52,21,73,7,0.319918,0.342773,2198.072472,5,1,6,0.299279,9
Harare,Harare,,6,17,23,6,17,23,6,0.329835,0.351846,583.898866,11,1,6,0.173684,5
Henry_Morton_Stanley,Henry_Morton_Stanley,,9,14,23,9,14,23,7,0.306309,0.326421,565.942897,5,1,6,0.233918,11
Herbivore,Herbivore,,59,16,75,59,16,75,7,0.323311,0.344985,10444.248598,2,1,6,0.069417,12
Horn_of_Africa,Horn_of_Africa,,15,33,48,15,33,48,7,0.335069,0.359388,8327.544484,5,1,6,0.167073,5
Hutu,Hutu,,9,13,22,9,13,22,7,0.31588,0.336861,212.744822,5,1,6,0.341912,5
Hyena,Hyena,,13,14,27,13,14,27,7,0.310628,0.330934,9939.826449,2,1,6,0.255411,12
Irrigation,Irrigation,,56,20,76,56,20,76,7,0.31163,0.332366,5314.32461,7,1,6,0.087005,5
Ishango_bone,Ishango_bone,,1,9,10,1,9,10,7,0.297018,0.315225,1216.461646,5,1,6,0.263889,0
Khartoum,Khartoum,,16,20,36,16,20,36,7,0.326409,0.348444,845.733355,5,1,6,0.224138,5
Kigali,Kigali,,4,17,21,4,17,21,7,0.308312,0.328072,136.844905,5,1,6,0.27193,5
Lake_Victoria,Lake_Victoria,,15,20,35,15,20,35,7,0.32012,0.342119,1363.699868,5,1,6,0.18661,5
Las_Palmas_de_Gran_Canaria,Las_Palmas_de_Gran_Canaria,,3,4,7,3,4,7,7,0.292454,0.309319,7.491629,6,1,6,0.833333,5
Lesotho,Lesotho,,52,30,82,52,30,82,6,0.3382,0.363559,7405.721981,5,1,6,0.22807,9
Libreville,Libreville,,5,6,11,5,6,11,7,0.278109,0.292193,56.932599,5,1,6,0.311111,5
Lilongwe,Lilongwe,,3,9,12,3,9,12,7,0.295697,0.313518,48.615563,5,1,6,0.418182,5
Lom%C3%A9,Lom%C3%A9,,4,15,19,4,15,19,7,0.321746,0.343091,302.191657,5,1,6,0.232026,5
Lusaka,Lusaka,,9,3,12,9,3,12,7,0.283953,0.29939,158.235469,5,1,6,0.218182,5
Malawi,Malawi,,49,109,158,49,109,158,7,0.355396,0.389453,7381.005106,5,1,6,0.206223,9
Maputo,Maputo,,5,16,21,5,16,21,7,0.317165,0.339159,315.256557,5,1,6,0.251462,5
Maseru,Maseru,,2,4,6,2,4,6,7,0.293875,0.30973,1.422071,5,1,6,0.5,5
Mayotte,Mayotte,,32,11,43,32,11,43,7,0.302244,0.322335,79.515986,5,1,6,0.525526,5
Mbabane,Mbabane,,3,8,11,3,8,11,7,0.312038,0.330703,80.279034,5,1,6,0.277778,5
Military_dictatorship,Military_dictatorship,,25,68,93,25,68,93,7,0.334544,0.364788,3561.984108,6,1,6,0.150463,7
Mitochondrial_Eve,Mitochondrial_Eve,,3,8,11,3,8,11,7,0.30072,0.318469,469.121417,5,1,6,0.245455,12
Monrovia,Monrovia,,7,9,16,7,9,16,7,0.308571,0.327013,504.366361,5,1,6,0.287879,5
Nairobi,Nairobi,,16,31,47,16,31,47,7,0.339873,0.365826,2733.983879,5,1,6,0.140534,5
Namibia,Namibia,,73,43,116,73,43,116,7,0.344992,0.372406,10044.065544,5,1,6,0.154504,9
Nouakchott,Nouakchott,,5,12,17,5,12,17,7,0.298395,0.317492,197.015309,5,1,6,0.208791,5
Palm_oil,Palm_oil,,20,16,36,20,16,36,7,0.315462,0.334845,7285.93365,5,1,6,0.082888,4
Port_Louis,Port_Louis,,2,11,13,2,11,13,7,0.311033,0.332152,58.602234,5,1,6,0.290909,5
Porto-Novo,Porto-Novo,,4,8,12,4,8,12,7,0.294451,0.310659,264.575216,5,1,6,0.163636,5
Praia,Praia,,3,10,13,3,10,13,7,0.303216,0.321167,120.492936,5,1,6,0.280303,5
Pretoria,Pretoria,,20,20,40,20,20,40,6,0.328792,0.350678,1606.812139,5,1,6,0.185484,5
R%C3%A9union,R%C3%A9union,,34,24,58,34,24,58,7,0.329353,0.35199,5495.76564,5,1,6,0.254354,9
Rabat,Rabat,,6,8,14,6,8,14,7,0.29667,0.314185,50.511607,1,1,6,0.30303,5
Reggae,Reggae,,27,27,54,27,27,54,7,0.323983,0.346755,27207.747597,4,1,6,0.113108,2
Republic_of_the_Congo,Republic_of_the_Congo,,49,22,71,49,22,71,7,0.316151,0.339524,1189.069415,5,1,6,0.327445,5
Richard_Francis_Burton,Richard_Francis_Burton,,7,40,47,7,40,47,7,0.333224,0.360069,2961.314272,5,1,6,0.146341,11
S%C3%A3o_Tom%C3%A9,S%C3%A3o_Tom%C3%A9,,2,7,9,2,7,9,7,0.290985,0.307321,43.692867,5,1,6,0.339286,5
S%C3%A3o_Tom%C3%A9_and_Pr%C3%ADncipe,S%C3%A3o_Tom%C3%A9_and_Pr%C3%ADncipe,,42,21,63,42,21,63,7,0.316348,0.338403,1965.838248,5,1,6,0.341198,9
Saint_Helena,Saint_Helena,,35,24,59,35,24,59,7,0.335318,0.358599,2867.793997,5,1,6,0.240391,9
Sorghum,Sorghum,,17,31,48,17,31,48,7,0.334682,0.359859,2848.510939,5,1,6,0.16113,12
Soukous,Soukous,,2,22,24,2,22,24,7,0.317239,0.34008,914.783878,4,1,6,0.203557,2
Swaziland,Swaziland,,52,26,78,52,26,78,7,0.330588,0.355012,2822.945367,5,1,6,0.244032,9
Temperate,Temperate,,65,13,78,65,13,78,7,0.306982,0.323724,6249.354055,2,1,6,0.054527,12
The_Gambia,The_Gambia,,40,34,74,40,34,74,7,0.332759,0.358975,4067.771051,5,1,6,0.266621,9
Timbuktu,Timbuktu,,7,29,36,7,29,36,7,0.335014,0.35958,1062.298659,5,1,6,0.175189,5
Togo,Togo,,57,27,84,57,27,84,7,0.320728,0.344617,3253.236065,5,1,6,0.271196,9
Tripoli,Tripoli,,14,31,45,14,31,45,7,0.335485,0.361168,1100.501162,1,1,6,0.166463,5
Trumpet,Trumpet,,21,21,42,21,21,42,7,0.304812,0.324633,4188.739771,4,1,6,0.078571,2
Tunis,Tunis,,17,20,37,17,20,37,7,0.321746,0.346017,1964.601886,1,1,6,0.177419,5
Tunisia,Tunisia,,93,31,124,93,31,124,7,0.325622,0.350926,5986.757001,5,1,6,0.194746,9
Tutsi,Tutsi,,10,12,22,10,12,22,7,0.305041,0.325046,315.874093,5,1,6,0.294118,5
United_States_Senate,United_States_Senate,,68,16,84,68,16,84,7,0.289241,0.30686,3419.286602,3,1,6,0.090351,7
Victoria%2C_Seychelles,Victoria%2C_Seychelles,,3,12,15,3,12,15,7,0.311343,0.330107,850.571337,0,1,6,0.164835,5
Western_Sahara,Western_Sahara,,47,34,81,47,34,81,7,0.332786,0.358126,3492.146446,5,1,6,0.302797,9
Zambia,Zambia,,71,96,167,71,96,167,7,0.346851,0.379913,17539.869723,5,1,6,0.184609,9
African_American_literature,African_American_literature,,2,29,31,2,29,31,7,0.329379,0.354282,126.23253,3,1,6,0.186207,3
Martin_Luther_King%2C_Jr.,Martin_Luther_King%2C_Jr.,,24,44,68,24,44,68,7,0.342428,0.370287,16936.51811,3,1,6,0.108442,11
Southern_United_States,Southern_United_States,,28,74,102,28,74,102,6,0.35194,0.382536,17722.928079,3,1,6,0.109363,5
African_Black_Oystercatcher,African_Black_Oystercatcher,,0,10,10,0,10,10,7,0.292822,0.309719,0,2,1,30,0.322222,12
Bird,Bird,,237,56,293,237,56,293,7,0.326146,0.352657,177979.419344,2,1,6,0.028189,12
Bird_migration,Bird_migration,,76,43,119,76,43,119,7,0.340529,0.366336,56035.77835,2,1,6,0.033214,12
Feather,Feather,,35,17,52,35,17,52,7,0.299963,0.317009,5445.983593,2,1,6,0.064273,12
Plover,Plover,,5,6,11,5,6,11,8,0.260926,0.273536,4625.476848,2,1,6,0.377778,12
Wader,Wader,,11,12,23,11,12,23,7,0.284831,0.300493,1131.907761,2,1,6,0.21345,12
African_Brush-tailed_Porcupine,African_Brush-tailed_Porcupine,,0,7,7,0,7,7,7,0.289995,0.306483,0,2,1,31,0.285714,12
Cave,Cave,,19,31,50,19,31,50,7,0.343938,0.369917,5371.384722,7,1,6,0.113784,5
African_Buffalo,African_Buffalo,,2,19,21,2,19,21,7,0.301996,0.321214,126.624927,5,1,6,0.330952,12
Hippopotamus,Hippopotamus,,16,44,60,16,44,60,7,0.332268,0.358338,5278.389772,5,1,6,0.132206,12
Vertebrate,Vertebrate,,48,13,61,48,13,61,7,0.292496,0.309356,5539.18156,2,1,6,0.112119,12
Water_Buffalo,Water_Buffalo,,7,31,38,7,31,38,7,0.324242,0.348334,1214.500524,8,1,6,0.170635,12
African_Darter,African_Darter,,1,8,9,1,8,9,7,0.287559,0.303672,19.977439,2,1,6,0.236111,12
Cormorant,Cormorant,,9,22,31,9,22,31,7,0.32419,0.345729,5591.338793,2,1,6,0.146825,12
Heron,Heron,,10,7,17,10,7,17,8,0.279625,0.293464,256.805028,2,1,6,0.139706,12
Sahara,Sahara,,40,47,87,40,47,87,7,0.34211,0.368844,12559.349688,5,1,6,0.096577,5
Lake_Albert,Lake_Albert,,10,8,18,10,8,18,7,0.288541,0.30465,176.214221,5,1,6,0.274725,5
Lake_Edward,Lake_Edward,,9,7,16,9,7,16,7,0.292898,0.310545,159.780384,5,1,6,0.320513,5
Lake_Kivu,Lake_Kivu,,7,9,16,7,9,16,7,0.303579,0.323334,123.382236,5,1,6,0.307692,5
Lake_Malawi,Lake_Malawi,,6,13,19,6,13,19,7,0.304583,0.323469,173.492104,5,1,6,0.127451,5
Zambezi,Zambezi,,13,40,53,13,40,53,7,0.328233,0.354116,13213.105369,5,1,6,0.126272,5
African_Grey_Hornbill,African_Grey_Hornbill,,0,8,8,0,8,8,7,0.291098,0.307726,0,2,1,32,0.357143,12
African_Grey_Parrot,African_Grey_Parrot,,1,17,18,1,17,18,7,0.310532,0.330985,80.16573,2,1,6,0.191176,12
Cooperative,Cooperative,,18,16,34,18,16,34,6,0.321083,0.342625,1941.968172,9,1,6,0.114532,7
Crow,Crow,,18,28,46,18,28,46,7,0.32172,0.345579,7919.958157,2,1,6,0.106707,12
Parrot,Parrot,,20,25,45,20,25,45,7,0.337861,0.361222,23901.337748,2,1,6,0.098171,12
Raven,Raven,,13,13,26,13,13,26,7,0.304377,0.32214,3904.290526,2,1,6,0.106884,12
African_Jacana,African_Jacana,,0,10,10,0,10,10,7,0.29091,0.308328,0,2,1,33,0.333333,12
Coot,Coot,,2,11,13,2,11,13,7,0.296975,0.312961,291.476102,2,1,6,0.198718,12
Insect,Insect,,105,34,139,105,34,139,7,0.311654,0.33294,31575.704263,2,1,6,0.041176,12
African_Penguin,African_Penguin,,3,14,17,3,14,17,7,0.302357,0.321619,183.019874,2,1,6,0.233333,12
Fish,Fish,,146,13,159,146,13,159,7,0.296627,0.312394,20730.544582,2,1,6,0.033635,12
Magellanic_Penguin,Magellanic_Penguin,,4,14,18,4,14,18,7,0.301547,0.318908,1271.298219,2,1,6,0.214286,12
Chadian-Sudanese_conflict,Chadian-Sudanese_conflict,,1,22,23,1,22,23,7,0.302019,0.322839,5.201669,5,1,6,0.339827,0
Economy_of_Africa,Economy_of_Africa,,3,101,104,3,101,104,6,0.360388,0.394623,2359.572875,5,1,6,0.129489,10
Human_rights,Human_rights,,71,71,142,71,71,142,7,0.353752,0.38422,38263.237329,9,1,6,0.07573,7
Lord%27s_Resistance_Army,Lord%27s_Resistance_Army,,5,11,16,5,11,16,7,0.301368,0.321265,59.830653,5,1,6,0.358974,7
African_Wild_Dog,African_Wild_Dog,,3,10,13,3,10,13,7,0.290985,0.308169,438.225632,2,1,6,0.371212,12
African_clawed_frog,African_clawed_frog,,3,6,9,3,6,9,8,0.277823,0.291873,78.588958,2,1,6,0.321429,12
Frog,Frog,,25,41,66,25,41,66,7,0.33369,0.357906,28444.374788,2,1,6,0.077401,12
African_dwarf_frog,African_dwarf_frog,,1,6,7,1,6,7,7,0.285372,0.301013,8.71092,2,1,6,0.466667,12
African_slave_trade,African_slave_trade,,7,24,31,7,24,31,7,0.335485,0.359877,204.948885,5,1,6,0.190805,0
Mining,Mining,,84,33,117,84,33,117,7,0.330507,0.35399,21792.338389,7,1,6,0.061815,10
Peace,Peace,,17,29,46,17,29,46,6,0.333772,0.358502,3754.648321,9,1,6,0.078788,7
Auckland,Auckland,,26,17,43,26,17,43,7,0.310509,0.330253,1551.166051,12,1,6,0.080297,5
History_of_South_Africa,History_of_South_Africa,,5,105,110,5,105,110,7,0.370161,0.404714,1890.046067,5,1,6,0.11177,0
Hollandic,Hollandic,,8,7,15,8,7,15,7,0.275501,0.289681,119.602684,10,1,6,0.455556,3
Linguistics,Linguistics,,50,11,61,50,11,61,8,0.293555,0.310943,8133.933957,9,1,6,0.081169,3
Suriname,Suriname,,34,40,74,34,40,74,7,0.350328,0.37781,3720.194449,6,1,6,0.156498,9
West_Flemish,West_Flemish,,8,8,16,8,8,16,7,0.284651,0.299617,213.687298,10,1,6,0.445455,3
Helen,Helen,,7,13,20,7,13,20,7,0.289861,0.306499,662.01704,1,1,6,0.3,11
Sean_Connery,Sean_Connery,,9,22,31,9,22,31,7,0.326777,0.349932,1829.99548,13,1,6,0.099206,11
Age_of_Enlightenment,Age_of_Enlightenment,,61,53,114,61,53,114,7,0.329219,0.355333,20904.680286,9,1,6,0.081485,14
Algebra,Algebra,,20,21,41,20,21,41,7,0.298417,0.317408,11390.833938,9,1,6,0.125397,6
Baroque,Baroque,,57,41,98,57,41,98,7,0.329406,0.355259,19914.585112,4,1,6,0.07628,13
Edward_Gibbon,Edward_Gibbon,,16,11,27,16,11,27,7,0.295891,0.313504,2457.541973,1,1,6,0.130769,0
Johann_Wolfgang_Goethe,Johann_Wolfgang_Goethe,,5,39,44,5,39,44,7,0.326356,0.351287,1316.548331,4,1,6,0.103049,11
Property,Property,,26,33,59,26,33,59,7,0.324658,0.34755,6430.098966,9,1,6,0.082468,7
United_States_Declaration_of_Independence,United_States_Declaration_of_Independence,,18,20,38,18,20,38,7,0.310842,0.330851,4152.342232,3,1,6,0.152116,0
Aggregator,Aggregator,,3,6,9,3,6,9,7,0.265106,0.277532,122.33783,13,1,6,0.166667,1
Ajax_%28programming%29,Ajax_%28programming%29,,3,2,5,3,2,5,8,0.234634,0.242976,8.600017,13,1,6,0.25,1
ITunes,ITunes,,7,39,46,7,39,46,6,0.335014,0.360862,8603.113663,13,1,6,0.159756,8
Podcasting,Podcasting,,6,10,16,6,10,16,7,0.272026,0.285223,10857.276998,13,1,6,0.134615,1
RSS_%28file_format%29,RSS_%28file_format%29,,6,6,12,6,6,12,7,0.256469,0.267999,187.219431,13,1,6,0.25,1
Agnosticism,Agnosticism,,12,7,19,12,7,19,7,0.289427,0.304464,341.790226,9,1,6,0.191176,14
Atheism,Atheism,,43,46,89,43,46,89,7,0.345345,0.371561,19156.600411,9,1,6,0.084914,14
Bertrand_Russell,Bertrand_Russell,,30,69,99,30,69,99,6,0.357433,0.387987,13863.812805,9,1,6,0.105882,11
God,God,,126,36,162,126,36,162,7,0.33358,0.35797,35019.652636,9,1,6,0.042425,14
Andes,Andes,,47,19,66,47,19,66,7,0.307797,0.326822,9619.68617,6,1,6,0.098694,5
Arable_land,Arable_land,,27,20,47,27,20,47,7,0.32116,0.342808,5351.591387,2,1,6,0.044444,4
Barley,Barley,,32,26,58,32,26,58,7,0.339446,0.363664,3003.151592,11,1,6,0.118099,12
Beekeeping,Beekeeping,,7,16,23,7,16,23,7,0.327649,0.349425,1417.61908,11,1,6,0.158009,4
Biodiesel,Biodiesel,,19,34,53,19,34,53,7,0.330453,0.35486,41606.114199,11,1,6,0.090381,7
Botany,Botany,,27,38,65,27,38,65,7,0.31419,0.336373,6033.045753,11,1,6,0.081356,12
Egg_%28food%29,Egg_%28food%29,,19,23,42,19,23,42,7,0.330615,0.35184,5106.760354,11,1,6,0.083215,4
Fertile_Crescent,Fertile_Crescent,,8,32,40,8,32,40,7,0.317488,0.340457,675.873845,1,1,6,0.213371,5
Fertilizer,Fertilizer,,43,23,66,43,23,66,7,0.298395,0.317673,8530.517666,7,1,6,0.07683,4
Flower,Flower,,88,26,114,88,26,114,7,0.323492,0.344718,22952.504139,11,1,6,0.05467,12
History_of_the_world,History_of_the_world,,7,147,154,7,147,154,6,0.387683,0.425354,3878.418175,1,1,6,0.110508,0
Honey,Honey,,32,37,69,32,37,69,7,0.346496,0.373025,8339.112761,11,1,6,0.086058,4
Horse,Horse,,55,65,120,55,65,120,6,0.363099,0.392329,41872.413231,2,1,6,0.055073,12
Meat,Meat,,37,22,59,37,22,59,7,0.322155,0.343266,10519.153729,2,1,6,0.081412,4
Milk,Milk,,41,56,97,41,56,97,7,0.360484,0.389778,14718.641802,11,1,6,0.095028,4
Pea,Pea,,19,26,45,19,26,45,7,0.32432,0.346819,5429.387988,11,1,6,0.100284,12
Phosphorus,Phosphorus,,41,52,93,41,52,93,7,0.339616,0.367399,21904.786112,7,1,6,0.098259,12
Soil_salination,Soil_salination,,7,5,12,7,5,12,7,0.265245,0.277134,113.954409,7,1,6,0.136364,5
Soybean,Soybean,,14,48,62,14,48,62,7,0.342139,0.368875,8739.878087,11,1,6,0.096429,4
Sumer,Sumer,,37,53,90,37,53,90,7,0.328845,0.355658,15037.944133,1,1,6,0.07057,0
Weed,Weed,,13,3,16,13,3,16,8,0.255934,0.266264,536.096838,11,1,6,0.1,12
Airbus,Airbus,,11,31,42,11,31,42,7,0.337159,0.362467,2265.517192,10,1,6,0.254622,8
Aircraft,Aircraft,,44,18,62,44,18,62,7,0.317214,0.337712,5608.913958,10,1,6,0.065167,8
BAE_Systems,BAE_Systems,,8,17,25,8,17,25,7,0.307751,0.328016,2134.424447,0,1,6,0.179842,10
British_English,British_English,,34,21,55,34,21,55,7,0.325806,0.348568,7636.58226,0,1,6,0.113933,3
Concorde,Concorde,,8,43,51,8,43,51,6,0.346614,0.373791,3455.404342,0,1,6,0.133865,8
Boeing_747,Boeing_747,,19,35,54,19,35,54,7,0.335818,0.360917,3325.874039,3,1,6,0.112858,8
Brisbane,Brisbane,,21,18,39,21,18,39,7,0.314972,0.334816,2842.178263,12,1,6,0.080159,5
Fiberglass,Fiberglass,,6,8,14,6,8,14,7,0.271843,0.2857,646.049999,7,1,6,0.104396,8
Montreal,Montreal,,56,79,135,56,79,135,6,0.361287,0.392888,25175.300273,3,1,6,0.096552,5
Titanium,Titanium,,44,74,118,44,74,118,7,0.35434,0.384672,15326.833892,7,1,6,0.12483,12
Welding,Welding,,26,43,69,26,43,69,7,0.338002,0.363532,16120.007535,7,1,6,0.112429,8
Airship,Airship,,14,27,41,14,27,41,7,0.343152,0.367162,5438.925584,10,1,6,0.147059,8
Boat,Boat,,16,7,23,16,7,23,7,0.29704,0.312945,662.842849,0,1,6,0.059524,8
Hot_air_balloon,Hot_air_balloon,,8,12,20,8,12,20,7,0.315241,0.334929,516.705868,0,1,6,0.161765,8
Hovercraft,Hovercraft,,7,11,18,7,11,18,7,0.302605,0.320232,470.306427,0,1,6,0.1375,8
Battle_of_Midway,Battle_of_Midway,,9,18,27,9,18,27,7,0.306703,0.326775,5851.712968,10,1,6,0.234211,0
F-35_Lightning_II,F-35_Lightning_II,,3,22,25,3,22,25,7,0.32962,0.353279,143.872152,10,1,6,0.305195,0
Imperial_Japanese_Navy,Imperial_Japanese_Navy,,14,35,49,14,35,49,7,0.338059,0.363878,1332.886021,10,1,6,0.200846,0
Shanghai,Shanghai,,54,80,134,54,80,134,6,0.355864,0.387276,13530.955322,8,1,6,0.110199,5
Alberto_Santos-Dumont,Alberto_Santos-Dumont,,4,24,28,4,24,28,7,0.332295,0.355178,758.709363,3,1,6,0.156667,11
English_Channel,English_Channel,,60,33,93,60,33,93,7,0.325152,0.348794,14594.489849,0,1,6,0.085601,5
Gibraltar,Gibraltar,,48,45,93,48,45,93,7,0.339503,0.366875,22683.259068,10,1,6,0.132562,5
Shark,Shark,,37,37,74,37,37,74,7,0.319741,0.34229,46336.891228,2,1,6,0.079117,12
Internet_Explorer,Internet_Explorer,,11,13,24,11,13,24,7,0.275333,0.289237,4232.632717,13,1,6,0.181287,1
Microsoft,Microsoft,,43,13,56,43,13,56,7,0.300319,0.318645,10408.418519,13,1,6,0.062194,1
Malwa_%28Madhya_Pradesh%29,Malwa_%28Madhya_Pradesh%29,,3,29,32,3,29,32,7,0.328233,0.351376,6547.047907,8,1,6,0.090805,5
Akhenaten,Akhenaten,,5,12,17,5,12,17,7,0.310247,0.330144,628.636591,1,1,6,0.106618,11
Sigmund_Freud,Sigmund_Freud,,30,38,68,30,38,68,7,0.335735,0.36057,9891.775087,9,1,6,0.08796,11
Akira_Kurosawa,Akira_Kurosawa,,3,12,15,3,12,15,7,0.308923,0.32801,9624.650957,13,1,6,0.143939,11
Crime,Crime,,39,23,62,39,23,62,7,0.319515,0.341114,9012.513224,9,1,6,0.060491,7
Macbeth,Macbeth,,14,16,30,14,16,30,7,0.300786,0.31919,4710.70411,0,1,6,0.126482,3
Ran_%28film%29,Ran_%28film%29,,1,7,8,1,7,8,7,0.277728,0.290944,4621.232743,13,1,6,0.071429,4
Star_Wars_Episode_IV__A_New_Hope,Star_Wars_Episode_IV__A_New_Hope,,11,23,34,11,23,34,7,0.305455,0.32376,14760.431847,13,1,6,0.088319,4
Akkadian_Empire,Akkadian_Empire,,5,15,20,5,15,20,7,0.308125,0.32733,117.92009,1,1,6,0.35,0
Assyria,Assyria,,28,16,44,28,16,44,7,0.294729,0.312863,1343.852334,1,1,6,0.152916,0
Astronomy,Astronomy,,95,75,170,95,75,170,7,0.338793,0.367701,86474.734118,7,1,6,0.06521,12
Babylonia,Babylonia,,33,22,55,33,22,55,7,0.306425,0.325583,6662.559496,1,1,6,0.102683,0
Hammurabi,Hammurabi,,9,6,15,9,6,15,8,0.283041,0.29787,145.335261,1,1,6,0.30303,0
Akrotiri_and_Dhekelia,Akrotiri_and_Dhekelia,,8,15,23,8,15,23,7,0.312158,0.33311,204.228056,5,1,6,0.284211,5
ECHELON,ECHELON,,2,54,56,2,54,56,7,0.355427,0.38438,563.184371,10,1,6,0.180519,7
Turkish_Republic_of_Northern_Cyprus,Turkish_Republic_of_Northern_Cyprus,,22,12,34,22,12,34,7,0.309607,0.329903,131.787393,5,1,6,0.455914,5
Aksumite_currency,Aksumite_currency,,1,14,15,1,14,15,7,0.306309,0.327305,4588.045325,1,1,6,0.3,0
GDRT,GDRT,,1,6,7,1,6,7,7,0.291361,0.307313,24.796016,5,1,6,0.380952,0
Al_Jazeera,Al_Jazeera,,7,35,42,7,35,42,7,0.332895,0.358455,469.058792,1,1,6,0.197724,7
Bahrain,Bahrain,,48,37,85,48,37,85,7,0.33358,0.35864,4320.822249,5,1,6,0.267568,5
Buenos_Aires,Buenos_Aires,,43,49,92,43,49,92,7,0.343618,0.371442,6060.281662,6,1,6,0.152512,5
Doha,Doha,,9,16,25,9,16,25,7,0.32213,0.342865,1006.088984,1,1,6,0.205628,5
Federal_Bureau_of_Investigation,Federal_Bureau_of_Investigation,,49,21,70,49,21,70,7,0.307844,0.327537,15900.646583,3,1,6,0.081119,7
Alamosaurus,Alamosaurus,,1,17,18,1,17,18,7,0.295476,0.312943,4.689396,2,1,35,0.281046,12
Cretaceous,Cretaceous,,85,49,134,85,49,134,7,0.338228,0.365508,39693.093572,2,1,6,0.066294,5
Dinosaur,Dinosaur,,98,90,188,98,90,188,7,0.362223,0.393293,169663.848324,2,1,6,0.067308,12
Parasaurolophus,Parasaurolophus,,1,12,13,1,12,13,8,0.301062,0.317965,39.472947,2,1,34,0.346154,12
Reptile,Reptile,,108,28,136,108,28,136,7,0.312351,0.331924,28219.754826,2,1,6,0.075689,12
Saltasaurus,Saltasaurus,,3,18,21,3,18,21,7,0.309065,0.328381,60.204174,2,1,6,0.260526,12
Saurischia,Saurischia,,38,15,53,38,15,53,8,0.287722,0.303441,1157.777526,2,1,6,0.200966,12
Sauropodomorpha,Sauropodomorpha,,17,24,41,17,24,41,7,0.305271,0.325079,798.337309,2,1,6,0.224751,12
Alan_Turing,Alan_Turing,,11,22,33,11,22,33,7,0.322951,0.344995,3351.373193,9,1,6,0.087438,11
Algorithm,Algorithm,,26,20,46,26,20,46,7,0.308453,0.327108,12944.934764,9,1,6,0.074913,6
Boston%2C_Massachusetts,Boston%2C_Massachusetts,,115,32,147,115,32,147,6,0.330292,0.353486,49805.733288,3,1,6,0.033137,5
Computer_science,Computer_science,,40,17,57,40,17,57,7,0.293789,0.311219,6802.92901,9,1,6,0.080357,1
Enigma_machine,Enigma_machine,,5,17,22,5,17,22,6,0.324502,0.346629,5053.268946,10,1,6,0.195238,8
Princeton_University,Princeton_University,,31,38,69,31,38,69,7,0.335874,0.36136,16468.305456,3,1,6,0.046131,7
Rainbow,Rainbow,,11,25,36,11,25,36,7,0.318636,0.339653,2517.441248,7,1,6,0.068548,5
Southampton,Southampton,,20,49,69,20,49,69,7,0.348791,0.378096,5333.740609,0,1,6,0.136171,5
Trinity_College%2C_Cambridge,Trinity_College%2C_Cambridge,,26,19,45,26,19,45,7,0.328472,0.351499,2842.92,0,1,6,0.126923,7
University_of_Texas_at_Austin,University_of_Texas_at_Austin,,6,11,17,6,11,17,7,0.31058,0.330259,213.77811,3,1,6,0.2,5
Andorra,Andorra,,41,54,95,41,54,95,7,0.351422,0.380273,3377.424309,10,1,6,0.271945,5
Bosnia_and_Herzegovina,Bosnia_and_Herzegovina,,74,58,132,74,58,132,6,0.347476,0.37692,8249.535996,10,1,6,0.188017,5
Bronze_Age,Bronze_Age,,60,35,95,60,35,95,7,0.33013,0.355596,8940.74288,1,1,6,0.073461,0
Brunei,Brunei,,47,25,72,47,25,72,7,0.326488,0.349462,1179.996558,5,1,6,0.229808,9
Estonia,Estonia,,72,42,114,72,42,114,7,0.333992,0.361434,4338.412493,10,1,6,0.19429,5
Guyana,Guyana,,48,57,105,48,57,105,7,0.35696,0.386016,17325.349786,5,1,6,0.145395,9
Herodotus,Herodotus,,43,11,54,43,11,54,7,0.300519,0.320041,2698.843313,1,1,6,0.102745,0
Jordan,Jordan,,70,50,120,70,50,120,7,0.345786,0.373835,7500.857316,1,1,6,0.171782,5
Kazakhstan,Kazakhstan,,94,42,136,94,42,136,7,0.339105,0.366145,14025.098346,5,1,6,0.151102,9
Kosovo,Kosovo,,37,46,83,37,46,83,7,0.328925,0.356278,5365.365838,10,1,6,0.169215,5
Liechtenstein,Liechtenstein,,44,113,157,44,113,157,6,0.360548,0.395062,8279.321487,10,1,6,0.218476,5
Macedon,Macedon,,28,11,39,28,11,39,7,0.303761,0.322372,585.206629,1,1,6,0.142045,5
Moldova,Moldova,,47,37,84,47,37,84,7,0.329567,0.355452,2674.50171,10,1,6,0.264865,5
Principality,Principality,,19,26,45,19,26,45,7,0.333169,0.359279,853.313043,10,1,6,0.266667,7
Republic_of_Macedonia,Republic_of_Macedonia,,40,78,118,40,78,118,6,0.348521,0.380636,2250.069476,10,1,6,0.316976,5
Slovenia,Slovenia,,77,139,216,77,139,216,7,0.356176,0.394534,48319.035167,10,1,6,0.157865,5
Stone_Age,Stone_Age,,23,40,63,23,40,63,7,0.339987,0.367267,12430.200947,2,1,6,0.074317,0
Thucydides,Thucydides,,18,7,25,18,7,25,7,0.279663,0.29438,342.986391,1,1,6,0.105072,0
Yemen,Yemen,,68,140,208,68,140,208,7,0.365061,0.403226,14178.493563,5,1,6,0.171783,5
Albatross,Albatross,,10,63,73,10,63,73,7,0.353845,0.382545,16361.243093,2,1,6,0.114452,12
Bird_of_prey,Bird_of_prey,,26,10,36,26,10,36,8,0.274736,0.288457,3710.687941,2,1,6,0.164368,12
Crustacean,Crustacean,,34,13,47,34,13,47,8,0.283239,0.298092,6068.47575,2,1,6,0.077696,12
Easter_Island,Easter_Island,,13,18,31,13,18,31,7,0.312206,0.331604,2102.208455,6,1,6,0.087692,9
Eocene,Eocene,,25,29,54,25,29,54,7,0.334931,0.359368,3611.336389,2,1,6,0.121961,5
Extinction,Extinction,,55,39,94,55,39,94,7,0.332622,0.357499,23323.799404,2,1,6,0.051724,12
Falkland_Islands,Falkland_Islands,,31,44,75,31,44,75,7,0.347863,0.375286,6620.87282,6,1,6,0.159207,9
Gull,Gull,,16,18,34,16,18,34,7,0.31846,0.338366,14152.239174,2,1,6,0.121693,12
Krill,Krill,,18,23,41,18,23,41,7,0.313486,0.333261,1688.04562,2,1,6,0.137302,12
Midway_Atoll,Midway_Atoll,,6,20,26,6,20,26,7,0.323182,0.345215,1613.850966,3,1,6,0.237154,5
Monty_Python,Monty_Python,,13,48,61,13,48,61,6,0.348851,0.375781,8671.052945,0,1,6,0.078342,4
Oligocene,Oligocene,,20,19,39,20,19,39,7,0.31058,0.330027,3091.605044,2,1,6,0.106723,5
Popular_culture,Popular_culture,,50,22,72,50,22,72,7,0.307098,0.327044,7607.367142,13,1,6,0.03706,4
Serenity_%28film%29,Serenity_%28film%29,,4,25,29,4,25,29,6,0.329513,0.352195,5290.737056,13,1,6,0.148148,4
The_Rime_of_the_Ancient_Mariner,The_Rime_of_the_Ancient_Mariner,,3,24,27,3,24,27,7,0.334075,0.355746,2717.617372,13,1,6,0.103333,3
Weather,Weather,,37,43,80,37,43,80,7,0.328286,0.352503,13537.532934,7,1,6,0.072574,5
Anarchism,Anarchism,,46,40,86,46,40,86,7,0.329781,0.354696,10650.932437,9,1,6,0.07009,14
Asperger_syndrome,Asperger_syndrome,,3,26,29,3,26,29,7,0.318661,0.339487,1477.506471,9,1,6,0.082011,12
Atom,Atom,,69,42,111,69,42,111,7,0.316397,0.34028,23699.845283,7,1,6,0.100206,12
Attention-deficit_hyperactivity_disorder,Attention-deficit_hyperactivity_disorder,,5,6,11,5,6,11,7,0.285433,0.299665,454.786827,11,1,6,0.033333,12
Edward_Teller,Edward_Teller,,8,32,40,8,32,40,6,0.339304,0.364319,2238.083059,10,1,6,0.168563,11
Einsteinium,Einsteinium,,9,21,30,9,21,30,7,0.298176,0.316789,1343.214834,7,1,6,0.296443,12
Electrical_engineering,Electrical_engineering,,15,44,59,15,44,59,7,0.343997,0.369892,6231.917072,7,1,6,0.088312,8
Euclidean_geometry,Euclidean_geometry,,13,8,21,13,8,21,7,0.292539,0.308686,563.960294,9,1,6,0.229167,6
Franklin_D._Roosevelt,Franklin_D._Roosevelt,,60,72,132,60,72,132,7,0.350692,0.382357,12353.276156,3,1,6,0.10798,11
Geography,Geography,,53,47,100,53,47,100,7,0.344113,0.371335,21628.18401,9,1,6,0.056689,5
Intelligence,Intelligence,,6,6,12,6,6,12,8,0.267909,0.280344,679.803314,9,1,6,0.075758,12
Linus_Pauling,Linus_Pauling,,17,52,69,17,52,69,6,0.348252,0.375238,8960.073907,7,1,6,0.10487,11
Luminiferous_aether,Luminiferous_aether,,9,12,21,9,12,21,7,0.291823,0.307971,761.994227,7,1,6,0.380952,12
Matter,Matter,,40,16,56,40,16,56,7,0.291319,0.30914,4124.511693,7,1,6,0.139881,12
Microscope,Microscope,,31,12,43,31,12,43,7,0.284053,0.299675,5133.894509,11,1,6,0.055488,8
Nature,Nature,,43,69,112,43,69,112,7,0.346052,0.374743,29427.319204,7,1,6,0.074678,12
Niels_Bohr,Niels_Bohr,,22,28,50,22,28,50,7,0.338737,0.363487,6757.33245,7,1,6,0.158569,11
Nuclear_fission,Nuclear_fission,,27,34,61,27,34,61,6,0.332186,0.357026,4818.623309,7,1,6,0.117172,12
Paul_Dirac,Paul_Dirac,,15,32,47,15,32,47,7,0.335041,0.35908,11451.298155,7,1,6,0.150782,11
Richard_Feynman,Richard_Feynman,,25,33,58,25,33,58,7,0.33789,0.361111,9338.177273,7,1,6,0.105496,11
Schizophrenia,Schizophrenia,,21,39,60,21,39,60,6,0.344963,0.370675,6256.421782,11,1,6,0.076528,12
Stuttgart,Stuttgart,,24,23,47,24,23,47,6,0.326225,0.349885,2206.935413,10,1,6,0.12888,5
Electricity,Electricity,,109,38,147,109,38,147,7,0.31058,0.331623,39462.95479,7,1,6,0.042932,12
French_Open_%28tennis%29,French_Open_%28tennis%29,,18,11,29,18,11,29,7,0.289323,0.305517,714.695899,12,1,6,0.395238,4
Rio_de_Janeiro,Rio_de_Janeiro,,30,43,73,30,43,73,7,0.35051,0.378147,4940.155702,6,1,6,0.137897,5
S%C3%A3o_Paulo,S%C3%A3o_Paulo,,26,79,105,26,79,105,6,0.353937,0.385377,5809.636309,6,1,6,0.140781,5
Theodore_Roosevelt,Theodore_Roosevelt,,48,60,108,48,60,108,7,0.340586,0.36872,20865.8721,3,1,6,0.066422,11
Wright_brothers,Wright_brothers,,4,6,10,4,6,10,7,0.286542,0.299954,200.025824,3,1,6,0.053571,11
Albertosaurus,Albertosaurus,,0,21,21,0,21,21,7,0.314927,0.334444,0,2,1,36,0.245238,12
Allosaurus,Allosaurus,,8,26,34,8,26,34,7,0.32445,0.345616,5153.654369,2,1,6,0.235632,12
Deinonychus,Deinonychus,,7,12,19,7,12,19,8,0.28243,0.296956,93.940021,2,1,6,0.420833,12
Fossil_record,Fossil_record,,24,24,48,24,24,48,7,0.30923,0.328448,2334.136081,2,1,6,0.088384,5
Theropoda,Theropoda,,25,25,50,25,25,50,7,0.316768,0.338751,7772.08127,2,1,6,0.205803,12
Tyrannosaurus,Tyrannosaurus,,25,47,72,25,47,72,7,0.332023,0.356854,8796.40678,2,1,6,0.140395,12
Albigensian_Crusade,Albigensian_Crusade,,9,6,15,9,6,15,7,0.272282,0.285845,671.243552,1,1,6,0.3,14
Children%27s_Crusade,Children%27s_Crusade,,5,20,25,5,20,25,7,0.324814,0.347145,722.739485,1,1,6,0.305263,14
German_Crusade%2C_1096,German_Crusade%2C_1096,,5,14,19,5,14,19,7,0.294344,0.312396,121.598769,1,1,6,0.368132,14
Lyon,Lyon,,25,26,51,25,26,51,7,0.323905,0.348802,4455.43236,1,1,6,0.117172,5
Albinism,Albinism,,5,9,14,5,9,14,8,0.286279,0.300871,4877.014504,2,1,6,0.038462,12
Chromatophore,Chromatophore,,1,14,15,1,14,15,8,0.274605,0.290214,141.396059,2,1,6,0.247253,12
Color_blindness,Color_blindness,,8,13,21,8,13,21,7,0.308219,0.326405,969.191699,11,1,6,0.1625,12
Papua_New_Guinea,Papua_New_Guinea,,51,52,103,51,52,103,7,0.349754,0.378331,12717.139584,5,1,6,0.082537,5
Retina,Retina,,24,11,35,24,11,35,8,0.28764,0.303428,2738.814741,11,1,6,0.07957,12
Albrecht_D%C3%BCrer,Albrecht_D%C3%BCrer,,14,28,42,14,28,42,7,0.316991,0.338654,1795.510771,4,1,6,0.112686,11
Anatomy,Anatomy,,31,5,36,31,5,36,7,0.285674,0.30026,910.344778,2,1,6,0.066387,12
Antwerp,Antwerp,,44,54,98,44,54,98,7,0.344699,0.37478,13468.753974,0,1,6,0.124487,5
Drawing,Drawing,,16,15,31,16,15,31,7,0.300586,0.317297,1785.542857,4,1,6,0.103175,13
Printmaking,Printmaking,,11,10,21,11,10,21,7,0.288788,0.303716,2373.959364,4,1,6,0.149123,13
Rembrandt,Rembrandt,,5,28,33,5,28,33,7,0.329139,0.352111,1070.876621,4,1,6,0.16129,11
Albrecht_Rodenbach,Albrecht_Rodenbach,,0,2,2,0,2,2,8,0.254775,0.266358,0,10,1,37,0.5,11
Flemish_%28linguistics%29,Flemish_%28linguistics%29,,4,9,13,4,9,13,7,0.284431,0.300207,578.801783,10,1,6,0.371212,3
Astrology,Astrology,,34,47,81,34,47,81,7,0.344581,0.372513,10793.486798,7,1,6,0.10312,4
Ben_Jonson,Ben_Jonson,,14,19,33,14,19,33,7,0.306958,0.327371,14594.995012,0,1,6,0.162698,11
Canterbury,Canterbury,,21,29,50,21,29,50,7,0.317786,0.342099,3632.734424,0,1,6,0.122532,5
Carl_Jung,Carl_Jung,,14,29,43,14,29,43,7,0.32458,0.34681,7454.063934,9,1,6,0.094872,11
Cryptography,Cryptography,,20,38,58,20,38,58,7,0.336795,0.362689,25108.657572,9,1,6,0.0773,1
Ernest_Rutherford,Ernest_Rutherford,,14,20,34,14,20,34,7,0.318961,0.338358,4198.457984,7,1,6,0.137931,11
Frankenstein,Frankenstein,,15,26,41,15,26,41,7,0.326672,0.349635,3794.086217,13,1,6,0.084127,3
Glass,Glass,,94,45,139,94,45,139,7,0.325466,0.350556,29978.447876,7,1,6,0.069435,12
Guild,Guild,,22,23,45,22,23,45,7,0.322642,0.345418,3432.966401,9,1,6,0.091362,10
History_of_science,History_of_science,,13,138,151,13,138,151,7,0.36741,0.404654,14359.062482,9,1,6,0.055975,12
Hydrochloric_acid,Hydrochloric_acid,,36,28,64,36,28,64,7,0.313099,0.334088,8321.098944,7,1,6,0.125253,12
J._K._Rowling,J._K._Rowling,,5,29,34,5,29,34,7,0.334931,0.359109,7178.324912,0,1,6,0.138105,11
John_Dee,John_Dee,,5,40,45,5,40,45,7,0.339759,0.365999,5336.647138,0,1,6,0.131823,11
Mercury_%28element%29,Mercury_%28element%29,,60,64,124,60,64,124,6,0.350177,0.379617,30284.510624,7,1,6,0.081477,12
Metallurgy,Metallurgy,,23,22,45,23,22,45,7,0.300764,0.319221,2887.422441,7,1,6,0.132664,12
Mysticism,Mysticism,,22,31,53,22,31,53,7,0.317761,0.340798,5319.36801,9,1,6,0.081224,14
Mythology,Mythology,,63,23,86,63,23,86,7,0.303125,0.322206,13652.61888,1,1,6,0.055315,3
Nintendo,Nintendo,,26,35,61,26,35,61,6,0.332377,0.357852,28108.390791,13,1,6,0.106275,4
Oxford,Oxford,,61,37,98,61,37,98,7,0.331155,0.356303,18439.958561,0,1,6,0.061032,5
Potassium_nitrate,Potassium_nitrate,,13,9,22,13,9,22,7,0.27509,0.289613,209.852889,7,1,6,0.235294,12
Psychology,Psychology,,64,30,94,64,30,94,7,0.331724,0.3557,17378.791737,9,1,6,0.067751,12
Pythagoras,Pythagoras,,16,17,33,16,17,33,7,0.308008,0.327466,1384.615293,9,1,6,0.103448,11
Silver,Silver,,106,55,161,106,55,161,7,0.35054,0.379038,44672.751253,7,1,6,0.065683,12
Star_Trek,Star_Trek,,24,16,40,24,16,40,7,0.319867,0.33935,12629.286149,13,1,6,0.063492,4
Alcibiades,Alcibiades,,7,12,19,7,12,19,7,0.295158,0.312294,2715.206379,1,1,6,0.233333,11
Demosthenes,Demosthenes,,7,31,38,7,31,38,7,0.322206,0.345626,2143.90644,1,1,6,0.12437,11
Pericles,Pericles,,12,21,33,12,21,33,7,0.311343,0.332037,1907.582052,1,1,6,0.161376,11
Socrates,Socrates,,20,17,37,20,17,37,7,0.299564,0.318043,1580.834932,9,1,6,0.151478,11
Thrasybulus,Thrasybulus,,2,7,9,2,7,9,7,0.279394,0.293833,24.66862,1,1,6,0.238095,11
Algol,Algol,,3,11,14,3,11,14,7,0.301996,0.31957,293.514601,7,1,6,0.275641,12
Benzene,Benzene,,18,23,41,18,23,41,6,0.33013,0.351945,5568.938524,7,1,6,0.132132,12
Lithium_aluminium_hydride,Lithium_aluminium_hydride,,2,16,18,2,16,18,7,0.296475,0.314326,136.613498,7,1,6,0.295833,12
Phosphorus_tribromide,Phosphorus_tribromide,,5,7,12,5,7,12,7,0.269584,0.282811,229.895246,7,1,6,0.339286,12
Sodium_hydroxide,Sodium_hydroxide,,24,28,52,24,28,52,7,0.314874,0.336642,4963.924444,7,1,6,0.129798,12
Vanilla,Vanilla,,13,28,41,13,28,41,7,0.324996,0.349413,1741.247678,5,1,6,0.147226,12
Zinc_chloride,Zinc_chloride,,5,9,14,5,9,14,7,0.286017,0.301812,71.009165,7,1,6,0.242424,12
Nikolai_Rimsky-Korsakov,Nikolai_Rimsky-Korsakov,,7,6,13,7,6,13,7,0.283338,0.29863,100.999887,4,1,6,0.333333,11
Aleksandr_Vasilevsky,Aleksandr_Vasilevsky,,3,10,13,3,10,13,7,0.290297,0.307459,49.879124,10,1,6,0.462121,11
Polish-Soviet_War,Polish-Soviet_War,,18,33,51,18,33,51,7,0.317363,0.340644,4532.887327,10,1,6,0.248171,0
Virtuti_Militari,Virtuti_Militari,,7,27,34,7,27,34,7,0.328952,0.352124,739.841664,10,1,6,0.241379,0
Aleksey_Arakcheyev,Aleksey_Arakcheyev,,0,4,4,0,4,4,7,0.281226,0.295768,0,10,1,38,0.416667,11
Nightingale,Nightingale,,3,12,15,3,12,15,7,0.311057,0.330956,1280.867637,2,1,6,0.159341,12
Bath%2C_Somerset,Bath%2C_Somerset,,4,63,67,4,63,67,7,0.339588,0.369471,1183.808152,0,1,6,0.08774,5
James_Garfield,James_Garfield,,5,18,23,5,18,23,7,0.301906,0.319939,721.30741,3,1,6,0.189474,11
Selenium,Selenium,,23,31,54,23,31,54,7,0.307961,0.329398,3248.859474,7,1,6,0.16715,12
James_Monroe,James_Monroe,,12,19,31,12,19,31,7,0.306008,0.325825,415.800391,3,1,6,0.193732,11
John_Adams,John_Adams,,26,22,48,26,22,48,7,0.317314,0.338824,2964.057801,3,1,6,0.14359,11
Ganges_River,Ganges_River,,21,19,40,21,19,40,7,0.315462,0.334982,2764.969443,8,1,6,0.086174,5
Pyramid,Pyramid,,15,17,32,15,17,32,7,0.323054,0.343928,2082.227238,1,1,6,0.094253,8
Siege,Siege,,33,57,90,33,57,90,7,0.34388,0.372762,6893.167166,1,1,6,0.079272,0
Alfred_Hitchcock,Alfred_Hitchcock,,15,23,38,15,23,38,7,0.329058,0.351856,3097.046416,13,1,6,0.098413,11
Citizen_Kane,Citizen_Kane,,7,23,30,7,23,30,7,0.327199,0.35058,1050.156142,10,1,6,0.191954,4
Henry_Fonda,Henry_Fonda,,9,18,27,9,18,27,7,0.317314,0.338539,811.661807,3,1,6,0.160079,11
James_Stewart_%28actor%29,James_Stewart_%28actor%29,,5,22,27,5,22,27,7,0.329192,0.351869,423.699409,3,1,6,0.17,11
Los_Angeles%2C_California,Los_Angeles%2C_California,,81,112,193,81,112,193,6,0.371313,0.406504,41950.972454,3,1,6,0.066506,5
Salvador_Dal%C3%AD,Salvador_Dal%C3%AD,,10,28,38,10,28,38,7,0.328206,0.351958,2656.27335,4,1,6,0.16221,11
Silent_film,Silent_film,,9,9,18,9,9,18,7,0.29176,0.30728,5058.628815,13,1,6,0.0875,4
Walt_Disney,Walt_Disney,,15,26,41,15,26,41,7,0.324138,0.346292,10547.39734,3,1,6,0.083926,11
Esperanto,Esperanto,,15,54,69,15,54,69,7,0.343239,0.372855,6162.594243,13,1,6,0.101632,3
Nobel_Peace_Prize,Nobel_Peace_Prize,,42,57,99,42,57,99,7,0.346111,0.375449,11359.104232,10,1,6,0.088649,7
Nobelium,Nobelium,,8,17,25,8,17,25,7,0.303443,0.32246,575.081012,7,1,6,0.267974,12
Stroke,Stroke,,48,11,59,48,11,59,7,0.31276,0.331126,6528.625911,11,1,6,0.033117,12
Consolation_of_Philosophy,Consolation_of_Philosophy,,7,7,14,7,7,14,8,0.275951,0.289125,176.005511,0,1,6,0.159341,14
Hampshire,Hampshire,,20,50,70,20,50,70,7,0.341045,0.368357,4599.248884,0,1,6,0.091803,5
Old_English_language,Old_English_language,,42,20,62,42,20,62,7,0.313244,0.333581,4639.150402,0,1,6,0.067857,3
Watling_Street,Watling_Street,,5,14,19,5,14,19,7,0.307284,0.32668,216.601129,0,1,6,0.175,5
Wessex,Wessex,,24,15,39,24,15,39,8,0.299963,0.318128,1112.949261,0,1,6,0.131933,5
Differential_equation,Differential_equation,,18,12,30,18,12,30,7,0.286279,0.302532,2506.854215,7,1,6,0.137931,6
Elementary_algebra,Elementary_algebra,,2,5,7,2,5,7,8,0.268193,0.280902,6.872438,9,1,6,0.566667,6
Group_%28mathematics%29,Group_%28mathematics%29,,12,8,20,12,8,20,7,0.272172,0.285878,5420.718394,9,1,6,0.2125,6
Linear_algebra,Linear_algebra,,5,20,25,5,20,25,7,0.329647,0.351371,2493.560539,9,1,6,0.175325,6
Mathematical_analysis,Mathematical_analysis,,15,18,33,15,18,33,7,0.308102,0.328471,3135.784006,9,1,6,0.201058,6
Matrix_%28mathematics%29,Matrix_%28mathematics%29,,11,8,19,11,8,19,7,0.288685,0.30498,858.49731,9,1,6,0.1625,6
Muhammad_ibn_Musa_al-Khwarizmi,Muhammad_ibn_Musa_al-Khwarizmi,,3,23,26,3,23,26,7,0.320221,0.343524,362.92449,9,1,6,0.185,11
Number,Number,,13,40,53,13,40,53,7,0.323157,0.348356,7847.861372,9,1,6,0.109694,6
Quantity,Quantity,,4,6,10,4,6,10,8,0.272062,0.286403,83.839173,9,1,6,0.321429,6
Set,Set,,12,4,16,12,4,16,7,0.286867,0.301792,1535.514634,9,1,6,0.166667,6
Topology,Topology,,15,11,26,15,11,26,7,0.292159,0.308908,1308.501907,9,1,6,0.130952,6
Algerian_Civil_War,Algerian_Civil_War,,1,16,17,1,16,17,7,0.320272,0.341406,8.114287,5,1,6,0.304167,0
Berber_languages,Berber_languages,,13,24,37,13,24,37,7,0.312158,0.333118,1138.78565,5,1,6,0.258621,3
Climate,Climate,,138,8,146,138,8,146,7,0.284731,0.29925,7301.81197,7,1,6,0.04639,5
Oat,Oat,,11,44,55,11,44,55,6,0.354061,0.380324,2455.833332,11,1,6,0.136078,12
Barcelona,Barcelona,,48,54,102,48,54,102,6,0.338935,0.367189,9653.112789,6,1,6,0.115185,5
Geneva,Geneva,,40,30,70,40,30,70,7,0.322309,0.34584,7212.763533,1,1,6,0.059887,5
Sirius,Sirius,,7,19,26,7,19,26,7,0.313462,0.333176,772.202776,7,1,6,0.148333,12
Algoma_Central_Railway,Algoma_Central_Railway,,0,6,6,0,6,6,7,0.279155,0.293716,0,3,1,39,0.5,8
Hudson_Bay,Hudson_Bay,,15,8,23,15,8,23,7,0.295589,0.312158,478.959439,7,1,6,0.168421,5
Lake_Superior,Lake_Superior,,19,21,40,19,21,40,7,0.311057,0.331174,1609.402248,3,1,6,0.09127,5
Charles_Babbage,Charles_Babbage,,10,16,26,10,16,26,6,0.3281,0.349067,2055.285148,9,1,6,0.112648,11
Clock,Clock,,11,26,37,11,26,37,7,0.321669,0.343711,5274.125214,7,1,6,0.081105,8
Functional_programming,Functional_programming,,6,3,9,6,3,9,8,0.242638,0.251998,4271.104089,13,1,6,0.190476,1
Imperative_programming,Imperative_programming,,2,7,9,2,7,9,7,0.27661,0.290378,1500.327293,13,1,6,0.178571,1
Programming_language,Programming_language,,16,12,28,16,12,28,7,0.289944,0.306086,9199.277097,13,1,6,0.090769,1
Alice%27s_Adventures_in_Wonderland,Alice%27s_Adventures_in_Wonderland,,8,22,30,8,22,30,7,0.326435,0.348414,5691.429897,0,1,6,0.093915,3
Game,Game,,13,29,42,13,29,42,7,0.313074,0.333767,5349.042556,13,1,6,0.046559,4
Llandudno,Llandudno,,1,18,19,1,18,19,7,0.31662,0.33823,55.182039,0,1,6,0.107843,5
Richard_III_%28play%29,Richard_III_%28play%29,,11,16,27,11,16,27,7,0.291487,0.308784,1285.643803,0,1,6,0.171053,3
River_Thames,River_Thames,,37,32,69,37,32,69,7,0.332704,0.357703,17274.872271,0,1,6,0.091243,5
All_Blacks,All_Blacks,,6,14,20,6,14,20,7,0.304035,0.322088,3957.987199,12,1,6,0.114286,4
Babe_Ruth,Babe_Ruth,,8,8,16,8,8,16,7,0.304789,0.321745,275.943451,3,1,6,0.159341,11
Donald_Bradman,Donald_Bradman,,4,15,19,4,15,19,7,0.292307,0.308651,187.02146,12,1,6,0.19281,11
History_of_South_Africa_in_the_apartheid_era,History_of_South_Africa_in_the_apartheid_era,,5,56,61,5,56,61,7,0.354867,0.384861,1092.245578,5,1,6,0.137347,0
Jonah_Lomu,Jonah_Lomu,,2,18,20,2,18,20,7,0.304629,0.323178,77.601711,12,1,6,0.120915,11
Rugby_World_Cup,Rugby_World_Cup,,11,19,30,11,19,30,7,0.326593,0.350445,5780.648327,0,1,6,0.238462,4
Super_14,Super_14,,9,11,20,9,11,20,7,0.310675,0.32956,388.279666,12,1,6,0.186842,4
Tiger_Woods,Tiger_Woods,,3,15,18,3,15,18,7,0.314556,0.334917,1317.596978,3,1,6,0.068627,11
Wellington,Wellington,,20,15,35,20,15,35,7,0.304973,0.325346,1533.857304,12,1,6,0.094828,5
All_You_Need_Is_Love_%28The_JAMs_song%29,All_You_Need_Is_Love_%28The_JAMs_song%29,,1,10,11,1,10,11,7,0.299005,0.315882,395.823406,4,1,40,0.044444,2
The_Illuminatus%21_Trilogy,The_Illuminatus%21_Trilogy,,2,25,27,2,25,27,7,0.325937,0.349345,2147.12234,3,1,6,0.12963,3
Whitney_Joins_The_JAMs,Whitney_Joins_The_JAMs,,1,3,4,1,3,4,7,0.262422,0.273999,6.067483,4,1,40,0,2
All_your_base_are_belong_to_us,All_your_base_are_belong_to_us,,0,1,1,0,1,1,7,0.268579,0.280403,0,13,1,41,0,1
Allah,Allah,,18,13,31,18,13,31,7,0.292856,0.310246,411.268453,1,1,6,0.17,14
Isaac,Isaac,,10,11,21,10,11,21,8,0.287334,0.303544,805.477474,1,1,6,0.279167,11
Trinity,Trinity,,21,23,44,21,23,44,7,0.307517,0.328391,9778.41233,1,1,6,0.130631,14
Allegory_in_the_Middle_Ages,Allegory_in_the_Middle_Ages,,2,6,8,2,6,8,8,0.274457,0.288087,141.198592,0,1,6,0.214286,14
Medieval_literature,Medieval_literature,,6,28,34,6,28,34,7,0.318535,0.342736,1032.988231,0,1,6,0.16221,3
Alligator,Alligator,,3,14,17,3,14,17,7,0.314898,0.333823,358.973187,2,1,6,0.175,12
Family,Family,,26,11,37,26,11,37,7,0.307961,0.32714,1490.097635,9,1,6,0.080159,4
Pond,Pond,,18,10,28,18,10,28,7,0.317761,0.337324,1062.762014,2,1,6,0.075397,4
Spring_%28season%29,Spring_%28season%29,,41,17,58,41,17,58,6,0.321695,0.341177,11379.959393,2,1,6,0.076546,4
Yangtze_River,Yangtze_River,,20,18,38,20,18,38,7,0.314532,0.337645,2316.860508,8,1,6,0.141935,5
Alliterative_verse,Alliterative_verse,,3,9,12,3,9,12,7,0.293789,0.309893,75.358656,0,1,6,0.159091,3
Ezra_Pound,Ezra_Pound,,23,32,55,23,32,55,7,0.332731,0.357485,11319.023561,0,1,6,0.144444,11
Hebrides,Hebrides,,15,9,24,15,9,24,7,0.291697,0.307109,827.702183,0,1,6,0.225146,5
J._R._R._Tolkien,J._R._R._Tolkien,,15,56,71,15,56,71,7,0.35194,0.379677,31452.420953,0,1,6,0.081157,11
Apatosaurus,Apatosaurus,,8,15,23,8,15,23,7,0.31187,0.330185,262.003105,2,1,6,0.357143,12
Calvin_and_Hobbes,Calvin_and_Hobbes,,8,13,21,8,13,21,7,0.299719,0.316327,2972.400745,2,1,6,0.055147,4
Camarasaurus,Camarasaurus,,6,21,27,6,21,27,7,0.30624,0.324773,169.479461,2,1,6,0.289855,12
Diplodocus,Diplodocus,,9,25,34,9,25,34,6,0.328845,0.35171,1967.205623,2,1,6,0.252137,12
Jurassic,Jurassic,,47,30,77,47,30,77,7,0.33851,0.363105,14087.849956,2,1,6,0.104427,5
Stegosaurus,Stegosaurus,,9,30,39,9,30,39,7,0.32172,0.344516,6892.504304,2,1,6,0.193405,12
Almaty,Almaty,,5,6,11,5,6,11,7,0.294558,0.311751,57.883313,1,1,6,0.285714,5
Almond,Almond,,12,33,45,12,33,45,7,0.334488,0.360034,4009.642807,11,1,6,0.133444,12
British_Isles,British_Isles,,72,79,151,72,79,151,6,0.35133,0.381442,43735.739016,0,1,6,0.066169,5
Diabetes_mellitus,Diabetes_mellitus,,12,21,33,12,21,33,7,0.319716,0.340787,3046.287654,11,1,6,0.054187,12
Fatty_acid,Fatty_acid,,39,17,56,39,17,56,7,0.296388,0.314211,13224.634945,11,1,6,0.06549,12
Olive_oil,Olive_oil,,19,57,76,19,57,76,7,0.333005,0.360065,78112.683858,11,1,6,0.116393,4
Plum,Plum,,13,13,26,13,13,26,7,0.314361,0.334691,657.238143,11,1,6,0.143116,12
Seed,Seed,,72,29,101,72,29,101,7,0.322514,0.345388,15550.912789,11,1,6,0.049451,12
Alpaca,Alpaca,,4,20,24,4,20,24,7,0.320601,0.341819,521.819103,6,1,6,0.202381,12
Ostrich,Ostrich,,22,45,67,22,45,67,7,0.335457,0.362567,14250.959475,2,1,6,0.085813,12
Alphabet,Alphabet,,19,14,33,19,14,33,7,0.304537,0.324214,1154.73505,1,1,6,0.071573,3
Latin_alphabet,Latin_alphabet,,47,35,82,47,35,82,7,0.324658,0.350884,10690.654929,1,1,6,0.1147,3
Alternating_current,Alternating_current,,23,16,39,23,16,39,7,0.301614,0.320518,2175.071661,7,1,6,0.096257,8
Electromagnetic_radiation,Electromagnetic_radiation,,42,30,72,42,30,72,7,0.303852,0.323982,7052.361395,7,1,6,0.162987,12
Information,Information,,28,19,47,28,19,47,7,0.310532,0.33008,6325.552603,9,1,6,0.069767,6
Radio_frequency,Radio_frequency,,10,12,22,10,12,22,7,0.305041,0.324209,1250.93069,13,1,6,0.134503,12
Thomas_Edison,Thomas_Edison,,18,21,39,18,21,39,7,0.327887,0.350492,3168.674918,3,1,6,0.104202,11
Alternation_of_generations,Alternation_of_generations,,1,5,6,1,5,6,7,0.28316,0.297782,20.332897,7,1,6,0.2,12
Fern,Fern,,24,17,41,24,17,41,7,0.303239,0.320888,6687.541352,2,1,6,0.070175,12
Moss,Moss,,12,9,21,12,9,21,7,0.301413,0.318513,625.244968,2,1,6,0.097368,12
Alternative_rock,Alternative_rock,,17,26,43,17,26,43,6,0.332459,0.355978,2006.61488,4,1,6,0.133603,2
Arctic_Monkeys,Arctic_Monkeys,,5,24,29,5,24,29,7,0.325989,0.348337,10282.374182,4,1,6,0.196667,2
Folk_music,Folk_music,,54,33,87,54,33,87,7,0.328765,0.353261,16503.240203,4,1,6,0.04995,2
Kurt_Cobain,Kurt_Cobain,,7,23,30,7,23,30,7,0.322283,0.344456,739.07407,4,1,6,0.161232,11
Nirvana_%28band%29,Nirvana_%28band%29,,14,15,29,14,15,29,7,0.322053,0.343379,921.020165,4,1,6,0.167692,2
Oasis_%28band%29,Oasis_%28band%29,,11,20,31,11,20,31,6,0.327305,0.34993,11624.434275,4,1,6,0.243083,2
The_Smiths,The_Smiths,,8,12,20,8,12,20,7,0.307424,0.326634,932.730033,4,1,6,0.2125,2
Aluminium_chloride,Aluminium_chloride,,7,13,20,7,13,20,7,0.281802,0.297806,441.903717,7,1,6,0.154412,12
Beryllium,Beryllium,,18,35,53,18,35,53,7,0.308782,0.331038,2743.597629,7,1,6,0.204017,12
Bicycle,Bicycle,,29,37,66,29,37,66,6,0.348551,0.374486,8269.989819,3,1,6,0.104707,8
Boron,Boron,,27,42,69,27,42,69,7,0.333525,0.359489,4664.312111,7,1,6,0.141291,12
Compact_Disc,Compact_Disc,,32,7,39,32,7,39,7,0.309324,0.327948,3657.586743,13,1,6,0.061111,1
Corundum,Corundum,,8,9,17,8,9,17,7,0.299697,0.317634,209.437934,7,1,6,0.195238,5
Gallium,Gallium,,12,34,46,12,34,46,7,0.314044,0.336574,752.173067,7,1,6,0.243697,12
Humphry_Davy,Humphry_Davy,,22,28,50,22,28,50,7,0.320424,0.342639,2728.763889,7,1,6,0.127439,11
Mohs_scale_of_mineral_hardness,Mohs_scale_of_mineral_hardness,,63,14,77,63,14,77,7,0.29294,0.309334,2108.474284,7,1,6,0.157715,5
Molybdenum,Molybdenum,,25,43,68,25,43,68,7,0.338935,0.365255,4719.23547,7,1,6,0.19631,12
Neon,Neon,,25,25,50,25,25,50,7,0.304126,0.324288,1093.514217,7,1,6,0.257085,12
Neutron,Neutron,,120,20,140,120,20,140,7,0.318585,0.340144,13006.818374,7,1,6,0.108329,12
Piccadilly_Circus,Piccadilly_Circus,,4,13,17,4,13,17,7,0.319162,0.339063,2433.831976,0,1,6,0.119048,5
Platinum,Platinum,,32,36,68,32,36,68,7,0.337721,0.362556,8071.954383,7,1,6,0.154449,12
Quartz,Quartz,,35,14,49,35,14,49,7,0.297629,0.31489,2020.800585,7,1,6,0.108537,5
Recycling,Recycling,,17,26,43,17,26,43,7,0.321033,0.343451,3544.735046,7,1,6,0.099573,7
Screw,Screw,,5,19,24,5,19,24,6,0.332923,0.354839,3824.973506,7,1,6,0.136364,8
Strontium,Strontium,,17,39,56,17,39,56,7,0.326567,0.351061,3094.754568,7,1,6,0.191489,12
Tantalum,Tantalum,,10,45,55,10,45,55,7,0.327094,0.353458,2809.584261,7,1,6,0.166667,12
Water_purification,Water_purification,,10,25,35,10,25,35,7,0.301077,0.320203,2041.089172,7,1,6,0.136782,4
Copper%28I%29_chloride,Copper%28I%29_chloride,,3,6,9,3,6,9,7,0.278052,0.292386,35.759872,7,1,6,0.464286,12
Dysprosium,Dysprosium,,9,24,33,9,24,33,7,0.305708,0.326467,599.599535,7,1,6,0.266154,12
Ytterbium,Ytterbium,,10,24,34,10,24,34,7,0.305939,0.326023,573.789817,7,1,6,0.193122,12
B_vitamins,B_vitamins,,4,11,15,4,11,15,8,0.274215,0.288225,1293.684518,11,1,6,0.17033,12
Pneumonia,Pneumonia,,51,26,77,51,26,77,7,0.330319,0.351865,19274.197061,11,1,6,0.045674,12
Vitamin_C,Vitamin_C,,37,31,68,37,31,68,7,0.334599,0.358424,9920.717527,11,1,6,0.072951,12
Amaranth_oil,Amaranth_oil,,1,2,3,1,2,3,8,0.230669,0.238762,1.316505,11,1,6,0,12
Lipid,Lipid,,17,5,22,17,5,22,7,0.27678,0.290388,1509.558973,11,1,6,0.066667,12
Amarillo%2C_Texas,Amarillo%2C_Texas,,5,44,49,5,44,49,7,0.332077,0.356498,10739.337569,3,1,6,0.069843,5
Auto_racing,Auto_racing,,13,15,28,13,15,28,7,0.323776,0.34502,3054.395393,3,1,6,0.202899,4
Bison,Bison,,10,11,21,10,11,21,7,0.300586,0.318233,1998.048718,2,1,6,0.19281,12
Grover_Cleveland,Grover_Cleveland,,16,31,47,16,31,47,7,0.326435,0.349499,2278.399783,3,1,6,0.139103,11
Las_Vegas%2C_Nevada,Las_Vegas%2C_Nevada,,25,35,60,25,35,60,7,0.328765,0.352855,6015.759352,3,1,6,0.092256,5
Medal_of_Honor,Medal_of_Honor,,13,36,49,13,36,49,7,0.338087,0.363976,6184.102007,3,1,6,0.143961,0
Space_Shuttle_Columbia,Space_Shuttle_Columbia,,11,23,34,11,23,34,7,0.326698,0.348081,24567.836131,3,1,6,0.134921,12
Summer,Summer,,50,16,66,50,16,66,7,0.316546,0.335192,4738.510554,2,1,6,0.060452,4
Tornado,Tornado,,37,35,72,37,35,72,6,0.345227,0.371485,6821.557536,7,1,6,0.15024,5
U.S._Route_66,U.S._Route_66,,2,14,16,2,14,16,7,0.310152,0.32963,4647.78138,3,1,6,0.21978,8
Amazon_Basin,Amazon_Basin,,12,12,24,12,12,24,7,0.304904,0.323445,252.398797,6,1,6,0.228947,5
City,City,,69,71,140,69,71,140,6,0.361062,0.392625,24733.622646,1,1,6,0.08074,5
Fishing,Fishing,,84,47,131,84,47,131,6,0.346377,0.372554,44489.757395,2,1,6,0.032129,4
Amazon_Rainforest,Amazon_Rainforest,,16,29,45,16,29,45,7,0.327887,0.351413,2549.455934,6,1,6,0.140854,5
French_Guiana,French_Guiana,,31,17,48,31,17,48,7,0.315658,0.33631,602.386501,5,1,6,0.266463,9
Anaconda,Anaconda,,4,26,30,4,26,30,7,0.316546,0.338483,3405.129092,6,1,6,0.21164,12
Quito,Quito,,9,27,36,9,27,36,7,0.31954,0.341102,1509.005128,6,1,6,0.170968,5
Amazon_parrot,Amazon_parrot,,1,7,8,1,7,8,8,0.288561,0.303235,2.601653,2,1,6,0.428571,12
Amber,Amber,,17,55,72,17,55,72,7,0.353167,0.380692,10145.731793,7,1,6,0.0974,5
Brighton,Brighton,,20,24,44,20,24,44,6,0.33265,0.357133,7474.894658,0,1,6,0.128846,5
Great_Yarmouth,Great_Yarmouth,,11,23,34,11,23,34,7,0.319893,0.343155,1667.549591,0,1,6,0.099798,5
Marseille,Marseille,,34,42,76,34,42,76,7,0.332377,0.359635,10070.72727,1,1,6,0.115114,5
Amda_Seyon_I,Amda_Seyon_I,,0,16,16,0,16,16,7,0.306038,0.325994,0,1,1,42,0.1375,11
Coin,Coin,,29,21,50,29,21,50,7,0.331616,0.354003,5302.840815,7,1,6,0.150055,10
Atlanta%2C_Georgia,Atlanta%2C_Georgia,,50,64,114,50,64,114,6,0.348312,0.37731,13877.510776,3,1,6,0.097651,5
Fourteenth_Amendment_to_the_United_States_Constitution,Fourteenth_Amendment_to_the_United_States_Constitution,,16,14,30,16,14,30,7,0.306773,0.326125,5303.635572,3,1,6,0.192029,0
Ku_Klux_Klan,Ku_Klux_Klan,,19,24,43,19,24,43,7,0.322411,0.34496,1603.845053,3,1,6,0.136977,7
Liverpool,Liverpool,,56,39,95,56,39,95,7,0.333416,0.359869,11668.095498,0,1,6,0.081636,5
Nashville%2C_Tennessee,Nashville%2C_Tennessee,,23,45,68,23,45,68,6,0.338878,0.365865,5064.390073,3,1,6,0.108757,5
Rhode_Island,Rhode_Island,,33,10,43,33,10,43,7,0.302944,0.321955,1811.776963,3,1,6,0.085976,5
Winfield_Scott_Hancock,Winfield_Scott_Hancock,,4,9,13,4,9,13,7,0.284033,0.298606,167.134771,3,1,6,0.318182,11
American_English,American_English,,29,30,59,29,30,59,6,0.324476,0.347435,11474.938495,3,1,6,0.079545,3
American_football,American_football,,66,15,81,66,15,81,7,0.32254,0.344029,4762.771884,3,1,6,0.076036,4
Automated_teller_machine,Automated_teller_machine,,6,28,34,6,28,34,7,0.329996,0.352843,4927.061686,13,1,6,0.082888,8
Autumn,Autumn,,31,24,55,31,24,55,7,0.327147,0.348854,3209.466291,2,1,6,0.100177,5
Baseball,Baseball,,65,26,91,65,26,91,7,0.32484,0.346882,20635.837801,3,1,6,0.0861,4
Canadian_English,Canadian_English,,5,9,14,5,9,14,7,0.287416,0.30308,814.517665,3,1,6,0.344444,3
Necktie,Necktie,,3,14,17,3,14,17,7,0.317936,0.339714,326.695501,0,1,6,0.179167,4
British_House_of_Commons,British_House_of_Commons,,88,34,122,88,34,122,7,0.320804,0.344822,13643.436922,0,1,6,0.083199,7
France_in_the_American_Revolutionary_War,France_in_the_American_Revolutionary_War,,2,25,27,2,25,27,6,0.330023,0.353474,57.871789,3,1,6,0.184615,0
American_Samoa,American_Samoa,,21,18,39,21,18,39,7,0.321874,0.343901,1697.18987,5,1,6,0.148841,5
Cook_Islands,Cook_Islands,,20,19,39,20,19,39,7,0.323157,0.344444,586.594054,5,1,6,0.204991,5
Samoa,Samoa,,29,25,54,29,25,54,7,0.330238,0.35383,2077.247285,5,1,6,0.142432,5
Tokelau,Tokelau,,12,23,35,12,23,35,7,0.326251,0.347786,961.370136,5,1,6,0.170968,5
Wallis_and_Futuna,Wallis_and_Futuna,,11,27,38,11,27,38,7,0.327041,0.350662,459.473329,5,1,6,0.190691,5
Canadian_football,Canadian_football,,9,5,14,9,5,14,7,0.27695,0.290974,149.981649,3,1,6,0.354545,4
Football,Football,,33,61,94,33,61,94,6,0.356239,0.386869,16260.011175,0,1,6,0.11026,4
Rugby_football,Rugby_football,,19,8,27,19,8,27,7,0.301233,0.31815,1059.149241,0,1,6,0.162338,4
American_popular_music,American_popular_music,,7,41,48,7,41,48,7,0.319187,0.341924,31403.303618,4,1,6,0.132664,2
Bruce_Springsteen,Bruce_Springsteen,,5,27,32,5,27,32,6,0.328365,0.351727,227.248488,4,1,6,0.183871,11
Classic_female_blues,Classic_female_blues,,2,1,3,2,1,3,8,0.237493,0.24602,0.191031,4,1,6,0.5,2
Double_bass,Double_bass,,12,25,37,12,25,37,7,0.298088,0.31579,1859.739843,4,1,6,0.123886,2
Elvis_Presley,Elvis_Presley,,29,49,78,29,49,78,7,0.34697,0.374632,17600.31303,4,1,6,0.095573,11
Henry_Rollins,Henry_Rollins,,1,2,3,1,2,3,7,0.290422,0.306301,0.483398,3,1,6,0.666667,11
Louis_Jordan,Louis_Jordan,,6,17,23,6,17,23,7,0.30923,0.329131,668.85111,4,1,6,0.233333,11
Marvin_Gaye,Marvin_Gaye,,6,17,23,6,17,23,7,0.317861,0.338031,533.549858,4,1,6,0.199134,11
Minstrel_show,Minstrel_show,,5,13,18,5,13,18,7,0.309442,0.328516,618.826077,4,1,6,0.173203,4
Music_of_Hawaii,Music_of_Hawaii,,2,16,18,2,16,18,7,0.300141,0.31809,4608.589394,4,1,6,0.1625,2
Music_of_Spain,Music_of_Spain,,6,39,45,6,39,45,7,0.326435,0.352225,757.408956,4,1,6,0.154545,2
Music_of_the_United_States,Music_of_the_United_States,,7,57,64,7,57,64,7,0.332459,0.359495,30137.738685,4,1,6,0.10589,2
Phonograph_cylinder,Phonograph_cylinder,,2,6,8,2,6,8,7,0.283457,0.297844,154.550371,4,1,6,0.035714,8
Porgy_and_Bess,Porgy_and_Bess,,3,22,25,3,22,25,7,0.319363,0.340843,2052.159867,4,1,6,0.152174,3
Ragtime,Ragtime,,9,5,14,9,5,14,7,0.294729,0.311602,780.136949,4,1,6,0.224359,2
Rhythm_and_blues,Rhythm_and_blues,,32,10,42,32,10,42,7,0.306448,0.325039,1673.154007,4,1,6,0.137269,2
Salsa_music,Salsa_music,,10,26,36,10,26,36,7,0.319338,0.342554,1039.552869,6,1,6,0.251008,2
Ukulele,Ukulele,,6,14,20,6,14,20,7,0.314264,0.333734,262.986465,4,1,6,0.154971,2
Van_Halen,Van_Halen,,4,8,12,4,8,12,7,0.301996,0.319019,425.818263,4,1,6,0.145455,2
Americium,Americium,,12,17,29,12,17,29,7,0.288069,0.305492,259.881566,7,1,6,0.327899,12
Curium,Curium,,11,25,36,11,25,36,7,0.297279,0.316617,536.774817,7,1,6,0.301724,12
Europium,Europium,,10,21,31,10,21,31,7,0.302289,0.322362,514.652672,7,1,6,0.261667,12
Neptunium,Neptunium,,11,22,33,11,22,33,7,0.290318,0.30853,160.354178,7,1,6,0.339031,12
University_of_Chicago,University_of_Chicago,,32,32,64,32,32,64,7,0.337608,0.362167,22639.662878,3,1,6,0.060606,5
Celery,Celery,,18,25,43,18,25,43,7,0.320171,0.342562,8115.315391,11,1,6,0.141026,12
Ethnic_group,Ethnic_group,,36,23,59,36,23,59,7,0.321185,0.345026,5613.269682,9,1,6,0.099231,7
Ammolite,Ammolite,,2,43,45,2,43,45,7,0.335624,0.36076,414.265418,7,1,6,0.135307,5
Ammonite,Ammonite,,10,25,35,10,25,35,7,0.328286,0.351111,5845.554167,2,1,6,0.151478,5
Barium,Barium,,20,29,49,20,29,49,7,0.309206,0.330236,2212.735555,7,1,6,0.203104,12
Calcite,Calcite,,16,6,22,16,6,22,7,0.291739,0.3063,2236.336064,7,1,6,0.092857,5
Clay,Clay,,55,15,70,55,15,70,7,0.299122,0.317398,3702.913236,7,1,6,0.043193,5
Feldspar,Feldspar,,16,14,30,16,14,30,7,0.297541,0.31473,1008.37441,7,1,6,0.156923,5
Jewellery,Jewellery,,16,60,76,16,60,76,7,0.354464,0.383872,5696.662589,1,1,6,0.077816,13
Mosaic,Mosaic,,24,22,46,24,22,46,7,0.307284,0.328742,2304.834247,1,1,6,0.091362,13
Prospecting,Prospecting,,3,3,6,3,3,6,7,0.273457,0.286567,9.180723,7,1,6,0.3,10
Protein,Protein,,104,30,134,104,30,134,7,0.315094,0.336806,24382.046666,11,1,6,0.046361,12
Pyrite,Pyrite,,13,21,34,13,21,34,7,0.3089,0.328513,959.463373,7,1,6,0.19709,5
Rocky_Mountains,Rocky_Mountains,,37,43,80,37,43,80,7,0.334185,0.359339,22771.761997,3,1,6,0.07164,5
Stained_glass,Stained_glass,,16,14,30,16,14,30,7,0.307704,0.327078,2119.354174,0,1,6,0.062169,13
Vanadium,Vanadium,,21,44,65,21,44,65,7,0.325283,0.350261,3766.538805,7,1,6,0.178197,12
Germanium,Germanium,,20,31,51,20,31,51,7,0.315364,0.337698,2083.344306,7,1,6,0.174797,12
Milky_Way,Milky_Way,,36,31,67,36,31,67,7,0.326462,0.350233,8257.029211,7,1,6,0.110276,12
Nitrogen_fixation,Nitrogen_fixation,,12,8,20,12,8,20,7,0.286037,0.301652,487.593333,7,1,6,0.220833,12
Tellurium,Tellurium,,13,36,49,13,36,49,7,0.316323,0.338863,1090.378101,7,1,6,0.263415,12
Cretaceous-Tertiary_extinction_event,Cretaceous-Tertiary_extinction_event,,18,33,51,18,33,51,7,0.316323,0.338056,18041.737196,2,1,6,0.07981,5
Devonian,Devonian,,24,34,58,24,34,58,7,0.328286,0.351119,8593.530407,2,1,6,0.120567,5
Gender,Gender,,26,15,41,26,15,41,7,0.30557,0.324329,3078.702072,9,1,6,0.043902,7
Meteor,Meteor,,16,2,18,16,2,18,7,0.272245,0.285139,95.797006,7,1,6,0.084559,12
Silurian,Silurian,,18,17,35,18,17,35,7,0.304537,0.322617,1370.421357,2,1,6,0.1367,5
Ammosaurus,Ammosaurus,,1,14,15,1,14,15,7,0.315658,0.334781,9175.011961,2,1,6,0.285714,12
Massospondylus,Massospondylus,,2,15,17,2,15,17,7,0.300831,0.317881,4769.98015,2,1,6,0.275,12
Anne_Frank,Anne_Frank,,6,44,50,6,44,50,6,0.340529,0.367481,1207.069309,10,1,6,0.141998,11
Basketball,Basketball,,90,29,119,90,29,119,7,0.325257,0.349187,23821.659894,3,1,6,0.088574,4
Ice_hockey,Ice_hockey,,58,55,113,58,55,113,6,0.344055,0.372246,29687.152118,3,1,6,0.106207,4
Rotterdam,Rotterdam,,39,30,69,39,30,69,7,0.320829,0.343801,3648.648902,10,1,6,0.135643,5
Amtrak,Amtrak,,51,47,98,51,47,98,6,0.331507,0.357133,67106.28206,3,1,6,0.106439,8
Autorack,Autorack,,1,13,14,1,13,14,7,0.316595,0.336653,45.822891,3,1,6,0.307692,8
Baltimore%2C_Maryland,Baltimore%2C_Maryland,,29,38,67,29,38,67,6,0.338793,0.364233,11063.854661,3,1,6,0.110259,5
Columbus%2C_Ohio,Columbus%2C_Ohio,,13,39,52,13,39,52,7,0.331182,0.357651,5073.235111,3,1,6,0.119192,5
Detroit%2C_Michigan,Detroit%2C_Michigan,,32,56,88,32,56,88,7,0.343007,0.372026,29331.490502,3,1,6,0.092456,5
EMD_F7,EMD_F7,,4,3,7,4,3,7,7,0.273715,0.28695,28.573997,3,1,6,0.285714,8
Louisville%2C_Kentucky,Louisville%2C_Kentucky,,15,58,73,15,58,73,6,0.352798,0.381027,4310.459437,3,1,6,0.085162,5
Miami%2C_Florida,Miami%2C_Florida,,29,76,105,29,76,105,6,0.347983,0.378564,12753.037682,6,1,6,0.134211,5
Newark%2C_New_Jersey,Newark%2C_New_Jersey,,7,38,45,7,38,45,6,0.33618,0.361038,3166.132952,3,1,6,0.120709,5
PRR_GG1,PRR_GG1,,3,9,12,3,9,12,7,0.298879,0.31604,448.270577,3,1,6,0.233333,8
Railway_post_office,Railway_post_office,,1,6,7,1,6,7,7,0.305547,0.323054,6.380539,3,1,6,0.5,8
San_Diegan,San_Diegan,,3,12,15,3,12,15,6,0.309702,0.329284,78.280083,3,1,6,0.307692,8
San_Jose%2C_California,San_Jose%2C_California,,15,55,70,15,55,70,6,0.352921,0.38053,9936.608669,3,1,6,0.08774,5
Super_Chief,Super_Chief,,3,17,20,3,17,20,7,0.299741,0.317643,371.281455,3,1,6,0.137255,8
Union_Station_%28San_Diego%29,Union_Station_%28San_Diego%29,,4,15,19,4,15,19,7,0.309206,0.328933,13841.883816,3,1,6,0.32381,8
Vancouver,Vancouver,,29,45,74,29,45,74,7,0.345668,0.372211,6746.001347,3,1,6,0.112319,5
Amur,Amur,,8,16,24,8,16,24,7,0.316397,0.336876,400.853828,8,1,6,0.190476,5
Mongolia,Mongolia,,81,45,126,81,45,126,7,0.338935,0.366147,13096.537867,8,1,6,0.094349,5
Boa,Boa,,3,7,10,3,7,10,8,0.274364,0.287615,34.6324,2,1,6,0.388889,12
Chicken,Chicken,,31,49,80,31,49,80,7,0.346644,0.373362,13520.306549,2,1,6,0.062215,4
Paraguay,Paraguay,,39,20,59,39,20,59,7,0.321211,0.344002,970.691275,6,1,6,0.177143,9
Tamil_language,Tamil_language,,41,37,78,41,37,78,7,0.332977,0.357731,9682.70556,8,1,6,0.099418,3
Turtle,Turtle,,25,16,41,25,16,41,8,0.300207,0.317684,3942.377097,2,1,6,0.095816,12
Analytical_Marxism,Analytical_Marxism,,3,7,10,3,7,10,7,0.280728,0.295396,46.356634,9,1,6,0.357143,14
Game_theory,Game_theory,,17,24,41,17,24,41,7,0.300252,0.319099,16680.997312,9,1,6,0.11954,6
Karl_Popper,Karl_Popper,,22,28,50,22,28,50,7,0.3281,0.351456,3930.197042,9,1,6,0.135659,11
Anarcho-capitalism,Anarcho-capitalism,,5,13,18,5,13,18,7,0.294987,0.312359,398.230345,9,1,6,0.195833,7
GNU,GNU,,9,15,24,9,15,24,8,0.269029,0.282639,6304.427231,13,1,6,0.219298,1
Graphic_novel,Graphic_novel,,17,12,29,17,12,29,7,0.302967,0.321326,2615.539531,13,1,6,0.046667,3
Henry_David_Thoreau,Henry_David_Thoreau,,10,22,32,10,22,32,6,0.325492,0.346748,2017.109966,3,1,6,0.093103,11
Jack_Kerouac,Jack_Kerouac,,12,21,33,12,21,33,7,0.320779,0.343016,1967.551029,9,1,6,0.117204,11
Laozi,Laozi,,6,6,12,6,6,12,8,0.270141,0.283413,48.687193,8,1,6,0.333333,11
Noam_Chomsky,Noam_Chomsky,,17,29,46,17,29,46,7,0.324268,0.348013,3810.610547,9,1,6,0.120108,3
Stoicism,Stoicism,,12,16,28,12,16,28,7,0.320677,0.342158,1405.226428,9,1,6,0.131054,14
World_Trade_Organization,World_Trade_Organization,,38,72,110,38,72,110,7,0.337355,0.366807,7741.926174,5,1,6,0.133939,10
Corporation,Corporation,,38,20,58,38,20,58,6,0.323931,0.346333,7367.461476,9,1,6,0.068922,10
Cyberpunk,Cyberpunk,,4,18,22,4,18,22,7,0.312688,0.330997,864.872398,13,1,6,0.094737,3
Race,Race,,35,37,72,35,37,72,7,0.339531,0.364967,12985.802169,9,1,6,0.088874,7
Anemia,Anemia,,21,16,37,21,16,37,7,0.301077,0.318238,11254.920643,11,1,6,0.06129,12
Board_game,Board_game,,21,17,38,21,17,38,7,0.312592,0.332123,6083.060962,13,1,6,0.070115,4
Egyptian_pyramids,Egyptian_pyramids,,6,5,11,6,5,11,7,0.277367,0.290365,102.680321,1,1,6,0.305556,0
Iron_Age,Iron_Age,,54,20,74,54,20,74,7,0.31954,0.341754,3823.79028,0,1,6,0.077792,0
Mummy,Mummy,,15,48,63,15,48,63,6,0.350905,0.379021,5352.72137,6,1,6,0.086612,0
Rosetta_Stone,Rosetta_Stone,,6,7,13,6,7,13,7,0.284172,0.298943,1276.458929,1,1,6,0.063636,0
Society,Society,,56,20,76,56,20,76,7,0.325466,0.347038,4726.037789,9,1,6,0.089648,7
Turquoise,Turquoise,,6,53,59,6,53,59,7,0.348282,0.376219,1504.91326,7,1,6,0.125589,5
Vowel,Vowel,,28,16,44,28,16,44,7,0.29615,0.314864,1944.829179,1,1,6,0.110337,3
Writing,Writing,,25,11,36,25,11,36,7,0.292391,0.308816,3478.885591,1,1,6,0.092063,3
Battle_of_Marathon,Battle_of_Marathon,,9,15,24,9,15,24,7,0.299166,0.317607,7446.069271,1,1,6,0.183333,0
Bread,Bread,,23,64,87,23,64,87,7,0.352706,0.382836,7952.375119,11,1,6,0.105092,4
Cheese,Cheese,,25,75,100,25,75,100,6,0.362742,0.394133,17991.374824,11,1,6,0.127961,4
Corinthian_War,Corinthian_War,,5,9,14,5,9,14,7,0.288767,0.304411,6987.080573,1,1,6,0.290909,0
Epaminondas,Epaminondas,,3,7,10,3,7,10,7,0.284053,0.299244,14.243336,1,1,6,0.416667,11
Hellenistic_Greece,Hellenistic_Greece,,13,15,28,13,15,28,7,0.298946,0.31712,4175.795403,1,1,6,0.254941,0
Hippocrates,Hippocrates,,21,19,40,21,19,40,7,0.308618,0.328613,3110.002478,11,1,6,0.071835,11
History_of_Greece,History_of_Greece,,9,78,87,9,78,87,7,0.354309,0.386874,4237.527217,1,1,6,0.169444,0
Minoan_civilization,Minoan_civilization,,17,51,68,17,51,68,7,0.33482,0.361146,5907.898713,1,1,6,0.079552,0
Neoclassicism,Neoclassicism,,27,39,66,27,39,66,7,0.332486,0.358708,6272.484432,4,1,6,0.098305,13
Onion,Onion,,18,22,40,18,22,40,7,0.322078,0.342771,4503.46577,11,1,6,0.105974,4
Roman_Greece,Roman_Greece,,8,18,26,8,18,26,7,0.305824,0.324799,182.014366,1,1,6,0.313158,0
Elagabalus,Elagabalus,,2,10,12,2,10,12,7,0.28809,0.305416,16.176347,1,1,6,0.381818,11
House,House,,11,22,33,11,22,33,7,0.324944,0.346002,6095.207675,1,1,6,0.07197,4
Invasion,Invasion,,15,64,79,15,64,79,6,0.360131,0.390166,5639.275912,10,1,6,0.106812,0
Isis,Isis,,8,30,38,8,30,38,7,0.326646,0.351616,3240.637759,1,1,6,0.114114,14
Jupiter_%28mythology%29,Jupiter_%28mythology%29,,10,11,21,10,11,21,7,0.29197,0.309313,5036.372729,1,1,6,0.224265,14
Oligarchy,Oligarchy,,33,17,50,33,17,50,7,0.315413,0.336261,3944.570417,9,1,6,0.09852,7
Pupil,Pupil,,6,10,16,6,10,16,8,0.287314,0.303692,4130.267023,11,1,6,0.120879,12
Roman_law,Roman_law,,9,17,26,9,17,26,7,0.310461,0.331307,393.967444,1,1,6,0.229249,0
Roman_road,Roman_road,,11,24,35,11,24,35,7,0.31657,0.339357,1486.548682,1,1,6,0.206653,0
Roman_villa,Roman_villa,,5,8,13,5,8,13,7,0.295589,0.313885,230.119578,1,1,6,0.166667,0
Romulus_Augustus,Romulus_Augustus,,5,10,15,5,10,15,7,0.283715,0.299852,27.066472,1,1,6,0.560606,11
Wrestling,Wrestling,,7,17,24,7,17,24,7,0.324788,0.346724,680.009026,1,1,6,0.230072,4
Confucianism,Confucianism,,36,37,73,36,37,73,7,0.335707,0.360973,7815.555546,8,1,6,0.145955,14
Cyrus_the_Great,Cyrus_the_Great,,8,23,31,8,23,31,7,0.312471,0.333365,660.322886,1,1,6,0.170635,11
Dance,Dance,,27,27,54,27,27,54,7,0.323337,0.345995,3660.158227,4,1,6,0.087446,4
Fire,Fire,,37,49,86,37,49,86,7,0.346377,0.373771,17554.654959,7,1,6,0.066546,12
Lothal,Lothal,,4,29,33,4,29,33,7,0.326015,0.349692,217.8379,1,1,6,0.157258,0
Mahabharata,Mahabharata,,24,10,34,24,10,34,7,0.304332,0.321461,3102.859864,8,1,6,0.150575,0
Qin_Shi_Huang,Qin_Shi_Huang,,6,22,28,6,22,28,7,0.328525,0.350379,1020.963118,8,1,6,0.231884,11
Ramayana,Ramayana,,23,20,43,23,20,43,8,0.297519,0.314924,3241.976357,8,1,6,0.18018,3
Sculpture,Sculpture,,54,29,83,54,29,83,7,0.322283,0.344004,13493.295508,4,1,6,0.061404,13
Tamil_people,Tamil_people,,17,68,85,17,68,85,7,0.353136,0.383418,3578.091901,8,1,6,0.120902,5
Yellow_River,Yellow_River,,13,8,21,13,8,21,7,0.294686,0.31178,793.714526,8,1,6,0.153595,5
Aruba,Aruba,,24,29,53,24,29,53,7,0.331426,0.355577,2640.858183,6,1,6,0.153099,9
Cotopaxi,Cotopaxi,,3,6,9,3,6,9,7,0.285553,0.299782,33.679925,6,1,6,0.366667,5
Craton,Craton,,12,4,16,12,4,16,8,0.267644,0.280155,234.364546,7,1,6,0.159341,5
Galeras,Galeras,,3,4,7,3,4,7,7,0.283754,0.297763,24.811906,6,1,6,0.35,5
Machu_Picchu,Machu_Picchu,,8,12,20,8,12,20,7,0.297716,0.314503,577.588543,6,1,6,0.165441,5
Folklore,Folklore,,47,18,65,47,18,65,7,0.313583,0.33413,9315.250102,4,1,6,0.057113,14
Andr%C3%A9s_Nocioni,Andr%C3%A9s_Nocioni,,1,11,12,1,11,12,7,0.313801,0.33365,6.954032,6,1,6,0.5,11
Andrew_Carnegie,Andrew_Carnegie,,12,41,53,12,41,53,6,0.342891,0.368138,3372.764552,3,1,6,0.103922,11
Andrew_Dickson_White,Andrew_Dickson_White,,2,11,13,2,11,13,7,0.319162,0.338865,64.039365,9,1,6,0.189394,11
Andrew_Gonzalez,Andrew_Gonzalez,,0,8,8,0,8,8,7,0.290899,0.306767,0,8,1,44,0.107143,11
Ateneo_de_Manila_University,Ateneo_de_Manila_University,,1,16,17,1,16,17,7,0.302928,0.322146,136.233665,0,1,43,0.154412,5
John_Marshall,John_Marshall,,5,19,24,5,19,24,7,0.321465,0.343807,346.730033,3,1,6,0.292105,11
Martin_Van_Buren,Martin_Van_Buren,,10,20,30,10,20,30,7,0.312688,0.332557,578.087657,3,1,6,0.198333,11
Andrew_Robinson,Andrew_Robinson,,1,13,14,1,13,14,7,0.306355,0.325584,60.538537,13,1,6,0.166667,11
John_F._Kennedy,John_F._Kennedy,,60,68,128,60,68,128,7,0.348252,0.377617,33150.001187,3,1,6,0.080484,11
The_X-Files,The_X-Files,,8,14,22,8,14,22,7,0.315609,0.334022,2947.486099,13,1,6,0.089474,4
Andriyivskyy_Descent,Andriyivskyy_Descent,,1,13,14,1,13,14,7,0.303262,0.322705,21.088386,10,1,6,0.25641,5
Kiev,Kiev,,36,42,78,36,42,78,7,0.325806,0.351242,10955.02879,10,1,6,0.104895,5
Andromeda_Galaxy,Andromeda_Galaxy,,8,15,23,8,15,23,7,0.293534,0.310064,603.069642,7,1,6,0.260234,12
European_Space_Agency,European_Space_Agency,,21,46,67,21,46,67,7,0.340501,0.367117,7574.169348,7,1,6,0.19873,12
Extraterrestrial_life,Extraterrestrial_life,,16,50,66,16,50,66,7,0.336655,0.362943,6555.016965,7,1,6,0.099334,12
Globular_cluster,Globular_cluster,,10,14,24,10,14,24,7,0.291508,0.307948,182.625141,7,1,6,0.271053,12
H_II_region,H_II_region,,7,24,31,7,24,31,7,0.306101,0.325474,1333.314226,7,1,6,0.270655,12
Redshift,Redshift,,14,39,53,14,39,53,7,0.308618,0.33028,2817.577997,7,1,6,0.225641,12
Universe,Universe,,62,20,82,62,20,82,7,0.300497,0.318173,11778.350283,7,1,6,0.106545,12
Mao_Zedong,Mao_Zedong,,32,30,62,32,30,62,7,0.32484,0.348975,9447.140135,8,1,6,0.170814,11
Money,Money,,30,29,59,30,29,59,7,0.327226,0.351246,6183.142082,9,1,6,0.081448,10
Myocardial_infarction,Myocardial_infarction,,23,16,39,23,16,39,7,0.311702,0.330481,5166.605017,11,1,6,0.052941,12
The_Rolling_Stones,The_Rolling_Stones,,22,32,54,22,32,54,7,0.329032,0.352991,14221.136694,4,1,6,0.118871,2
Apricot,Apricot,,6,42,48,6,42,48,7,0.346229,0.372474,1953.242498,11,1,6,0.118841,4
Folic_acid,Folic_acid,,10,26,36,10,26,36,7,0.323466,0.345219,1883.284477,11,1,6,0.084034,12
Parsley,Parsley,,15,41,56,15,41,56,7,0.311918,0.335078,3087.702299,11,1,6,0.201515,12
Pernicious_anemia,Pernicious_anemia,,3,4,7,3,4,7,8,0.259489,0.271151,235.932681,11,1,6,0.4,12
Sickle-cell_disease,Sickle-cell_disease,,4,15,19,4,15,19,7,0.316768,0.337601,638.538329,11,1,6,0.1625,12
Thalassemia,Thalassemia,,4,18,22,4,18,22,7,0.31039,0.330656,637.075413,8,1,6,0.137427,12
Angel_shark,Angel_shark,,1,6,7,1,6,7,8,0.268423,0.280913,5.132467,2,1,6,0.266667,12
Angkor,Angkor,,6,11,17,6,11,17,7,0.298505,0.315907,4713.531333,8,1,6,0.219048,5
Gyeongju,Gyeongju,,1,13,14,1,13,14,7,0.31223,0.332461,95.63598,8,1,6,0.28022,5
Michelangelo,Michelangelo,,29,14,43,29,14,43,7,0.299365,0.316853,5878.740573,4,1,6,0.138095,11
Rama,Rama,,8,22,30,8,22,30,7,0.312495,0.332614,346.338935,8,1,6,0.280627,14
Anglican_Church_of_Australia,Anglican_Church_of_Australia,,7,4,11,7,4,11,7,0.27924,0.292743,104.800844,12,1,6,0.3,14
Apostolic_Succession,Apostolic_Succession,,14,14,28,14,14,28,7,0.313195,0.333052,431.467661,0,1,6,0.452381,14
Book_of_Common_Prayer,Book_of_Common_Prayer,,14,29,43,14,29,43,7,0.308547,0.330189,479.055071,0,1,6,0.337931,14
British_monarchy,British_monarchy,,65,113,178,65,113,178,7,0.342601,0.377062,51462.967226,0,1,6,0.090042,7
Church_of_Ireland,Church_of_Ireland,,28,31,59,28,31,59,7,0.314507,0.337624,5619.155422,0,1,6,0.189177,14
English_Reformation,English_Reformation,,13,23,36,13,23,36,7,0.29111,0.309058,396.737877,0,1,6,0.326211,0
Episcopal_polity,Episcopal_polity,,10,24,34,10,24,34,7,0.314581,0.336234,360.772073,0,1,6,0.316923,14
Michael_Ramsey,Michael_Ramsey,,3,7,10,3,7,10,7,0.290235,0.305851,73.671099,0,1,6,0.211111,11
Ordination_of_women,Ordination_of_women,,3,38,41,3,38,41,7,0.338822,0.365395,446.697016,8,1,6,0.123755,14
Thomas_Cranmer,Thomas_Cranmer,,12,22,34,12,22,34,7,0.303148,0.323607,312.932261,0,1,6,0.327899,11
Desmond_Tutu,Desmond_Tutu,,10,29,39,10,29,39,7,0.329674,0.354986,1127.606496,5,1,6,0.146218,11
Roman_Britain,Roman_Britain,,31,46,77,31,46,77,7,0.32954,0.355322,25270.567188,0,1,6,0.091022,0
Solomon_Islands,Solomon_Islands,,34,28,62,34,28,62,7,0.332595,0.356706,4581.118691,5,1,6,0.16836,5
William_Wilberforce,William_Wilberforce,,5,27,32,5,27,32,7,0.319515,0.343914,855.07503,0,1,6,0.129032,11
Anglo-Saxon_literature,Anglo-Saxon_literature,,3,35,38,3,35,38,7,0.312592,0.334839,2219.215853,0,1,6,0.086336,3
C%C3%A6dmon,C%C3%A6dmon,,4,12,16,4,12,16,7,0.292771,0.309732,3273.271437,0,1,6,0.179487,11
History_of_Anglo-Saxon_England,History_of_Anglo-Saxon_England,,4,34,38,4,34,38,7,0.315634,0.338905,4135.144685,0,1,6,0.162913,0
Jorge_Luis_Borges,Jorge_Luis_Borges,,16,65,81,16,65,81,7,0.348431,0.379441,4038.010161,6,1,6,0.136606,11
Literacy,Literacy,,39,24,63,39,24,63,7,0.332377,0.35619,4924.678231,1,1,6,0.079852,7
Peterborough_Chronicle,Peterborough_Chronicle,,4,12,16,4,12,16,7,0.301996,0.320293,525.236703,0,1,6,0.203297,3
T._S._Eliot,T._S._Eliot,,25,36,61,25,36,61,6,0.335652,0.361811,8221.975392,0,1,6,0.082393,11
The_Hobbit,The_Hobbit,,6,26,32,6,26,32,7,0.323802,0.346121,8358.071899,13,1,6,0.162562,3
The_Lord_of_the_Rings,The_Lord_of_the_Rings,,17,33,50,17,33,50,7,0.342891,0.367598,7598.963507,0,1,6,0.091916,3
Anguilla,Anguilla,,19,14,33,19,14,33,7,0.316175,0.336532,482.917732,5,1,6,0.162298,9
Australian_Green_Tree_Frog,Australian_Green_Tree_Frog,,2,22,24,2,22,24,7,0.32954,0.350586,27959.494076,2,1,6,0.175325,12
Cambrian,Cambrian,,20,26,46,20,26,46,7,0.31507,0.334849,3672.465316,2,1,6,0.12437,5
Cambrian_explosion,Cambrian_explosion,,10,19,29,10,19,29,7,0.3093,0.32782,1716.522315,7,1,6,0.218333,5
Organism,Organism,,50,45,95,50,45,95,7,0.32344,0.347799,23022.924007,11,1,6,0.101266,12
Precambrian,Precambrian,,23,11,34,23,11,34,7,0.29428,0.309881,1660.582113,7,1,6,0.112903,5
Spider,Spider,,22,26,48,22,26,48,7,0.327094,0.34982,13355.657379,2,1,6,0.096723,12
Sunlight,Sunlight,,28,19,47,28,19,47,7,0.307774,0.326306,6323.751302,7,1,6,0.083333,5
Animal_law,Animal_law,,1,1,2,1,1,2,8,0.234539,0.24283,0,9,1,6,0,7
Animal_rights,Animal_rights,,26,26,52,26,26,52,7,0.306378,0.32632,15254.597426,9,1,6,0.04686,7
Children%27s_rights_movement,Children%27s_rights_movement,,4,11,15,4,11,15,7,0.303852,0.323952,295.494835,9,1,6,0.204762,7
Civil_rights,Civil_rights,,33,19,52,33,19,52,7,0.319087,0.340152,3503.292516,9,1,6,0.082447,7
Mind,Mind,,25,15,40,25,15,40,7,0.301413,0.319638,2275.433717,9,1,6,0.138889,14
Women%27s_rights,Women%27s_rights,,14,24,38,14,24,38,7,0.331833,0.354504,1296.211933,9,1,6,0.136134,7
Motion_%28physics%29,Motion_%28physics%29,,15,9,24,15,9,24,7,0.299365,0.316748,1095.953077,7,1,6,0.220779,12
The_Lion_King,The_Lion_King,,7,22,29,7,22,29,7,0.322925,0.345643,8360.165813,13,1,6,0.109231,4
Ankylosaurus,Ankylosaurus,,7,26,33,7,26,33,7,0.321567,0.342475,876.88958,2,1,6,0.17734,12
Armadillo,Armadillo,,10,14,24,10,14,24,7,0.308289,0.32653,1758.176156,2,1,6,0.146245,12
Ornithischia,Ornithischia,,24,15,39,24,15,39,8,0.288582,0.304407,2188.403685,2,1,6,0.248992,12
Triceratops,Triceratops,,10,20,30,10,20,30,7,0.302222,0.320573,678.076843,2,1,6,0.25,12
Ann_Arbor%2C_Michigan,Ann_Arbor%2C_Michigan,,5,33,38,5,33,38,6,0.330453,0.355077,580.523134,3,1,6,0.102381,5
Biotechnology,Biotechnology,,27,27,54,27,27,54,7,0.322822,0.345756,7095.794694,11,1,6,0.063673,12
Frank_Lloyd_Wright,Frank_Lloyd_Wright,,9,13,22,9,13,22,7,0.313195,0.332734,1066.417747,3,1,6,0.131579,8
Anna_Karenina,Anna_Karenina,,5,18,23,5,18,23,7,0.313607,0.33452,480.771522,10,1,6,0.194737,3
James_Joyce,James_Joyce,,31,36,67,31,36,67,7,0.332077,0.357222,9622.066003,0,1,6,0.098911,11
Tashkent,Tashkent,,11,32,43,11,32,43,7,0.324658,0.349061,1016.871881,10,1,6,0.206478,5
Vivien_Leigh,Vivien_Leigh,,8,32,40,8,32,40,7,0.32946,0.354794,1637.237186,0,1,6,0.121008,11
Basel,Basel,,19,21,40,19,21,40,7,0.313729,0.334991,2100.220401,12,1,6,0.130252,5
Humanism,Humanism,,26,22,48,26,22,48,7,0.312519,0.334072,5301.725899,9,1,6,0.103594,14
Johannesburg,Johannesburg,,34,52,86,34,52,86,6,0.355489,0.383642,8208.637627,5,1,6,0.096446,5
Nelson_Mandela,Nelson_Mandela,,34,42,76,34,42,76,7,0.333361,0.360225,6824.226532,5,1,6,0.082768,11
Publishing,Publishing,,24,14,38,24,14,38,7,0.303466,0.321453,38622.732262,13,1,6,0.082583,7
Sarajevo,Sarajevo,,22,47,69,22,47,69,7,0.335402,0.362988,3261.972486,10,1,6,0.194495,5
George_I_of_Great_Britain,George_I_of_Great_Britain,,17,30,47,17,30,47,7,0.322874,0.346938,1413.077249,0,1,6,0.240216,11
Jacobite_rising,Jacobite_rising,,3,34,37,3,34,37,7,0.317314,0.340358,202.497252,0,1,6,0.198413,0
John_Vanbrugh,John_Vanbrugh,,10,33,43,10,33,43,7,0.321925,0.34605,9376.78117,0,1,6,0.128846,11
Order_of_the_Garter,Order_of_the_Garter,,32,30,62,32,30,62,7,0.314923,0.338086,1845.604636,0,1,6,0.173454,0
Annibale_Bugnini,Annibale_Bugnini,,0,5,5,0,5,5,7,0.28925,0.304284,0,1,1,45,0.5,11
Pope_Pius_XII,Pope_Pius_XII,,13,50,63,13,50,63,7,0.349242,0.377165,6586.829161,10,1,6,0.178463,11
Hebrew_calendar,Hebrew_calendar,,5,15,20,5,15,20,7,0.300319,0.318991,543.481605,1,1,6,0.169935,0
Republic_of_China,Republic_of_China,,76,58,134,76,58,134,7,0.345875,0.375274,10110.059617,8,1,6,0.157001,9
Triumph_of_the_Will,Triumph_of_the_Will,,3,26,29,3,26,29,7,0.32144,0.344294,478.384526,10,1,6,0.190883,4
Aphid,Aphid,,9,16,25,9,16,25,7,0.297279,0.313584,972.298468,2,1,6,0.138528,12
Arthropod,Arthropod,,45,10,55,45,10,55,8,0.279528,0.29447,4310.479032,2,1,6,0.107246,12
Bee,Bee,,25,19,44,25,19,44,8,0.293343,0.310808,7775.366136,2,1,6,0.126877,12
Hymenoptera,Hymenoptera,,9,11,20,9,11,20,8,0.271225,0.285495,181.835844,2,1,6,0.319048,12
Thorax,Thorax,,10,4,14,10,4,14,8,0.276233,0.290368,248.870655,2,1,6,0.30303,12
Wasp,Wasp,,11,12,23,11,12,23,8,0.271461,0.28483,142.059485,2,1,6,0.3125,12
Wood,Wood,,55,10,65,55,10,65,7,0.29347,0.310265,3474.869016,7,1,6,0.03405,12
Communication,Communication,,36,14,50,36,14,50,7,0.295589,0.312469,2773.216163,9,1,6,0.051804,7
Antarctic_Treaty_System,Antarctic_Treaty_System,,3,54,57,3,54,57,7,0.352522,0.381005,315.132755,10,1,6,0.243771,5
International_Court_of_Justice,International_Court_of_Justice,,21,37,58,21,37,58,7,0.338935,0.365131,971.712397,5,1,6,0.195479,7
Antarctic_krill,Antarctic_krill,,3,34,37,3,34,37,7,0.324268,0.346736,1067.087687,2,1,6,0.136134,12
Aquarium,Aquarium,,20,56,76,20,56,76,6,0.355708,0.383855,17424.341697,2,1,6,0.079718,12
Invertebrate,Invertebrate,,37,10,47,37,10,47,8,0.271388,0.286029,1101.82452,2,1,6,0.110606,12
Penguin,Penguin,,26,31,57,26,31,57,7,0.32633,0.348733,12526.30743,2,1,6,0.099734,12
Cosmic_microwave_background_radiation,Cosmic_microwave_background_radiation,,11,17,28,11,17,28,7,0.290464,0.30763,1067.647059,7,1,6,0.17316,12
Emperor_Penguin,Emperor_Penguin,,2,12,14,2,12,14,8,0.283199,0.297634,210.652599,2,1,6,0.318182,12
Full_moon,Full_moon,,12,10,22,12,10,22,7,0.309253,0.32646,1154.997435,7,1,6,0.115789,12
Ice_sheet,Ice_sheet,,16,12,28,16,12,28,7,0.30624,0.324787,1364.807119,7,1,6,0.157609,5
Lake_Vostok,Lake_Vostok,,4,18,22,4,18,22,7,0.322822,0.34339,443.818831,7,1,6,0.169048,5
Roald_Amundsen,Roald_Amundsen,,1,14,15,1,14,15,7,0.309844,0.329088,116.445477,10,1,6,0.21978,11
Sand,Sand,,40,16,56,40,16,56,7,0.298066,0.315393,6399.643993,7,1,6,0.042745,5
Ship,Ship,,35,18,53,35,18,53,7,0.321185,0.343655,5494.491804,3,1,6,0.080694,8
South_Georgia_and_the_South_Sandwich_Islands,South_Georgia_and_the_South_Sandwich_Islands,,12,21,33,12,21,33,7,0.33013,0.353207,2830.478635,5,1,6,0.19335,5
Antarctosaurus,Antarctosaurus,,1,14,15,1,14,15,7,0.30806,0.326538,2.654174,2,1,46,0.3,12
Antelope,Antelope,,18,23,41,18,23,41,7,0.316299,0.337244,32981.073796,2,1,6,0.127451,12
Black_Wildebeest,Black_Wildebeest,,3,12,15,3,12,15,7,0.294686,0.312473,27.811576,2,1,6,0.307692,12
Blue_Wildebeest,Blue_Wildebeest,,9,22,31,9,22,31,7,0.306541,0.325731,3006.752508,2,1,6,0.204615,12
Bongo_%28antelope%29,Bongo_%28antelope%29,,1,9,10,1,9,10,7,0.288356,0.305148,4583.941454,2,1,6,0.458333,12
Bontebok,Bontebok,,1,8,9,1,8,9,7,0.282844,0.297404,5.094101,2,1,6,0.339286,12
Common_Eland,Common_Eland,,1,9,10,1,9,10,8,0.279567,0.29411,4.866901,2,1,6,0.361111,12
Dik-dik,Dik-dik,,1,15,16,1,15,16,7,0.307914,0.328292,61.923068,2,1,6,0.314286,12
Giant_Eland,Giant_Eland,,2,10,12,2,10,12,8,0.284192,0.300204,33.33837,2,1,6,0.245455,12
Wildebeest,Wildebeest,,7,12,19,7,12,19,7,0.292877,0.31019,863.832371,2,1,6,0.325,12
Anthony_van_Dyck,Anthony_van_Dyck,,7,18,25,7,18,25,7,0.305847,0.326016,772.629489,4,1,6,0.205628,11
Flemish_people,Flemish_people,,3,26,29,3,26,29,7,0.329754,0.35435,304.426216,6,1,6,0.306268,5
National_Gallery%2C_London,National_Gallery%2C_London,,15,36,51,15,36,51,7,0.322719,0.346465,4478.801989,4,1,6,0.109312,13
Claude_L%C3%A9vi-Strauss,Claude_L%C3%A9vi-Strauss,,5,13,18,5,13,18,7,0.305939,0.324446,251.401322,9,1,6,0.099265,11
Sociology,Sociology,,45,33,78,45,33,78,7,0.31836,0.341246,8654.120414,9,1,6,0.095238,7
Antigua_and_Barbuda,Antigua_and_Barbuda,,30,34,64,30,34,64,7,0.338031,0.363656,3886.831917,5,1,6,0.130519,9
Eric_Clapton,Eric_Clapton,,8,34,42,8,34,42,7,0.33789,0.361629,8890.35014,4,1,6,0.129365,11
Saint_Kitts_and_Nevis,Saint_Kitts_and_Nevis,,26,12,38,26,12,38,7,0.310129,0.329385,3111.563325,5,1,6,0.21875,9
Arsenic,Arsenic,,34,44,78,34,44,78,7,0.329835,0.355168,9494.897146,7,1,6,0.113297,12
Krypton,Krypton,,30,26,56,30,26,56,7,0.308383,0.328475,2070.40074,7,1,6,0.235893,12
Pottery,Pottery,,43,17,60,43,17,60,7,0.31831,0.339532,2937.62187,1,1,6,0.060799,4
Semiconductor,Semiconductor,,39,18,57,39,18,57,7,0.287314,0.305163,5447.787375,7,1,6,0.11451,12
Tin,Tin,,58,41,99,58,41,99,7,0.320373,0.343947,21909.15773,7,1,6,0.112175,12
Antlion,Antlion,,0,6,6,0,6,6,8,0.264445,0.276963,0,2,1,47,0.766667,12
Jacques-Louis_David,Jacques-Louis_David,,10,18,28,10,18,28,7,0.318485,0.339988,808.111206,4,1,6,0.18,11
Nitrogen_cycle,Nitrogen_cycle,,6,19,25,6,19,25,7,0.309418,0.329727,506.076624,7,1,6,0.233766,12
Apollo_11,Apollo_11,,17,18,35,17,18,35,7,0.3112,0.329879,11671.778782,3,1,6,0.146552,12
Gerald_Ford,Gerald_Ford,,24,44,68,24,44,68,7,0.319313,0.34449,9778.567023,3,1,6,0.112147,11
Neil_Armstrong,Neil_Armstrong,,16,34,50,16,34,50,7,0.33593,0.361057,23198.944036,3,1,6,0.10299,11
University_of_Cambridge,University_of_Cambridge,,77,46,123,77,46,123,7,0.339873,0.36613,46858.294481,0,1,6,0.04593,7
Anton_Alexander_von_Werner,Anton_Alexander_von_Werner,,0,4,4,0,4,4,7,0.284063,0.298938,0,4,1,48,0.5,11
Black_pepper,Black_pepper,,24,45,69,24,45,69,7,0.335457,0.362975,8646.327881,11,1,6,0.103846,4
Lille,Lille,,18,43,61,18,43,61,6,0.343559,0.37114,3196.520469,0,1,6,0.186233,5
Apaochi,Apaochi,,0,2,2,0,2,2,7,0.277873,0.291564,0,8,1,49,1,0
Baboon,Baboon,,4,6,10,4,6,10,7,0.288664,0.304653,63.257355,2,1,6,0.288889,12
Monkey,Monkey,,19,16,35,19,16,35,7,0.318535,0.338966,1640.633512,2,1,6,0.076649,12
Carboniferous,Carboniferous,,30,24,54,30,24,54,7,0.318535,0.339595,5686.678064,2,1,6,0.112051,5
Coccinellidae,Coccinellidae,,4,10,14,4,10,14,7,0.293747,0.310142,230.182203,2,1,6,0.254545,12
Triassic,Triassic,,43,17,60,43,17,60,8,0.301435,0.317805,14891.449314,2,1,6,0.080914,5
Cyclops,Cyclops,,9,9,18,9,9,18,7,0.291718,0.307159,468.726829,1,1,6,0.224359,0
Dolphin,Dolphin,,30,27,57,30,27,57,7,0.328206,0.350593,18502.410193,2,1,6,0.102745,12
European_Goldfinch,European_Goldfinch,,2,13,15,2,13,15,7,0.314459,0.335528,373.038878,2,1,6,0.219048,12
Saturn_V,Saturn_V,,8,29,37,8,29,37,7,0.332077,0.354031,1507.162797,3,1,6,0.160428,12
Apollo_8,Apollo_8,,8,22,30,8,22,30,7,0.319767,0.339583,4624.561108,3,1,6,0.104615,12
Glynn_Lunney,Glynn_Lunney,,2,11,13,2,11,13,7,0.30256,0.320277,48.417075,3,1,6,0.325758,11
Moon_landing,Moon_landing,,4,13,17,4,13,17,7,0.311966,0.330773,567.424268,3,1,6,0.241667,12
Radio_telescope,Radio_telescope,,8,12,20,8,12,20,7,0.31089,0.330722,530.756018,7,1,6,0.183007,12
Cape_Canaveral,Cape_Canaveral,,7,7,14,7,7,14,7,0.305939,0.323773,205.917989,3,1,6,0.19697,12
Domesticated_turkey,Domesticated_turkey,,2,24,26,2,24,26,7,0.33075,0.353232,967.034547,2,1,6,0.148333,12
Santa_Claus,Santa_Claus,,8,45,53,8,45,53,7,0.344406,0.372083,1716.230869,10,1,6,0.194485,4
Celtic_mythology,Celtic_mythology,,9,18,27,9,18,27,7,0.304423,0.322863,2317.786079,1,1,6,0.105072,14
Cultivar,Cultivar,,41,3,44,41,3,44,7,0.281802,0.295669,381.803099,11,1,6,0.080338,12
Halloween,Halloween,,16,42,58,16,42,58,6,0.349694,0.376279,7126.810473,0,1,6,0.111111,4
Johnny_Appleseed,Johnny_Appleseed,,1,11,12,1,11,12,7,0.311319,0.329837,184.839646,3,1,6,0.154545,11
Lung_cancer,Lung_cancer,,23,28,51,23,28,51,7,0.33618,0.359561,4235.56933,11,1,6,0.105051,12
Norse_mythology,Norse_mythology,,27,23,50,27,23,50,7,0.328073,0.351199,10068.376869,1,1,6,0.088406,14
Pollinator,Pollinator,,11,11,22,11,11,22,7,0.284312,0.298498,1279.550769,11,1,6,0.137255,12
Prostate_cancer,Prostate_cancer,,17,22,39,17,22,39,7,0.317986,0.339059,2547.664629,11,1,6,0.063492,12
Applied_mathematics,Applied_mathematics,,9,10,19,9,10,19,7,0.288973,0.305259,1429.705989,9,1,6,0.203297,6
Bioinformatics,Bioinformatics,,10,18,28,10,18,28,7,0.2991,0.316821,3179.588726,11,1,6,0.163158,1
Ordinary_differential_equation,Ordinary_differential_equation,,4,4,8,4,4,8,8,0.273199,0.288004,92.434387,9,1,6,0.375,6
Retinol,Retinol,,4,16,20,4,16,20,7,0.301659,0.319996,282.404549,11,1,6,0.044737,12
Ecology,Ecology,,54,48,102,54,48,102,7,0.326514,0.351512,19493.375666,7,1,6,0.060918,12
Goldfish,Goldfish,,3,27,30,3,27,30,7,0.334378,0.357279,647.774779,2,1,6,0.10468,12
Guangzhou,Guangzhou,,29,38,67,29,38,67,7,0.34292,0.369185,3448.927223,8,1,6,0.164481,5
Nitrification,Nitrification,,5,8,13,5,8,13,7,0.29275,0.308858,68.706094,7,1,6,0.3,5
Otter,Otter,,8,15,23,8,15,23,7,0.30843,0.325825,1694.285955,2,1,6,0.161905,12
Oxyrhynchus,Oxyrhynchus,,2,18,20,2,18,20,7,0.305294,0.324834,763.004148,1,1,6,0.115789,0
Regent%27s_Park,Regent%27s_Park,,7,9,16,7,9,16,7,0.285674,0.301399,1194.939744,0,1,6,0.154545,5
The_Great_Exhibition,The_Great_Exhibition,,4,12,16,4,12,16,7,0.308618,0.327603,260.11,0,1,6,0.104762,0
Tropics,Tropics,,45,18,63,45,18,63,7,0.310461,0.330121,3794.963596,2,1,6,0.071717,5
Whale_shark,Whale_shark,,6,28,34,6,28,34,7,0.313583,0.335075,1906.183443,2,1,6,0.097291,12
Arab_League,Arab_League,,21,45,66,21,45,66,7,0.334433,0.360264,868.314587,5,1,6,0.288084,7
West_Bank,West_Bank,,23,29,52,23,29,52,7,0.331887,0.356346,1419.500234,1,1,6,0.2,5
Gaza_Strip,Gaza_Strip,,14,27,41,14,27,41,7,0.318435,0.341205,3287.316876,1,1,6,0.115966,5
Indonesian_language,Indonesian_language,,16,26,42,16,26,42,7,0.315732,0.338372,1204.424221,8,1,6,0.185633,3
Palestinian_territories,Palestinian_territories,,17,18,35,17,18,35,7,0.314215,0.335028,522.324825,1,1,6,0.291954,5
Land_%28economics%29,Land_%28economics%29,,4,3,7,4,3,7,7,0.280398,0.295663,118.668926,9,1,6,0.095238,10
Aradia%2C_or_the_Gospel_of_the_Witches,Aradia%2C_or_the_Gospel_of_the_Witches,,0,10,10,0,10,10,7,0.302206,0.320341,0,1,1,50,0.188889,3
Aral_Sea,Aral_Sea,,19,16,35,19,16,35,7,0.311822,0.331052,1634.629998,5,1,6,0.109195,5
Volga_River,Volga_River,,13,18,31,13,18,31,7,0.310271,0.329797,1850.379308,10,1,6,0.184615,5
Arcadia_%28play%29,Arcadia_%28play%29,,2,10,12,2,10,12,7,0.303352,0.321266,327.433204,0,1,6,0.072727,3
Royal_National_Theatre,Royal_National_Theatre,,9,9,18,9,9,18,7,0.295697,0.312049,1077.194536,0,1,6,0.052381,3
Archaeoastronomy,Archaeoastronomy,,3,35,38,3,35,38,7,0.328392,0.352901,5989.922574,7,1,6,0.063814,12
Meteor_shower,Meteor_shower,,2,3,5,2,3,5,8,0.268441,0.280755,19.125313,7,1,6,0.25,12
Stonehenge,Stonehenge,,14,27,41,14,27,41,7,0.336543,0.361547,2463.64001,0,1,6,0.093844,5
Oceania,Oceania,,61,49,110,61,49,110,6,0.332241,0.357515,12666.148639,5,1,6,0.109109,5
Paleontology,Paleontology,,29,23,52,29,23,52,7,0.317886,0.337719,5170.018559,2,1,6,0.128986,5
Archaeopteryx,Archaeopteryx,,13,21,34,13,21,34,7,0.31089,0.330434,5849.746634,2,1,6,0.216524,12
Compsognathus,Compsognathus,,3,18,21,3,18,21,7,0.303579,0.322407,77.259095,2,1,6,0.312865,12
Magpie,Magpie,,7,9,16,7,9,16,8,0.278549,0.293141,9266.526908,2,1,6,0.228571,12
Microraptor,Microraptor,,6,13,19,6,13,19,7,0.301906,0.318851,241.148342,2,1,6,0.408088,12
Pterosaur,Pterosaur,,11,23,34,11,23,34,7,0.311846,0.331951,1906.573668,2,1,6,0.25,12
Canterbury_Cathedral,Canterbury_Cathedral,,13,15,28,13,15,28,7,0.294901,0.313636,1940.916511,0,1,6,0.1917,8
Privy_Council_of_the_United_Kingdom,Privy_Council_of_the_United_Kingdom,,29,21,50,29,21,50,7,0.310034,0.330781,970.316212,0,1,6,0.189746,7
Archimedes,Archimedes,,13,22,35,13,22,35,7,0.311702,0.333326,2311.429252,7,1,6,0.143145,11
Pi,Pi,,10,27,37,10,27,37,7,0.322206,0.344732,7137.312571,9,1,6,0.14678,6
Sphere,Sphere,,33,10,43,33,10,43,7,0.290131,0.306251,3583.280717,7,1,6,0.083671,6
Architecture_of_Windows_NT,Architecture_of_Windows_NT,,0,3,3,0,3,3,8,0.238165,0.247356,0,13,1,51,0.833333,1
Windows_2000,Windows_2000,,10,9,19,10,9,19,7,0.285775,0.301694,3010.351249,13,1,6,0.165441,1
Windows_Vista,Windows_Vista,,7,12,19,7,12,19,7,0.28711,0.303171,3997.654277,13,1,6,0.228571,1
Windows_XP,Windows_XP,,18,14,32,18,14,32,7,0.301749,0.320403,8546.925521,13,1,6,0.106838,1
Architecture_of_the_California_missions,Architecture_of_the_California_missions,,0,20,20,0,20,20,7,0.313733,0.33401,0,7,1,52,0.134211,8
Axe,Axe,,12,25,37,12,25,37,7,0.318936,0.340567,1534.378048,7,1,6,0.083193,8
Arctic_Circle,Arctic_Circle,,20,13,33,20,13,33,7,0.318811,0.338333,1208.020287,10,1,6,0.162393,5
Bj%C3%B8rn%C3%B8ya,Bj%C3%B8rn%C3%B8ya,,4,15,19,4,15,19,7,0.309513,0.32861,488.740958,10,1,6,0.141667,5
Jan_Mayen,Jan_Mayen,,6,15,21,6,15,21,7,0.305202,0.324142,232.403912,10,1,6,0.232026,5
Muttaburrasaurus,Muttaburrasaurus,,1,14,15,1,14,15,7,0.296605,0.313089,4981.487711,2,1,6,0.266667,12
Svalbard,Svalbard,,17,25,42,17,25,42,7,0.316348,0.337505,12932.781038,10,1,6,0.071429,5
Troodon,Troodon,,1,15,16,1,15,16,7,0.294152,0.310843,314.250733,2,1,6,0.3125,12
Wolverine,Wolverine,,5,16,21,5,16,21,7,0.319943,0.340237,236.055583,2,1,6,0.215789,12
Duran_Duran,Duran_Duran,,7,33,40,7,33,40,7,0.340873,0.367203,1561.396337,4,1,6,0.162698,2
McFly_%28band%29,McFly_%28band%29,,1,11,12,1,11,12,7,0.3148,0.336113,42.385972,4,1,6,0.327273,2
Romeo_and_Juliet,Romeo_and_Juliet,,9,11,20,9,11,20,7,0.290484,0.306029,1216.691967,0,1,6,0.106618,3
Sheffield,Sheffield,,20,39,59,20,39,59,6,0.344172,0.370909,4154.992869,0,1,6,0.12627,5
Top_of_the_Pops,Top_of_the_Pops,,6,18,24,6,18,24,6,0.317961,0.338916,3027.94039,4,1,6,0.183794,4
Oceanography,Oceanography,,13,23,36,13,23,36,7,0.334158,0.356453,1212.766551,7,1,6,0.181818,5
Walrus,Walrus,,9,15,24,9,15,24,7,0.297127,0.313546,1239.624621,2,1,6,0.120553,12
Arctic_Tern,Arctic_Tern,,5,31,36,5,31,36,7,0.332622,0.355441,6371.424038,2,1,6,0.149194,12
Cod,Cod,,14,13,27,14,13,27,7,0.307331,0.325299,2251.410802,2,1,6,0.155385,12
Common_Tern,Common_Tern,,2,14,16,2,14,16,7,0.308994,0.328257,76.454975,2,1,6,0.296703,12
Herring_Gull,Herring_Gull,,3,12,15,3,12,15,7,0.302447,0.320543,244.374054,2,1,6,0.28022,12
Tern,Tern,,8,13,21,8,13,21,7,0.299144,0.315185,2090.755385,2,1,6,0.216667,12
Coconut,Coconut,,28,35,63,28,35,63,7,0.329593,0.353758,8354.914148,11,1,6,0.058445,12
Faroe_Islands,Faroe_Islands,,36,34,70,36,34,70,7,0.33254,0.357401,12943.700983,10,1,6,0.145355,5
Argan,Argan,,1,9,10,1,9,10,8,0.287661,0.303387,13.624976,11,1,6,0.277778,12
Cactus,Cactus,,10,35,45,10,35,45,7,0.340844,0.366914,2823.079242,2,1,6,0.110188,12
Diego_Maradona,Diego_Maradona,,5,19,24,5,19,24,7,0.312206,0.332329,375.550348,6,1,6,0.155263,11
FIFA_World_Cup,FIFA_World_Cup,,24,41,65,24,41,65,7,0.345227,0.373588,3484.119438,6,1,6,0.224242,4
Hawk,Hawk,,22,11,33,22,11,33,8,0.285152,0.300657,11816.758143,2,1,6,0.165025,12
Jackal,Jackal,,7,13,20,7,13,20,7,0.303625,0.32312,10185.77065,2,1,6,0.178363,12
Lima,Lima,,16,16,32,16,16,32,7,0.306889,0.326351,1041.872031,6,1,6,0.148148,5
Mestizo,Mestizo,,30,59,89,30,59,89,7,0.346703,0.376065,6909.572034,6,1,6,0.179276,5
Orca,Orca,,16,41,57,16,41,57,7,0.330184,0.354875,7723.218819,2,1,6,0.129804,12
Right_whale,Right_whale,,2,32,34,2,32,34,7,0.328952,0.352936,295.000756,2,1,6,0.148674,12
Saxophone,Saxophone,,16,17,33,16,17,33,7,0.318811,0.339379,3565.301149,4,1,6,0.092593,2
Sugarcane,Sugarcane,,26,36,62,26,36,62,7,0.334351,0.35959,5082.176703,11,1,6,0.094613,12
Tennis,Tennis,,79,40,119,79,40,119,7,0.339873,0.366443,69476.249744,12,1,6,0.089035,4
Trout,Trout,,16,12,28,16,12,28,7,0.322591,0.343683,2181.877634,2,1,6,0.134921,12
Tungsten,Tungsten,,32,35,67,32,35,67,7,0.319313,0.342851,9046.054085,7,1,6,0.166558,12
Volleyball,Volleyball,,30,13,43,30,13,43,7,0.319968,0.341774,1273.14154,6,1,6,0.14305,4
Fluorine,Fluorine,,28,35,63,28,35,63,7,0.309655,0.332448,2006.178052,7,1,6,0.244557,12
Xenon,Xenon,,50,29,79,50,29,79,7,0.302019,0.322167,1959.182201,7,1,6,0.201632,12
Argyle_diamond_mine,Argyle_diamond_mine,,2,13,15,2,13,15,7,0.303739,0.321282,4670.686037,7,1,6,0.197802,5
Continental_crust,Continental_crust,,13,5,18,13,5,18,7,0.28104,0.2953,387.425366,7,1,6,0.247619,5
Material_properties_of_diamond,Material_properties_of_diamond,,4,28,32,4,28,32,7,0.323079,0.344819,6521.497519,7,1,6,0.155172,12
Rio_Tinto_Group,Rio_Tinto_Group,,1,20,21,1,20,21,7,0.314727,0.335124,97.418052,7,1,6,0.185714,10
Volcanic_pipe,Volcanic_pipe,,2,10,12,2,10,12,7,0.300675,0.317667,50.446072,7,1,6,0.2,5
Beirut,Beirut,,19,43,62,19,43,62,7,0.340672,0.367582,1864.350357,1,1,6,0.215909,5
Logistics,Logistics,,10,8,18,10,8,18,7,0.287906,0.303315,3766.514714,10,1,6,0.040441,10
Aristarchus_%28crater%29,Aristarchus_%28crater%29,,1,11,12,1,11,12,7,0.290505,0.30665,18.181415,7,1,6,0.181818,12
Elementary_arithmetic,Elementary_arithmetic,,1,6,7,1,6,7,8,0.263606,0.276787,19.298663,9,1,6,0.466667,6
Fundamental_theorem_of_arithmetic,Fundamental_theorem_of_arithmetic,,4,3,7,4,3,7,8,0.254936,0.265096,4.398575,9,1,6,0.5,6
Prime_number,Prime_number,,12,16,28,12,16,28,7,0.316867,0.336857,13690.830322,9,1,6,0.121212,6
Rabbit,Rabbit,,22,11,33,22,11,33,7,0.291466,0.307061,3190.591931,2,1,6,0.089718,12
List_of_monarchs_in_the_British_Isles,List_of_monarchs_in_the_British_Isles,,4,64,68,4,64,68,7,0.321414,0.348562,2016.677317,0,1,6,0.136131,11
Behistun_Inscription,Behistun_Inscription,,4,17,21,4,17,21,7,0.319842,0.341079,235.798667,1,1,6,0.138095,0
Bhutan,Bhutan,,45,49,94,45,49,94,7,0.339247,0.366192,10296.741461,8,1,6,0.119487,9
Deluge_%28mythology%29,Deluge_%28mythology%29,,11,30,41,11,30,41,7,0.311606,0.333687,7552.685309,1,1,6,0.098516,14
Interpol,Interpol,,13,191,204,13,191,204,6,0.371756,0.413797,9202.322623,5,1,6,0.134595,7
Nagorno-Karabakh_War,Nagorno-Karabakh_War,,2,34,36,2,34,36,7,0.328392,0.352644,106.782426,10,1,6,0.280749,0
Saint-Pierre_and_Miquelon,Saint-Pierre_and_Miquelon,,20,16,36,20,16,36,7,0.312688,0.333591,489.983599,5,1,6,0.366387,5
Saint_Lucia,Saint_Lucia,,42,21,63,42,21,63,7,0.322745,0.345174,3800.293377,5,1,6,0.215064,9
Vladimir_Lenin,Vladimir_Lenin,,50,37,87,50,37,87,6,0.340072,0.366247,8703.392444,10,1,6,0.113978,11
Woodrow_Wilson,Woodrow_Wilson,,43,45,88,43,45,88,7,0.329835,0.356213,8999.439803,3,1,6,0.101261,11
Armia_Krajowa,Armia_Krajowa,,7,14,21,7,14,21,7,0.301682,0.321085,1884.355787,10,1,6,0.3875,11
Witold_Pilecki,Witold_Pilecki,,3,17,20,3,17,20,7,0.301794,0.321334,74.30924,10,1,6,0.438596,11
Weight_training,Weight_training,,3,12,15,3,12,15,7,0.297979,0.315319,256.566689,11,1,6,0.070513,12
Arp2_3_complex,Arp2_3_complex,,0,7,7,0,7,7,8,0.27458,0.288932,0,11,1,53,0.214286,12
Ars_moriendi,Ars_moriendi,,1,13,14,1,13,14,7,0.304035,0.323427,23.867368,0,1,6,0.301282,0
Arsenal_F.C.,Arsenal_F.C.,,11,21,32,11,21,32,7,0.326751,0.348473,4176.999275,0,1,6,0.18661,4
Chelsea_F.C.,Chelsea_F.C.,,10,22,32,10,22,32,7,0.321746,0.34341,4822.413924,0,1,6,0.229231,4
Douglas_Adams,Douglas_Adams,,15,29,44,15,29,44,7,0.324814,0.34605,5242.292176,4,1,6,0.05,11
Liverpool_F.C.,Liverpool_F.C.,,12,10,22,12,10,22,7,0.302312,0.321342,485.214786,0,1,6,0.205882,4
Manchester_United_F.C.,Manchester_United_F.C.,,20,21,41,20,21,41,6,0.323854,0.346279,17499.122076,0,1,6,0.169892,4
The_Hitchhiker%27s_Guide_to_the_Galaxy,The_Hitchhiker%27s_Guide_to_the_Galaxy,,7,26,33,7,26,33,7,0.340186,0.36391,1893.080072,13,1,6,0.13871,3
Tottenham_Hotspur_F.C.,Tottenham_Hotspur_F.C.,,8,13,21,8,13,21,7,0.306657,0.325757,309.555024,0,1,6,0.258333,4
Buddhist_art,Buddhist_art,,5,41,46,5,41,46,7,0.316719,0.340689,658.165922,8,1,6,0.189746,13
Canberra,Canberra,,21,37,58,21,37,58,6,0.335791,0.361663,13888.651983,12,1,6,0.140271,5
Barnacle,Barnacle,,6,13,19,6,13,19,7,0.299498,0.31661,538.619741,2,1,6,0.137255,12
Coconut_crab,Coconut_crab,,3,33,36,3,33,36,7,0.321083,0.343886,1046.810304,2,1,6,0.083333,12
Arthur_Ernest_Percival,Arthur_Ernest_Percival,,1,32,33,1,32,33,7,0.339189,0.364717,30.768052,10,1,54,0.202652,11
Battle_of_the_Somme_%281916%29,Battle_of_the_Somme_%281916%29,,9,17,26,9,17,26,7,0.319767,0.340397,483.860068,10,1,6,0.233766,0
Order_of_the_Bath,Order_of_the_Bath,,15,31,46,15,31,46,7,0.327173,0.350991,1613.354878,0,1,6,0.150987,0
Tank,Tank,,28,22,50,28,22,50,7,0.326619,0.349287,6426.616909,10,1,6,0.10511,0
Arthur_Sullivan,Arthur_Sullivan,,6,24,30,6,24,30,7,0.307191,0.327167,10091.176821,4,1,6,0.085979,11
Bassoon,Bassoon,,7,14,21,7,14,21,8,0.278109,0.292881,311.89806,4,1,6,0.180147,2
Clarinet,Clarinet,,19,14,33,19,14,33,7,0.301637,0.321079,2095.758855,4,1,6,0.115385,2
Rudyard_Kipling,Rudyard_Kipling,,22,45,67,22,45,67,7,0.344201,0.371412,13862.457287,0,1,6,0.088418,11
Second_Boer_War,Second_Boer_War,,35,28,63,35,28,63,7,0.326988,0.351176,10814.372823,5,1,6,0.116836,0
The_Absent-Minded_Beggar,The_Absent-Minded_Beggar,,1,3,4,1,3,4,8,0.266465,0.278965,7.025596,4,1,6,0.333333,3
The_Merchant_of_Venice,The_Merchant_of_Venice,,3,20,23,3,20,23,7,0.305985,0.324954,486.374127,0,1,6,0.116667,3
Tower_of_London,Tower_of_London,,36,45,81,36,45,81,7,0.339816,0.366159,21141.585052,0,1,6,0.092072,8
Walter_Scott,Walter_Scott,,18,17,35,18,17,35,7,0.31588,0.337223,2300.969485,0,1,6,0.113978,11
Arthur_Upfield,Arthur_Upfield,,0,9,9,0,9,9,7,0.303882,0.321517,0,12,1,55,0.25,11
Arthur_Wellesley%2C_1st_Duke_of_Wellington,Arthur_Wellesley%2C_1st_Duke_of_Wellington,,24,43,67,24,43,67,7,0.331074,0.356546,3754.949089,0,1,6,0.12332,11
Battle_of_Jutland,Battle_of_Jutland,,7,11,18,7,11,18,7,0.295956,0.313332,260.562665,0,1,6,0.15,0
Isle_of_Wight,Isle_of_Wight,,23,36,59,23,36,59,7,0.329085,0.353068,17658.950594,0,1,6,0.104533,5
Liverpool_and_Manchester_Railway,Liverpool_and_Manchester_Railway,,8,10,18,8,10,18,7,0.303352,0.321956,1377.350814,0,1,6,0.185897,8
Robert_Peel,Robert_Peel,,18,30,48,18,30,48,7,0.316323,0.339513,1213.799733,0,1,6,0.245495,0
St_Paul%27s_Cathedral,St_Paul%27s_Cathedral,,20,28,48,20,28,48,7,0.322694,0.345832,6349.825307,0,1,6,0.104268,8
Trafalgar_Square,Trafalgar_Square,,15,37,52,15,37,52,6,0.338907,0.36457,9255.301449,0,1,6,0.124031,5
Arts_and_crafts,Arts_and_crafts,,2,12,14,2,12,14,7,0.286461,0.301942,382.725177,7,1,6,0.093407,13
Woodworking,Woodworking,,5,10,15,5,10,15,7,0.298857,0.316762,267.216522,7,1,6,0.133333,8
Netherlands_Antilles,Netherlands_Antilles,,23,41,64,23,41,64,7,0.337636,0.364523,1748.063187,6,1,6,0.221178,9
Arugula,Arugula,,4,8,12,4,8,12,7,0.29218,0.307295,85.039615,11,1,6,0.118182,4
Basil,Basil,,16,17,33,16,17,33,7,0.308242,0.328452,885.669754,11,1,6,0.24086,12
Lettuce,Lettuce,,4,20,24,4,20,24,7,0.33391,0.35686,4409.792721,11,1,6,0.110672,12
Mustard_plant,Mustard_plant,,7,14,21,7,14,21,7,0.325466,0.346783,5499.126264,11,1,6,0.114035,12
Ascariasis,Ascariasis,,1,18,19,1,18,19,7,0.31836,0.339575,389.627903,2,1,6,0.107843,12
Epazote,Epazote,,11,45,56,11,45,56,7,0.322309,0.346387,764.894672,11,1,6,0.203014,12
Riyadh,Riyadh,,7,7,14,7,7,14,7,0.288049,0.303911,170.970522,1,1,6,0.25,5
Trichinosis,Trichinosis,,6,3,9,6,3,9,7,0.292581,0.308344,340.141128,2,1,6,0.089286,12
Colombo,Colombo,,10,17,27,10,17,27,7,0.314776,0.334937,490.105861,8,1,6,0.15,5
Epic_of_Gilgamesh,Epic_of_Gilgamesh,,10,9,19,10,9,19,8,0.275333,0.290257,407.852303,1,1,6,0.21978,3
Hanoi,Hanoi,,12,17,29,12,17,29,7,0.304675,0.323529,519.419827,8,1,6,0.165,5
Japanese_yen,Japanese_yen,,13,27,40,13,27,40,7,0.334075,0.357945,2646.678632,7,1,6,0.152381,10
Macau,Macau,,32,45,77,32,45,77,7,0.335152,0.363054,4607.514921,8,1,6,0.137762,5
Muscat%2C_Oman,Muscat%2C_Oman,,5,29,34,5,29,34,7,0.322591,0.34658,422.535497,1,1,6,0.203629,5
Pyongyang,Pyongyang,,7,14,21,7,14,21,7,0.299896,0.318271,81.357038,8,1,6,0.251634,5
Rabindranath_Tagore,Rabindranath_Tagore,,12,65,77,12,65,77,7,0.35819,0.388109,6748.052042,8,1,6,0.097384,11
Seoul,Seoul,,30,60,90,30,60,90,7,0.351727,0.381412,4574.741142,8,1,6,0.155965,5
Sikhism,Sikhism,,29,25,54,29,25,54,7,0.331399,0.354512,5349.872852,8,1,6,0.165125,14
Taipei,Taipei,,20,65,85,20,65,85,7,0.339133,0.366893,6138.550699,8,1,6,0.080711,5
Toy,Toy,,12,37,49,12,37,49,7,0.339133,0.363865,12031.826424,13,1,6,0.081207,4
Asp_%28reptile%29,Asp_%28reptile%29,,1,8,9,1,8,9,8,0.289044,0.305042,17.736009,1,1,56,0.319444,12
Asparagus,Asparagus,,5,17,22,5,17,22,7,0.326883,0.348555,545.636807,11,1,6,0.161905,4
Autism,Autism,,10,23,33,10,23,33,7,0.329728,0.353049,1975.98169,9,1,6,0.10322,12
Sleep,Sleep,,9,11,20,9,11,20,7,0.311678,0.329862,966.287334,2,1,6,0.215686,4
Tourette_syndrome,Tourette_syndrome,,3,15,18,3,15,18,7,0.291361,0.308268,9623.115198,11,1,6,0.069853,12
Astatine,Astatine,,7,15,22,7,15,22,7,0.288932,0.306072,206.616528,7,1,6,0.415441,12
Isaac_Asimov,Isaac_Asimov,,16,35,51,16,35,51,7,0.335846,0.360194,10713.055147,9,1,6,0.058742,11
Polonium,Polonium,,15,25,40,15,25,40,7,0.302379,0.322154,1105.234722,7,1,6,0.23908,12
Comet_Shoemaker-Levy_9,Comet_Shoemaker-Levy_9,,8,27,35,8,27,35,7,0.310034,0.330619,2266.699158,7,1,6,0.15977,12
Carl_Sagan,Carl_Sagan,,13,46,59,13,46,59,6,0.341102,0.367579,10309.923487,7,1,6,0.099057,11
Francis_Bacon,Francis_Bacon,,16,21,37,16,21,37,7,0.322232,0.34383,1986.659488,9,1,6,0.102273,11
Big_Bang,Big_Bang,,31,46,77,31,46,77,7,0.320171,0.344282,22094.133923,7,1,6,0.13247,12
Cosmic_inflation,Cosmic_inflation,,11,19,30,11,19,30,7,0.289014,0.305946,872.167173,7,1,6,0.214286,12
Crab_Nebula,Crab_Nebula,,2,19,21,2,19,21,7,0.29628,0.314331,60.942377,7,1,6,0.302381,12
Fermi_paradox,Fermi_paradox,,3,32,35,3,32,35,7,0.320297,0.342229,450.768,7,1,6,0.114583,12
Hubble%27s_law,Hubble%27s_law,,7,14,21,7,14,21,7,0.284232,0.30063,82.108239,7,1,6,0.480952,12
Metric_expansion_of_space,Metric_expansion_of_space,,7,19,26,7,19,26,7,0.30456,0.322102,581.446691,7,1,6,0.276316,12
Open_cluster,Open_cluster,,8,18,26,8,18,26,7,0.298923,0.31666,564.842032,7,1,6,0.313853,12
Planetary_nebula,Planetary_nebula,,8,27,35,8,27,35,7,0.299741,0.318697,5107.405736,7,1,6,0.260215,12
Red_giant,Red_giant,,11,9,20,11,9,20,7,0.291928,0.308232,1505.382362,7,1,6,0.3125,12
Uranus,Uranus,,17,34,51,17,34,51,7,0.326462,0.34887,3494.273028,7,1,6,0.186411,12
Astrophysics_Data_System,Astrophysics_Data_System,,0,36,36,0,36,36,7,0.344872,0.370958,0,13,1,57,0.147619,12
Boolean_logic,Boolean_logic,,4,8,12,4,8,12,7,0.289633,0.305178,4834.023757,9,1,6,0.133333,6
Fedora_Core,Fedora_Core,,5,8,13,5,8,13,7,0.274997,0.288588,516.053842,13,1,6,0.136364,1
Pleiades_%28star_cluster%29,Pleiades_%28star_cluster%29,,6,33,39,6,33,39,7,0.329513,0.352914,6138.771465,7,1,6,0.109524,12
TeX,TeX,,7,20,27,7,20,27,7,0.312086,0.332948,4390.186666,13,1,6,0.108696,1
Asunci%C3%B3n,Asunci%C3%B3n,,6,12,18,6,12,18,7,0.305041,0.323749,41.162374,6,1,6,0.371429,5
Eagle,Eagle,,34,35,69,34,35,69,7,0.334544,0.359479,17719.562968,2,1,6,0.084347,12
Athanasius_Kircher,Athanasius_Kircher,,3,51,54,3,51,54,7,0.341591,0.368947,1380.350929,7,1,6,0.070755,11
Cat,Cat,,31,37,68,31,37,68,7,0.317562,0.340317,7293.72911,2,1,6,0.062748,12
Goose,Goose,,18,14,32,18,14,32,7,0.30157,0.319869,4473.983581,2,1,6,0.130769,12
Love,Love,,19,20,39,19,20,39,7,0.309963,0.329005,5869.701367,9,1,6,0.055556,4
Creationism,Creationism,,14,53,67,14,53,67,7,0.352951,0.380688,4865.242668,9,1,6,0.116999,14
Margaret_Sanger,Margaret_Sanger,,2,12,14,2,12,14,7,0.316299,0.336213,60.698357,9,1,6,0.159341,11
Attalus_I,Attalus_I,,2,12,14,2,12,14,7,0.301929,0.320793,129.676478,1,1,6,0.227273,11
Owl,Owl,,24,32,56,24,32,56,7,0.319741,0.341947,25623.357061,2,1,6,0.088435,12
Bogot%C3%A1,Bogot%C3%A1,,14,14,28,14,14,28,7,0.295869,0.314134,345.491036,6,1,6,0.193841,5
Skiing,Skiing,,22,23,45,22,23,45,7,0.329486,0.353577,2965.3489,3,1,6,0.165244,4
Calgary,Calgary,,13,26,39,13,26,39,7,0.327041,0.350671,1827.477636,3,1,6,0.187302,5
Gone_with_the_Wind_%28film%29,Gone_with_the_Wind_%28film%29,,10,27,37,10,27,37,7,0.330939,0.355409,2968.344834,10,1,6,0.138146,4
National_Hockey_League,National_Hockey_League,,32,28,60,32,28,60,7,0.324476,0.347152,2825.507509,3,1,6,0.199359,4
Newcastle_upon_Tyne,Newcastle_upon_Tyne,,19,60,79,19,60,79,6,0.355334,0.38522,11273.776982,0,1,6,0.134585,5
Trinidad_and_Tobago,Trinidad_and_Tobago,,35,50,85,35,50,85,7,0.350935,0.379011,9359.864426,5,1,6,0.144953,9
Atlantic_Coast_Line_Railroad,Atlantic_Coast_Line_Railroad,,3,7,10,3,7,10,7,0.308477,0.326269,188.118025,3,1,6,0.311111,8
Belfast,Belfast,,30,19,49,30,19,49,7,0.324788,0.346787,2462.947062,0,1,6,0.088269,5
Georgetown%2C_Guyana,Georgetown%2C_Guyana,,3,14,17,3,14,17,7,0.322642,0.343856,571.312303,6,1,6,0.338095,5
Gothenburg,Gothenburg,,12,39,51,12,39,51,7,0.338256,0.364391,1706.493858,10,1,6,0.171498,5
Irish_Sea,Irish_Sea,,19,27,46,19,27,46,6,0.331453,0.354078,7609.632187,0,1,6,0.176923,5
Oslo,Oslo,,22,25,47,22,25,47,7,0.320348,0.343116,2035.66177,10,1,6,0.178049,5
Panama_Canal,Panama_Canal,,33,28,61,33,28,61,7,0.328153,0.352679,4075.319966,6,1,6,0.120545,8
Portsmouth,Portsmouth,,25,42,67,25,42,67,7,0.333388,0.35872,6918.653709,0,1,6,0.104123,5
RMS_Titanic,RMS_Titanic,,11,35,46,11,35,46,7,0.333663,0.358675,7938.948561,0,1,6,0.101626,0
Rockall,Rockall,,7,27,34,7,27,34,6,0.332159,0.355612,1167.23736,0,1,6,0.185057,5
Atlantic_herring,Atlantic_herring,,0,19,19,0,19,19,7,0.303382,0.32187,0,2,1,58,0.22807,12
Atlantis,Atlantis,,10,50,60,10,50,60,7,0.346496,0.374879,3422.692341,1,1,6,0.117794,14
Charles_Etienne_Brasseur_de_Bourbourg,Charles_Etienne_Brasseur_de_Bourbourg,,4,20,24,4,20,24,7,0.311367,0.332175,157.940976,1,1,6,0.126482,11
Santorini,Santorini,,8,30,38,8,30,38,7,0.32484,0.348249,1361.819979,1,1,6,0.184476,5
Caesium,Caesium,,20,33,53,20,33,53,7,0.307517,0.329387,6895.849976,7,1,6,0.194541,12
Lithium,Lithium,,23,39,62,23,39,62,7,0.33186,0.357666,3302.385071,7,1,6,0.19899,12
Promethium,Promethium,,8,16,24,8,16,24,7,0.298066,0.316637,281.565586,7,1,6,0.362573,12
Quark,Quark,,13,10,23,13,10,23,7,0.288397,0.303284,1188.576987,7,1,6,0.238971,12
Rubidium,Rubidium,,14,30,44,14,30,44,7,0.305294,0.326077,1022.955542,7,1,6,0.260317,12
Technetium,Technetium,,13,57,70,13,57,70,7,0.326883,0.353244,2216.671205,7,1,6,0.190532,12
Ununhexium,Ununhexium,,7,13,20,7,13,20,7,0.289737,0.30699,132.747547,7,1,6,0.390476,12
Hirohito,Hirohito,,7,26,33,7,26,33,7,0.333635,0.358352,585.127714,10,1,6,0.321429,11
Marshall_Islands,Marshall_Islands,,28,22,50,28,22,50,6,0.330912,0.354387,1380.343272,5,1,6,0.209756,5
First_Macedonian_War,First_Macedonian_War,,5,6,11,5,6,11,7,0.284391,0.299917,127.103646,1,1,6,0.333333,0
Cerebellum,Cerebellum,,7,19,26,7,19,26,7,0.298022,0.31591,2543.399896,11,1,6,0.091667,12
Mexico_City,Mexico_City,,54,36,90,54,36,90,7,0.330669,0.355705,6737.876396,6,1,6,0.103213,5
Augusta%2C_Lady_Gregory,Augusta%2C_Lady_Gregory,,1,23,24,1,23,24,7,0.318435,0.340154,295.2153,0,1,6,0.130435,11
William_Gladstone,William_Gladstone,,4,40,44,4,40,44,7,0.330588,0.357672,366.262101,0,1,6,0.127378,0
Augustan_literature,Augustan_literature,,2,51,53,2,51,53,7,0.328525,0.35509,7682.274557,0,1,6,0.084906,3
Colley_Cibber,Colley_Cibber,,7,14,21,7,14,21,7,0.298637,0.316875,2436.267514,0,1,6,0.195833,11
Jonathan_Wild,Jonathan_Wild,,1,11,12,1,11,12,7,0.291194,0.308854,7.83039,0,1,6,0.121212,11
Max_Weber,Max_Weber,,21,48,69,21,48,69,7,0.345403,0.373132,2930.014294,9,1,6,0.159016,11
Restoration_comedy,Restoration_comedy,,6,17,23,6,17,23,7,0.301996,0.320655,3031.375882,0,1,6,0.195906,3
Robinson_Crusoe,Robinson_Crusoe,,5,24,29,5,24,29,7,0.323543,0.347571,337.372412,0,1,6,0.124339,3
William_and_Mary,William_and_Mary,,8,4,12,8,4,12,8,0.253138,0.264493,50.737095,0,1,6,0.3,11
Auguste_Rodin,Auguste_Rodin,,8,16,24,8,16,24,7,0.297541,0.315465,2658.141349,4,1,6,0.114625,11
Oil_painting,Oil_painting,,7,10,17,7,10,17,7,0.296107,0.312074,384.238021,4,1,6,0.104762,13
Watercolor_painting,Watercolor_painting,,4,15,19,4,15,19,7,0.312616,0.333209,335.758777,4,1,6,0.096491,13
Autocracy,Autocracy,,17,6,23,17,6,23,7,0.281528,0.296881,248.040772,9,1,6,0.184211,7
Australian_Open,Australian_Open,,19,11,30,19,11,30,7,0.289035,0.303729,802.219981,12,1,6,0.311594,4
Christmas_Island,Christmas_Island,,21,36,57,21,36,57,7,0.332841,0.358406,9533.112579,5,1,6,0.245646,5
Cocos_%28Keeling%29_Islands,Cocos_%28Keeling%29_Islands,,18,24,42,18,24,42,7,0.332677,0.357386,841.32611,5,1,6,0.323212,5
Dingo,Dingo,,8,10,18,8,10,18,7,0.293939,0.308959,473.171949,2,1,6,0.295238,12
Emu,Emu,,8,15,23,8,15,23,7,0.304789,0.323124,7075.006453,2,1,6,0.147059,12
Flag_of_Australia,Flag_of_Australia,,3,13,16,3,13,16,7,0.308172,0.326482,353.805182,12,1,6,0.271429,5
Grand_Slam_%28tennis%29,Grand_Slam_%28tennis%29,,19,12,31,19,12,31,7,0.275689,0.289655,9331.04862,12,1,6,0.333333,4
Heard_Island_and_McDonald_Islands,Heard_Island_and_McDonald_Islands,,1,11,12,1,11,12,7,0.317239,0.336382,295.307096,7,1,6,0.209091,5
Kangaroo,Kangaroo,,16,21,37,16,21,37,7,0.32458,0.345273,8381.942829,2,1,6,0.137311,12
Kookaburra,Kookaburra,,3,6,9,3,6,9,7,0.281352,0.294906,289.647897,2,1,6,0.5,12
Multiculturalism,Multiculturalism,,21,54,75,21,54,75,6,0.346733,0.375502,15820.005125,9,1,6,0.13354,7
Netball,Netball,,10,15,25,10,15,25,7,0.322874,0.344411,657.24153,5,1,6,0.205628,4
New_Caledonia,New_Caledonia,,24,32,56,24,32,56,7,0.330346,0.354256,4153.474238,5,1,6,0.168363,5
Norfolk_Island,Norfolk_Island,,10,32,42,10,32,42,7,0.326251,0.350634,1461.030059,5,1,6,0.110897,5
Platypus,Platypus,,8,26,34,8,26,34,7,0.324372,0.34487,7997.422232,2,1,6,0.151613,12
Wombat,Wombat,,4,11,15,4,11,15,7,0.292771,0.30744,316.016297,2,1,6,0.203297,12
WorkChoices,WorkChoices,,2,1,3,2,1,3,7,0.264449,0.276036,12.013291,12,1,6,0,0
Fauna_of_Australia,Fauna_of_Australia,,2,72,74,2,72,74,7,0.331697,0.360075,20699.623925,2,1,6,0.077379,12
Tree_frog,Tree_frog,,4,9,13,4,9,13,7,0.301099,0.317666,46.010308,2,1,6,0.287879,12
The_Championships%2C_Wimbledon,The_Championships%2C_Wimbledon,,19,17,36,19,17,36,7,0.296475,0.313853,12156.13529,12,1,6,0.336842,4
U.S._Open_%28tennis%29,U.S._Open_%28tennis%29,,17,10,27,17,10,27,7,0.27612,0.290305,1299.635805,12,1,6,0.419118,4
Australian_Ringneck,Australian_Ringneck,,0,7,7,0,7,7,7,0.2825,0.296483,0,2,1,59,0.428571,12
Australian_constitutional_law,Australian_constitutional_law,,0,19,19,0,19,19,7,0.301084,0.321774,0,3,1,60,0.152047,5
Canadian_Charter_of_Rights_and_Freedoms,Canadian_Charter_of_Rights_and_Freedoms,,7,19,26,7,19,26,7,0.312038,0.332896,962.512742,9,1,6,0.201581,7
Canadian_Senate,Canadian_Senate,,11,13,24,11,13,24,7,0.314532,0.333998,918.22118,3,1,6,0.242105,7
Election,Election,,37,30,67,37,30,67,7,0.331263,0.355137,4516.583852,9,1,6,0.091803,7
United_States_Bill_of_Rights,United_States_Bill_of_Rights,,18,20,38,18,20,38,7,0.320297,0.342039,3204.283275,3,1,6,0.182765,7
Guernsey,Guernsey,,25,33,58,25,33,58,7,0.331155,0.357392,10749.436775,0,1,6,0.173469,5
Nauru,Nauru,,28,35,63,28,35,63,7,0.332186,0.357974,3006.603828,5,1,6,0.140112,5
Neighbours,Neighbours,,3,14,17,3,14,17,7,0.311176,0.329969,573.957758,12,1,6,0.166667,4
Canaletto,Canaletto,,5,2,7,5,2,7,8,0.264259,0.275535,71.703212,0,1,6,0.119048,11
Konrad_Lorenz,Konrad_Lorenz,,5,16,21,5,16,21,7,0.313899,0.333984,1682.561547,10,1,6,0.22807,11
Computer_programming,Computer_programming,,10,10,20,10,10,20,8,0.259938,0.27267,536.286177,13,1,6,0.154971,1
Palace_of_Westminster,Palace_of_Westminster,,31,39,70,31,39,70,7,0.324762,0.35056,10542.843147,0,1,6,0.125704,8
Formula_One,Formula_One,,24,84,108,24,84,108,7,0.359302,0.392758,15972.648236,10,1,6,0.188273,4
Karl_Benz,Karl_Benz,,4,11,15,4,11,15,7,0.308102,0.326082,344.011711,3,1,6,0.219697,11
Autobianchi_Primula,Autobianchi_Primula,,0,2,2,0,2,2,8,0.267057,0.279423,0,10,1,61,0,12
Mini,Mini,,4,9,13,4,9,13,7,0.29833,0.315173,649.589018,0,1,6,0.136364,8
Data_Encryption_Standard,Data_Encryption_Standard,,4,5,9,4,5,9,7,0.296692,0.313822,82.681973,9,1,6,0.25,1
Jersey,Jersey,,34,33,67,34,33,67,7,0.339873,0.365867,12471.138338,0,1,6,0.138312,5
Speech_synthesis,Speech_synthesis,,3,12,15,3,12,15,7,0.293917,0.311079,762.552273,13,1,6,0.071429,1
Automatic_number_plate_recognition,Automatic_number_plate_recognition,,0,20,20,0,20,20,6,0.331942,0.354665,0,12,1,62,0.157895,8
Nineteen_Eighty-Four,Nineteen_Eighty-Four,,8,47,55,8,47,55,7,0.349453,0.378053,2672.269553,10,1,6,0.166183,3
Santiago%2C_Chile,Santiago%2C_Chile,,18,16,34,18,16,34,7,0.306889,0.326109,914.908556,6,1,6,0.202279,5
Henry_Ford,Henry_Ford,,10,11,21,10,11,21,7,0.310532,0.329737,479.363032,3,1,6,0.122807,11
MINI_%28BMW%29,MINI_%28BMW%29,,2,6,8,2,6,8,7,0.316669,0.335568,542.58741,3,1,6,0.333333,8
Autostereogram,Autostereogram,,1,5,6,1,5,6,8,0.247724,0.257068,0,13,1,63,0.25,12
Lens_%28anatomy%29,Lens_%28anatomy%29,,8,5,13,8,5,13,8,0.253724,0.265272,532.874311,11,1,6,0.244444,12
Harvest,Harvest,,14,5,19,14,5,19,7,0.279163,0.292273,280.68784,11,1,6,0.055556,4
Avacha_Volcano,Avacha_Volcano,,1,7,8,1,7,8,7,0.289551,0.305578,9.793599,7,1,6,0.380952,5
Koryaksky,Koryaksky,,3,5,8,3,5,8,7,0.287253,0.302524,5135.375611,7,1,6,0.4,5
Mount_Everest,Mount_Everest,,19,28,47,19,28,47,7,0.336823,0.359906,6841.13989,8,1,6,0.123044,5
Avatar__The_Last_Airbender,Avatar__The_Last_Airbender,,1,3,4,1,3,4,7,0.289147,0.30519,6.928197,13,1,64,0.083333,4
Avocado,Avocado,,8,40,48,8,40,48,7,0.337918,0.36367,2931.859594,11,1,6,0.146733,12
Lemon,Lemon,,23,31,54,23,31,54,7,0.331588,0.355292,12006.28858,11,1,6,0.116559,12
Nahuatl_language,Nahuatl_language,,7,14,21,7,14,21,7,0.304263,0.322263,680.991233,6,1,6,0.195833,3
Avon_Gorge,Avon_Gorge,,3,18,21,3,18,21,7,0.305501,0.322951,713.008707,0,1,6,0.065359,5
Beeching_Axe,Beeching_Axe,,5,14,19,5,14,19,7,0.310794,0.33052,577.872445,0,1,6,0.216374,8
Clifton_Suspension_Bridge,Clifton_Suspension_Bridge,,4,9,13,4,9,13,7,0.299919,0.316914,84.65541,0,1,6,0.311111,8
Ice_age,Ice_age,,72,24,96,72,24,96,7,0.309607,0.328921,12421.376744,7,1,6,0.054598,5
Isambard_Kingdom_Brunel,Isambard_Kingdom_Brunel,,15,25,40,15,25,40,7,0.32591,0.350031,8108.160436,0,1,6,0.147899,11
Jackdaw,Jackdaw,,6,19,25,6,19,25,7,0.314654,0.335741,876.797508,2,1,6,0.178571,12
Pigeon,Pigeon,,9,24,33,9,24,33,7,0.32484,0.346642,3463.033891,2,1,6,0.119355,12
Weston-super-Mare,Weston-super-Mare,,3,12,15,3,12,15,7,0.314166,0.335538,180.381127,0,1,6,0.228571,5
Avro_Lancaster,Avro_Lancaster,,2,19,21,2,19,21,7,0.323776,0.345854,173.959378,10,1,6,0.257143,0
Blackpool,Blackpool,,6,9,15,6,9,15,7,0.303784,0.3207,207.530581,0,1,6,0.080952,5
Supermarine_Spitfire,Supermarine_Spitfire,,11,38,49,11,38,49,7,0.343327,0.369826,1371.874782,10,1,6,0.185024,0
Weapon,Weapon,,26,28,54,26,28,54,6,0.332677,0.356117,3832.2938,10,1,6,0.08716,0
Ayaan_Hirsi_Ali,Ayaan_Hirsi_Ali,,4,31,35,4,31,35,7,0.328552,0.35311,994.058349,1,1,6,0.184659,11
D%C3%BCsseldorf,D%C3%BCsseldorf,,11,28,39,11,28,39,7,0.333059,0.35924,2428.095484,10,1,6,0.183601,5
Jyllands-Posten_Muhammad_cartoons_controversy,Jyllands-Posten_Muhammad_cartoons_controversy,,2,31,33,2,31,33,7,0.331724,0.357072,77.278614,1,1,6,0.266129,0
Political_science,Political_science,,35,25,60,35,25,60,7,0.30101,0.321396,5320.627163,9,1,6,0.083508,7
Aye-aye,Aye-aye,,0,9,9,0,9,9,7,0.289891,0.305705,0,2,1,65,0.180556,12
London_Zoo,London_Zoo,,7,12,19,7,12,19,7,0.307098,0.324355,1070.257954,2,1,6,0.102941,5
Woodpecker,Woodpecker,,15,11,26,15,11,26,7,0.305662,0.323301,15174.024307,2,1,6,0.114719,12
Aymer_de_Valence%2C_2nd_Earl_of_Pembroke,Aymer_de_Valence%2C_2nd_Earl_of_Pembroke,,1,14,15,1,14,15,7,0.308453,0.328392,25.602946,0,1,6,0.291209,11
Edward_II_of_England,Edward_II_of_England,,13,12,25,13,12,25,7,0.309395,0.329506,5103.061783,0,1,6,0.223684,11
Henry_III_of_England,Henry_III_of_England,,19,13,32,19,13,32,7,0.296432,0.314963,368.48456,0,1,6,0.167692,11
Azerbaijani_people,Azerbaijani_people,,10,47,57,10,47,57,7,0.335041,0.362106,1146.612886,1,1,6,0.181373,5
Iranian_peoples,Iranian_peoples,,14,54,68,14,54,68,7,0.332077,0.359633,8789.917096,1,1,6,0.178531,5
Civil_society,Civil_society,,14,19,33,14,19,33,7,0.302244,0.321957,2845.359614,9,1,6,0.150575,7
Quetzalcoatl,Quetzalcoatl,,5,14,19,5,14,19,7,0.303125,0.320882,204.832242,6,1,6,0.186275,14
BASIC,BASIC,,2,5,7,2,5,7,7,0.269208,0.281875,174.838594,13,1,6,0.2,1
Channel_Islands,Channel_Islands,,28,33,61,28,33,61,7,0.337552,0.363672,4015.256798,0,1,6,0.164404,5
DVD,DVD,,63,4,67,63,4,67,7,0.264967,0.277517,617.118747,13,1,6,0.035897,1
EastEnders,EastEnders,,6,28,34,6,28,34,6,0.339873,0.364595,1287.234131,13,1,6,0.152874,4
John_Logie_Baird,John_Logie_Baird,,4,14,18,4,14,18,7,0.311152,0.331126,442.550555,13,1,6,0.1625,11
BBC_television_drama,BBC_television_drama,,5,31,36,5,31,36,7,0.331941,0.355922,9796.496414,13,1,6,0.16934,4
Sydney_Newman,Sydney_Newman,,2,15,17,2,15,17,7,0.308641,0.327506,161.248588,3,1,6,0.190476,11
The_Quatermass_Experiment,The_Quatermass_Experiment,,2,14,16,2,14,16,7,0.324632,0.346027,4624.221205,13,1,6,0.261905,4
Royal_Dutch_Shell,Royal_Dutch_Shell,,6,25,31,6,25,31,6,0.335291,0.358428,1036.859819,7,1,6,0.144089,10
BT_Tower,BT_Tower,,2,11,13,2,11,13,7,0.30333,0.321185,255.969546,0,1,6,0.173077,8
Company_%28law%29,Company_%28law%29,,7,7,14,7,7,14,7,0.311606,0.330407,603.997511,9,1,6,0.137363,10
Beriberi,Beriberi,,6,24,30,6,24,30,7,0.323337,0.346239,1398.4851,11,1,6,0.121693,12
Cyanocobalamin,Cyanocobalamin,,5,16,21,5,16,21,7,0.306889,0.325019,1269.869235,7,1,6,0.181287,12
Edema,Edema,,10,4,14,10,4,14,7,0.276214,0.288094,245.769296,11,1,6,0.054945,12
Pellagra,Pellagra,,6,9,15,6,9,15,7,0.304194,0.32335,543.614745,11,1,6,0.148352,12
Thiamine,Thiamine,,11,19,30,11,19,30,7,0.31077,0.330611,1539.110666,11,1,6,0.133598,12
Vitamin_D,Vitamin_D,,22,13,35,22,13,35,7,0.30265,0.319025,4281.260954,11,1,6,0.068966,12
Beaver,Beaver,,13,32,45,13,32,45,7,0.327808,0.351129,4241.68516,2,1,6,0.086527,12
Taj_Mahal,Taj_Mahal,,12,48,60,12,48,60,7,0.341102,0.368098,6393.780317,8,1,6,0.080844,5
Baby_Gender_Mentor,Baby_Gender_Mentor,,0,7,7,0,7,7,7,0.3053,0.323256,0,3,1,66,0.190476,12
Code_of_Hammurabi,Code_of_Hammurabi,,8,9,17,8,9,17,7,0.303489,0.321687,336.813465,1,1,6,0.25,0
Pythagorean_theorem,Pythagorean_theorem,,10,16,26,10,16,26,7,0.301502,0.320123,2424.274615,9,1,6,0.132035,6
Dice,Dice,,8,32,40,8,32,40,7,0.327728,0.351156,3386.491555,1,1,6,0.09985,4
Ivory,Ivory,,27,19,46,27,19,46,7,0.311606,0.332689,4513.715193,5,1,6,0.053426,12
Enzyme_kinetics,Enzyme_kinetics,,2,11,13,2,11,13,8,0.269512,0.284057,49.986276,11,1,6,0.381818,12
Insulin,Insulin,,9,28,37,9,28,37,7,0.32432,0.347022,4415.906487,11,1,6,0.091597,12
Lyme_disease,Lyme_disease,,5,25,30,5,25,30,7,0.336655,0.36021,1198.700941,11,1,6,0.155271,12
Baden-Powell_House,Baden-Powell_House,,0,8,8,0,8,8,7,0.295511,0.312265,0,0,1,67,0.178571,7
Robert_Baden-Powell%2C_1st_Baron_Baden-Powell,Robert_Baden-Powell%2C_1st_Baron_Baden-Powell,,6,20,26,6,20,26,7,0.325022,0.348516,520.955591,5,1,6,0.172101,7
Scouting,Scouting,,18,54,72,18,54,72,7,0.355147,0.38415,5469.233725,10,1,6,0.148595,7
Badger,Badger,,9,14,23,9,14,23,7,0.307844,0.325502,3221.229205,2,1,6,0.12987,12
Rabies,Rabies,,15,29,44,15,29,44,7,0.338765,0.362969,3356.140888,2,1,6,0.103205,12
Vole,Vole,,6,15,21,6,15,21,7,0.311152,0.331893,578.843394,2,1,6,0.185714,12
Weasel,Weasel,,8,8,16,8,8,16,8,0.289282,0.30489,161.178415,2,1,6,0.229167,12
Iraq_War,Iraq_War,,22,57,79,22,57,79,7,0.344201,0.372959,2808.395387,10,1,6,0.15045,0
Bahamas,Bahamas,,0,27,27,0,27,27,7,0.32699,0.350582,0,3,1,68,0.188034,9
Tupac_Shakur,Tupac_Shakur,,4,18,22,4,18,22,7,0.315929,0.337102,421.821159,3,1,6,0.123684,11
Baker_Island,Baker_Island,,5,9,14,5,9,14,7,0.318686,0.337998,858.068796,3,1,6,0.401515,5
Howland_Island,Howland_Island,,4,10,14,4,10,14,7,0.315462,0.334937,980.340513,3,1,6,0.280303,5
Bald_Eagle,Bald_Eagle,,6,29,35,6,29,35,7,0.329942,0.352502,15358.65259,2,1,6,0.154356,12
Golden_Eagle,Golden_Eagle,,8,29,37,8,29,37,7,0.330831,0.355578,1571.409391,2,1,6,0.163993,12
Osprey,Osprey,,5,24,29,5,24,29,7,0.332241,0.355419,2183.722339,2,1,6,0.164021,12
Snow_Goose,Snow_Goose,,3,13,16,3,13,16,7,0.316966,0.335811,395.710585,2,1,6,0.238095,12
Swan,Swan,,10,26,36,10,26,36,7,0.326304,0.349571,4250.611514,2,1,6,0.146169,12
Helsinki,Helsinki,,20,48,68,20,48,68,7,0.331996,0.359701,4730.950805,10,1,6,0.120307,5
Cleveland%2C_Ohio,Cleveland%2C_Ohio,,27,38,65,27,38,65,6,0.337327,0.363061,4605.857423,3,1,6,0.092655,5
Rail_transport,Rail_transport,,36,44,80,36,44,80,6,0.350844,0.3781,10432.464986,3,1,6,0.108168,8
Thunderstorm,Thunderstorm,,19,7,26,19,7,26,7,0.308759,0.326725,467.190384,7,1,6,0.1,5
Niger_River,Niger_River,,17,20,37,17,20,37,7,0.314849,0.336331,974.120268,5,1,6,0.171182,5
Bangalore,Bangalore,,13,37,50,13,37,50,7,0.328419,0.353133,6012.49471,8,1,6,0.100483,5
Chennai,Chennai,,18,45,63,18,45,63,7,0.331588,0.357989,2948.805151,8,1,6,0.118855,5
Economy_of_India,Economy_of_India,,9,40,49,9,40,49,7,0.341217,0.36701,992.003187,8,1,6,0.138298,10
Indian_Railways,Indian_Railways,,9,24,33,9,24,33,7,0.318061,0.339895,5745.640821,8,1,6,0.186508,8
Indian_Standard_Time,Indian_Standard_Time,,15,13,28,15,13,28,7,0.303898,0.321167,5396.889274,8,1,6,0.20751,5
Indian_cricket_team,Indian_cricket_team,,5,17,22,5,17,22,7,0.30587,0.325667,4940.786711,8,1,6,0.207602,4
Indian_independence_movement,Indian_independence_movement,,26,53,79,26,53,79,7,0.349272,0.379272,8554.264154,8,1,6,0.136217,7
Kolkata,Kolkata,,27,30,57,27,30,57,7,0.319994,0.34348,9867.007653,8,1,6,0.120124,5
Mumbai,Mumbai,,41,57,98,41,57,98,7,0.342775,0.370408,20439.998958,8,1,6,0.064006,5
Stem_cell,Stem_cell,,5,7,12,5,7,12,7,0.308547,0.326171,623.615571,11,1,6,0.136364,12
Sheikh_Mujibur_Rahman,Sheikh_Mujibur_Rahman,,2,20,22,2,20,22,7,0.328658,0.351437,138.246394,8,1,6,0.216667,11
Soils_retrogression_and_degradation,Soils_retrogression_and_degradation,,4,11,15,4,11,15,7,0.295438,0.311926,998.815665,7,1,6,0.225275,5
Bank_of_China_%28Hong_Kong%29,Bank_of_China_%28Hong_Kong%29,,0,11,11,0,11,11,7,0.308131,0.327341,0,8,1,69,0.445455,10
Renminbi,Renminbi,,12,15,27,12,15,27,7,0.300831,0.319052,406.208341,8,1,6,0.207143,10
List_of_circulating_currencies,List_of_circulating_currencies,,8,236,244,8,236,244,6,0.375509,0.421867,5069.380875,5,1,6,0.114529,10
Stock,Stock,,12,13,25,12,13,25,7,0.317961,0.337842,1310.538556,9,1,6,0.144928,10
Banksy,Banksy,,1,11,12,1,11,12,7,0.301749,0.319926,207.189488,0,1,6,0.154545,11
Christina_Aguilera,Christina_Aguilera,,5,34,39,5,34,39,7,0.34073,0.366439,1239.901792,4,1,6,0.147898,11
Union_Flag,Union_Flag,,13,30,43,13,30,43,7,0.336459,0.362204,1433.418297,0,1,6,0.194444,5
Barack_Obama,Barack_Obama,,1,48,49,1,48,49,7,0.336013,0.36291,241.692571,3,1,6,0.116578,11
Cinema_of_the_United_States,Cinema_of_the_United_States,,13,30,43,13,30,43,7,0.323131,0.345246,46651.08671,13,1,6,0.098077,4
Music_of_Barbados,Music_of_Barbados,,6,16,22,6,16,22,7,0.292729,0.309605,2026.616149,4,1,6,0.121053,2
Saint_Vincent_and_the_Grenadines,Saint_Vincent_and_the_Grenadines,,30,17,47,30,17,47,7,0.322437,0.344368,3431.315984,5,1,6,0.2,9
Barbara_McClintock,Barbara_McClintock,,6,12,18,6,12,18,7,0.316892,0.336458,676.453207,3,1,6,0.166667,11
John_von_Neumann,John_von_Neumann,,16,40,56,16,40,56,7,0.331074,0.355364,16206.506259,9,1,6,0.085106,11
Barbary_Lion,Barbary_Lion,,1,18,19,1,18,19,7,0.311798,0.332892,88.905689,2,1,6,0.222222,12
Cape_Lion,Cape_Lion,,2,10,12,2,10,12,7,0.301278,0.319895,20.028959,2,1,6,0.309091,12
Barbary_Macaque,Barbary_Macaque,,1,16,17,1,16,17,7,0.312881,0.333199,63.608066,2,1,6,0.233333,12
Castra,Castra,,5,10,15,5,10,15,7,0.302402,0.321261,166.620527,0,1,6,0.327273,0
Hannibal_Barca,Hannibal_Barca,,4,21,25,4,21,25,7,0.31305,0.335089,1999.800367,1,1,6,0.108333,11
Montevideo,Montevideo,,9,20,29,9,20,29,7,0.327305,0.350732,283.134532,6,1,6,0.32971,5
Tel_Aviv,Tel_Aviv,,20,26,46,20,26,46,7,0.316991,0.338798,1742.712544,1,1,6,0.114114,5
Bran,Bran,,7,12,19,7,12,19,7,0.316793,0.336097,257.814813,11,1,6,0.328571,4
Barn_Owl,Barn_Owl,,2,13,15,2,13,15,7,0.303239,0.320703,137.939964,2,1,6,0.301282,12
Eurasian_Eagle_Owl,Eurasian_Eagle_Owl,,2,14,16,2,14,16,8,0.308125,0.327347,113.072994,2,1,6,0.302198,12
Caravaggio,Caravaggio,,8,16,24,8,16,24,7,0.300074,0.31905,955.407561,4,1,6,0.123377,11
Christopher_Wren,Christopher_Wren,,17,35,52,17,35,52,7,0.334682,0.359131,8877.137001,0,1,6,0.101295,11
Dido_and_Aeneas,Dido_and_Aeneas,,5,12,17,5,12,17,7,0.289737,0.307038,476.553519,0,1,6,0.262821,3
Johann_Pachelbel,Johann_Pachelbel,,2,23,25,2,23,25,7,0.324892,0.348286,279.111505,4,1,6,0.250988,11
Rococo,Rococo,,20,22,42,20,22,42,7,0.323466,0.34582,3590.942475,4,1,6,0.142063,8
Barracuda,Barracuda,,1,13,14,1,13,14,7,0.299299,0.315642,13.845446,2,1,6,0.181319,12
Tuna,Tuna,,17,12,29,17,12,29,7,0.312399,0.331233,1884.911923,2,1,6,0.132479,12
Philosophy_of_mind,Philosophy_of_mind,,11,34,45,11,34,45,7,0.31816,0.339877,11258.066489,9,1,6,0.153627,14
Jackie_Robinson,Jackie_Robinson,,5,7,12,5,7,12,7,0.279182,0.2941,9246.472461,3,1,6,0.1,11
Old_Swiss_Confederacy,Old_Swiss_Confederacy,,3,9,12,3,9,12,7,0.284312,0.299208,43.311328,10,1,6,0.388889,0
Tarragon,Tarragon,,13,10,23,13,10,23,7,0.304446,0.323173,199.606751,11,1,6,0.353755,12
Basil_Brush,Basil_Brush,,1,7,8,1,7,8,7,0.291925,0.306526,18.589916,0,1,70,0.190476,4
Blue_Peter,Blue_Peter,,4,10,14,4,10,14,7,0.304469,0.321005,531.538248,0,1,6,0.160256,4
Weakest_Link,Weakest_Link,,1,17,18,1,17,18,7,0.325731,0.347463,268.722565,13,1,70,0.286765,4
Yes_Minister,Yes_Minister,,2,23,25,2,23,25,7,0.31826,0.339949,331.809,0,1,6,0.136667,4
Basilica_of_San_Francesco_d%27Assisi,Basilica_of_San_Francesco_d%27Assisi,,1,5,6,1,5,6,7,0.280457,0.294856,21.525316,8,1,6,0,8
Basilica_of_Santa_Maria_degli_Angeli,Basilica_of_Santa_Maria_degli_Angeli,,1,2,3,1,2,3,8,0.251551,0.262449,10.917677,4,1,6,0,8
Harlem_Globetrotters,Harlem_Globetrotters,,3,9,12,3,9,12,7,0.287294,0.303199,95.421518,3,1,6,0.177778,4
Michael_Jordan,Michael_Jordan,,6,15,21,6,15,21,7,0.308759,0.327669,1506.928249,3,1,6,0.173203,11
Basking_shark,Basking_shark,,5,19,24,5,19,24,7,0.31039,0.329367,324.139637,2,1,6,0.202632,12
Cookiecutter_shark,Cookiecutter_shark,,2,9,11,2,9,11,8,0.279124,0.293148,60.018202,2,1,6,0.3,12
Great_white_shark,Great_white_shark,,7,28,35,7,28,35,7,0.315217,0.33548,1210.922122,2,1,6,0.135484,12
Tiger_shark,Tiger_shark,,6,19,25,6,19,25,7,0.315413,0.33482,380.554002,2,1,6,0.183794,12
Bass_%28fish%29,Bass_%28fish%29,,2,3,5,2,3,5,8,0.265366,0.277371,22.723859,2,1,6,0.1,12
Basset_Hound,Basset_Hound,,0,9,9,0,9,9,7,0.31238,0.330929,0,13,1,71,0.208333,12
Recorder,Recorder,,7,23,30,7,23,30,7,0.310152,0.331822,1548.026274,4,1,6,0.1,2
The_Rite_of_Spring,The_Rite_of_Spring,,3,17,20,3,17,20,7,0.315904,0.337036,1139.500503,4,1,6,0.176471,2
Bat,Bat,,24,33,57,24,33,57,7,0.3251,0.347353,20701.624617,2,1,6,0.076923,12
Batman,Batman,,10,6,16,10,6,16,7,0.287885,0.302878,5027.055958,13,1,6,0.028571,4
Gliding,Gliding,,2,22,24,2,22,24,7,0.327861,0.350198,400.787583,10,1,6,0.173913,4
Henipavirus,Henipavirus,,1,12,13,1,12,13,7,0.302177,0.319864,60.49479,8,1,6,0.115385,12
Paleocene,Paleocene,,12,23,35,12,23,35,7,0.316743,0.337275,2231.625976,2,1,6,0.147126,5
Vampire,Vampire,,9,45,54,9,45,54,7,0.342167,0.370692,8783.734353,13,1,6,0.087059,14
Vampire_bat,Vampire_bat,,2,13,15,2,13,15,7,0.301166,0.318518,50.970877,2,1,6,0.186813,12
Bat-eared_Fox,Bat-eared_Fox,,1,10,11,1,10,11,7,0.289035,0.306324,62.370211,2,1,6,0.322222,12
Zebra,Zebra,,12,12,24,12,12,24,7,0.301144,0.319694,9671.20802,2,1,6,0.199346,12
Bear,Bear,,23,29,52,23,29,52,7,0.327384,0.350087,5500.01624,2,1,6,0.068027,12
Cotswolds,Cotswolds,,10,8,18,10,8,18,8,0.300809,0.318029,542.82531,0,1,6,0.183824,5
Lawn,Lawn,,6,18,24,6,18,24,7,0.329379,0.350224,1050.039157,7,1,6,0.109524,4
Palladian_architecture,Palladian_architecture,,9,30,39,9,30,39,7,0.332786,0.357682,10319.095412,0,1,6,0.166667,8
Plymouth,Plymouth,,16,32,48,16,32,48,7,0.33254,0.357226,7024.049336,0,1,6,0.150609,5
Politics_of_the_United_Kingdom,Politics_of_the_United_Kingdom,,9,41,50,9,41,50,7,0.324216,0.349787,714.557873,0,1,6,0.167438,7
Triathlon,Triathlon,,9,6,15,9,6,15,7,0.291886,0.307223,272.047334,10,1,6,0.128571,4
Bath_School_disaster,Bath_School_disaster,,1,10,11,1,10,11,7,0.308876,0.327484,41.721781,3,1,6,0.122222,0
Columbine_High_School_massacre,Columbine_High_School_massacre,,2,14,16,2,14,16,7,0.310604,0.329704,4707.467265,3,1,6,0.153846,0
Michigan_State_University,Michigan_State_University,,6,31,37,6,31,37,7,0.334047,0.358163,6511.55496,3,1,6,0.079365,5
Batholith,Batholith,,6,8,14,6,8,14,7,0.290714,0.305967,174.003669,7,1,6,0.198718,5
Spring_Heeled_Jack,Spring_Heeled_Jack,,1,19,20,1,19,20,7,0.323208,0.34376,340.661672,0,1,6,0.115789,14
Battle_of_Alesia,Battle_of_Alesia,,4,10,14,4,10,14,7,0.288705,0.304852,40.000077,1,1,6,0.318182,0
Battle_of_Amiens,Battle_of_Amiens,,4,10,14,4,10,14,7,0.314215,0.33417,126.112497,10,1,6,0.403846,0
George_V_of_the_United_Kingdom,George_V_of_the_United_Kingdom,,33,43,76,33,43,76,7,0.338313,0.366527,4986.726322,0,1,6,0.122975,11
Battle_of_Austerlitz,Battle_of_Austerlitz,,6,16,22,6,16,22,7,0.301547,0.320622,1867.369128,0,1,6,0.183824,0
Battle_of_Cannae,Battle_of_Cannae,,3,7,10,3,7,10,7,0.288254,0.304787,90.811294,10,1,6,0.122222,0
La_Grande_Arm%C3%A9e,La_Grande_Arm%C3%A9e,,3,37,40,3,37,40,7,0.329889,0.355672,1077.950333,10,1,6,0.242532,0
List_of_French_monarchs,List_of_French_monarchs,,7,12,19,7,12,19,7,0.295223,0.312949,156.285817,0,1,6,0.261029,11
War_and_Peace,War_and_Peace,,5,20,25,5,20,25,7,0.319012,0.340884,748.538843,10,1,6,0.171937,3
William_Pitt_the_Younger,William_Pitt_the_Younger,,11,29,40,11,29,40,7,0.320297,0.343188,938.786318,0,1,6,0.164286,11
Battle_of_Badr,Battle_of_Badr,,2,12,14,2,12,14,7,0.293216,0.310674,6.500318,1,1,6,0.391026,0
Tribe,Tribe,,35,7,42,35,7,42,7,0.307075,0.324207,1113.244097,9,1,6,0.072436,7
Battle_of_Bicocca,Battle_of_Bicocca,,1,11,12,1,11,12,7,0.29347,0.310741,3.237191,0,1,6,0.490909,0
Italian_War_of_1521,Italian_War_of_1521,,3,20,23,3,20,23,7,0.308712,0.329609,4909.997107,0,1,6,0.286842,0
War_of_the_League_of_Cambrai,War_of_the_League_of_Cambrai,,3,16,19,3,16,19,7,0.305778,0.325348,160.169699,0,1,6,0.310458,0
Battle_of_Normandy,Battle_of_Normandy,,23,43,66,23,43,66,7,0.340844,0.367861,4784.124603,10,1,6,0.181791,0
Battle_of_the_Bulge,Battle_of_the_Bulge,,6,38,44,6,38,44,6,0.33632,0.361515,2283.058757,10,1,6,0.160594,0
Blitzkrieg,Blitzkrieg,,23,27,50,23,27,50,7,0.311798,0.333909,2869.575053,10,1,6,0.194231,0
The_Blitz,The_Blitz,,12,30,42,12,30,42,6,0.328259,0.352639,3079.772663,0,1,6,0.175397,0
Dwight_D._Eisenhower,Dwight_D._Eisenhower,,37,41,78,37,41,78,6,0.336097,0.362728,11792.743344,3,1,6,0.140385,11
Victoria_Cross,Victoria_Cross,,19,21,40,19,21,40,7,0.321083,0.343953,1492.196525,0,1,6,0.099573,0
Battle_of_Lechaeum,Battle_of_Lechaeum,,1,3,4,1,3,4,7,0.266483,0.279172,9.95809,1,1,6,0.166667,0
Battle_of_Leyte_Gulf,Battle_of_Leyte_Gulf,,3,16,19,3,16,19,7,0.316323,0.337287,62.007742,10,1,6,0.3125,0
Northern_Mariana_Islands,Northern_Mariana_Islands,,14,23,37,14,23,37,7,0.325309,0.348027,1104.733627,5,1,6,0.184492,5
Pheidippides,Pheidippides,,1,7,8,1,7,8,7,0.29256,0.308629,64.482072,1,1,6,0.380952,0
Battle_of_the_Eastern_Solomons,Battle_of_the_Eastern_Solomons,,4,19,23,4,19,23,7,0.313413,0.333831,111.838153,10,1,6,0.295322,0
Battle_of_the_Santa_Cruz_Islands,Battle_of_the_Santa_Cruz_Islands,,4,13,17,4,13,17,7,0.304835,0.323796,20.346383,10,1,6,0.461538,0
Battle_of_Smolensk_%281943%29,Battle_of_Smolensk_%281943%29,,2,13,15,2,13,15,7,0.294815,0.312513,25.111739,10,1,6,0.397436,0
T-34,T-34,,2,55,57,2,55,57,7,0.329781,0.358225,409.17053,10,1,6,0.150842,0
Weymouth,Weymouth,,8,29,37,8,29,37,7,0.331128,0.356081,1051.003997,0,1,6,0.129735,5
Battle_of_Rennell_Island,Battle_of_Rennell_Island,,3,12,15,3,12,15,7,0.306332,0.325547,14.314721,10,1,6,0.477273,0
Naval_Battle_of_Guadalcanal,Naval_Battle_of_Guadalcanal,,6,14,20,6,14,20,7,0.310509,0.329864,11268.167404,10,1,6,0.325,0
Battle_of_Sitka,Battle_of_Sitka,,1,12,13,1,12,13,7,0.316768,0.336689,32.689001,3,1,6,0.224359,0
Benjamin_Harrison,Benjamin_Harrison,,14,20,34,14,20,34,7,0.30843,0.327831,1344.470122,3,1,6,0.137931,11
Battle_of_Vaslui,Battle_of_Vaslui,,1,9,10,1,9,10,7,0.285614,0.302887,0.691731,10,1,6,0.541667,0
Battle_of_Warsaw_%281920%29,Battle_of_Warsaw_%281920%29,,6,21,27,6,21,27,7,0.316867,0.338483,174.249849,10,1,6,0.306159,0
J%C3%B3zef_Pi%C5%82sudski,J%C3%B3zef_Pi%C5%82sudski,,9,46,55,9,46,55,6,0.339275,0.366231,767.228061,10,1,6,0.221569,11
Battle_of_the_Little_Bighorn,Battle_of_the_Little_Bighorn,,2,8,10,2,8,10,7,0.308923,0.327603,299.834926,3,1,6,0.122222,0
Western_Front_%28World_War_I%29,Western_Front_%28World_War_I%29,,7,29,36,7,29,36,7,0.324528,0.347633,476.247585,10,1,6,0.201613,0
Battles_of_the_Mexican-American_War,Battles_of_the_Mexican-American_War,,0,8,8,0,8,8,7,0.302499,0.319844,0,3,1,72,0.464286,0
Bay_Area_Rapid_Transit,Bay_Area_Rapid_Transit,,2,9,11,2,9,11,7,0.300987,0.318692,170.447928,3,1,6,0.375,8
Mass_Rapid_Transit_%28Singapore%29,Mass_Rapid_Transit_%28Singapore%29,,4,8,12,4,8,12,7,0.28709,0.30216,86.333402,8,1,6,0.072727,8
Landform,Landform,,14,16,30,14,16,30,7,0.302899,0.321007,2809.370741,7,1,6,0.077586,5
Leisure,Leisure,,5,10,15,5,10,15,7,0.299431,0.316693,296.360113,9,1,6,0.07619,4
Sand_art_and_play,Sand_art_and_play,,3,16,19,3,16,19,7,0.299542,0.317521,411.870701,7,1,6,0.066667,4
Bean,Bean,,17,7,24,17,7,24,7,0.301278,0.317958,607.755217,11,1,6,0.12987,12
Peanut,Peanut,,21,38,59,21,38,59,7,0.339446,0.365442,4330.276445,11,1,6,0.096491,12
Vicia_faba,Vicia_faba,,2,19,21,2,19,21,7,0.314605,0.336263,1569.28046,11,1,6,0.147619,12
Giant_Panda,Giant_Panda,,4,44,48,4,44,48,7,0.34237,0.368653,910.853587,8,1,6,0.13285,12
Red_Panda,Red_Panda,,2,27,29,2,27,29,7,0.311391,0.332728,369.17108,2,1,6,0.168091,12
Beatles_for_Sale,Beatles_for_Sale,,3,16,19,3,16,19,7,0.319112,0.340378,130.699442,4,1,6,0.283088,2
Hyde_Park%2C_London,Hyde_Park%2C_London,,11,14,25,11,14,25,7,0.29952,0.317078,3985.357822,0,1,6,0.169591,5
Paul_McCartney,Paul_McCartney,,20,54,74,20,54,74,6,0.349031,0.377167,7143.3362,4,1,6,0.091142,11
Sgt._Pepper%27s_Lonely_Hearts_Club_Band,Sgt._Pepper%27s_Lonely_Hearts_Club_Band,,8,24,32,8,24,32,7,0.328978,0.352235,793.974466,4,1,6,0.137931,2
The_Lion%2C_the_Witch_and_the_Wardrobe,The_Lion%2C_the_Witch_and_the_Wardrobe,,2,16,18,2,16,18,7,0.311487,0.332088,393.813598,1,1,6,0.166667,3
Bedbug,Bedbug,,1,13,14,1,13,14,7,0.301211,0.319336,67.631143,2,1,6,0.237179,12
Poultry,Poultry,,19,13,32,19,13,32,7,0.307797,0.326874,2633.22408,2,1,6,0.062808,12
Durham_Cathedral,Durham_Cathedral,,6,12,18,6,12,18,7,0.303284,0.321914,789.411029,0,1,6,0.1125,8
Beetle,Beetle,,16,21,37,16,21,37,7,0.290401,0.306947,7432.160589,2,1,6,0.127451,12
Honey_bee,Honey_bee,,1,18,19,1,18,19,7,0.314044,0.335597,155.803265,2,1,6,0.153595,12
Pollinator_decline,Pollinator_decline,,5,20,25,5,20,25,7,0.317712,0.337934,1100.66692,11,1,6,0.189723,7
Harold_Wilson,Harold_Wilson,,19,27,46,19,27,46,7,0.318036,0.34075,5968.549841,0,1,6,0.186186,11
Scottish_Highlands,Scottish_Highlands,,20,18,38,20,18,38,7,0.317513,0.338185,4420.120683,0,1,6,0.136364,5
Beep_%28SWBLW%29,Beep_%28SWBLW%29,,0,4,4,0,4,4,7,0.28042,0.293782,0,3,1,74,0.166667,8
CF7,CF7,,2,6,8,2,6,8,7,0.285543,0.299634,165.542936,3,1,73,0.196429,8
Guinness,Guinness,,7,19,26,7,19,26,7,0.322822,0.34501,1075.951961,0,1,6,0.105072,4
Playing_card,Playing_card,,6,26,32,6,26,32,7,0.332513,0.356687,2118.530342,13,1,6,0.136559,4
Sikkim,Sikkim,,16,52,68,16,52,68,7,0.335291,0.361689,27137.259091,8,1,6,0.097118,5
Beet,Beet,,7,24,31,7,24,31,7,0.329192,0.352226,527.049412,11,1,6,0.140212,12
Carrot,Carrot,,10,27,37,10,27,37,7,0.326173,0.348886,2504.922032,11,1,6,0.087395,12
Sugar_beet,Sugar_beet,,8,29,37,8,29,37,6,0.335124,0.358987,1371.322908,11,1,6,0.206774,12
Chestnut,Chestnut,,13,18,31,13,18,31,7,0.328233,0.350771,6262.552328,11,1,6,0.100985,12
Permian,Permian,,26,30,56,26,30,56,7,0.328472,0.351106,5943.863961,2,1,6,0.122784,5
Stag_beetle,Stag_beetle,,1,14,15,1,14,15,7,0.307681,0.326254,250.167906,2,1,6,0.214286,12
Behavioral_finance,Behavioral_finance,,1,5,6,1,5,6,8,0.26521,0.277217,8.279992,9,1,6,0.066667,10
Grand_Canal_of_China,Grand_Canal_of_China,,7,13,20,7,13,20,7,0.300074,0.31844,272.898688,8,1,6,0.271429,5
Great_Wall_of_China,Great_Wall_of_China,,16,19,35,16,19,35,7,0.3085,0.326853,3669.968433,8,1,6,0.12963,8
Qin_Dynasty,Qin_Dynasty,,11,6,17,11,6,17,8,0.28188,0.295255,318.018969,8,1,6,0.416667,0
Tiananmen_Square_protests_of_1989,Tiananmen_Square_protests_of_1989,,7,27,34,7,27,34,7,0.329567,0.353448,678.88526,8,1,6,0.258065,0
Eurovision_Song_Contest,Eurovision_Song_Contest,,8,44,52,8,44,52,7,0.343967,0.371343,5483.961122,10,1,6,0.152245,2
Flag_of_Belarus,Flag_of_Belarus,,2,10,12,2,10,12,7,0.294987,0.312368,45.940778,10,1,6,0.372727,5
Habsburg_Spain,Habsburg_Spain,,6,47,53,6,47,53,7,0.33554,0.361727,6499.241843,0,1,6,0.178635,0
The_Adventures_of_Tintin,The_Adventures_of_Tintin,,6,52,58,6,52,58,7,0.35133,0.380018,7484.476254,10,1,6,0.136027,4
Belton_House,Belton_House,,0,19,19,0,19,19,7,0.309518,0.330005,0,0,1,75,0.122807,8
Manorialism,Manorialism,,6,11,17,6,11,17,7,0.296866,0.314593,169.132196,0,1,6,0.1625,0
Speaker_of_the_British_House_of_Commons,Speaker_of_the_British_House_of_Commons,,11,15,26,11,15,26,7,0.305547,0.324848,174.881843,0,1,6,0.373518,7
Ben-Hur_%281959_film%29,Ben-Hur_%281959_film%29,,0,9,9,0,9,9,7,0.298865,0.316926,0,1,1,76,0.25,4
Sermon_on_the_Mount,Sermon_on_the_Mount,,8,11,19,8,11,19,7,0.285192,0.301227,952.561781,9,1,6,0.17033,14
London_Bridge,London_Bridge,,9,20,29,9,20,29,6,0.320246,0.341819,2065.515356,0,1,6,0.106884,8
Ben_Nevis,Ben_Nevis,,3,16,19,3,16,19,7,0.312954,0.332207,3071.165,0,1,6,0.158088,5
Loch,Loch,,7,7,14,7,7,14,7,0.301032,0.318207,2050.418039,0,1,6,0.339744,5
Pony,Pony,,3,2,5,3,2,5,7,0.277957,0.29044,62.514057,0,1,6,0,12
Bench_language,Bench_language,,0,4,4,0,4,4,7,0.278982,0.294138,0,5,1,77,0.166667,3
Ordinal_number,Ordinal_number,,5,4,9,5,4,9,8,0.26547,0.278177,233.552895,9,1,6,0.178571,6
Police_state,Police_state,,5,11,16,5,11,16,7,0.313923,0.333056,764.556569,9,1,6,0.166667,7
Benjamin_Britten,Benjamin_Britten,,14,9,23,14,9,23,8,0.277329,0.291879,6731.273548,4,1,6,0.113158,3
Brass_instrument,Brass_instrument,,7,14,21,7,14,21,7,0.31187,0.331429,1162.059451,4,1,6,0.127451,2
Peter_Grimes,Peter_Grimes,,1,4,5,1,4,5,8,0.287518,0.303085,108.353505,4,1,6,0.5,3
Robert_Gascoyne-Cecil%2C_3rd_Marquess_of_Salisbury,Robert_Gascoyne-Cecil%2C_3rd_Marquess_of_Salisbury,,15,15,30,15,15,30,7,0.305455,0.32519,524.176633,0,1,6,0.321667,11
Lightning_rod,Lightning_rod,,3,15,18,3,15,18,6,0.31709,0.337107,492.035919,7,1,6,0.132353,8
Lunar_eclipse,Lunar_eclipse,,14,10,24,14,10,24,7,0.29983,0.31592,808.861133,7,1,6,0.169591,12
William_Henry_Harrison,William_Henry_Harrison,,12,17,29,12,17,29,7,0.295589,0.313167,1098.974181,3,1,6,0.130435,11
William_Howard_Taft,William_Howard_Taft,,14,48,62,14,48,62,7,0.337271,0.364235,1654.867449,3,1,6,0.154935,11
William_McKinley,William_McKinley,,15,17,32,15,17,32,7,0.300697,0.318501,886.460018,3,1,6,0.203704,11
Benjamin_Mountfort,Benjamin_Mountfort,,1,22,23,1,22,23,7,0.331129,0.35474,52.79279,0,1,78,0.190476,8
Francis_Petre,Francis_Petre,,1,21,22,1,21,22,7,0.324298,0.34689,21.649639,0,1,78,0.240476,8
The_Cantos,The_Cantos,,3,86,89,3,86,89,7,0.363424,0.396611,5178.404447,1,1,6,0.084509,3
Benjamin_of_Tudela,Benjamin_of_Tudela,,0,16,16,0,16,16,7,0.313345,0.335227,0,1,1,79,0.2625,0
Rhenium,Rhenium,,11,32,43,11,32,43,7,0.313195,0.335203,511.163644,7,1,6,0.242017,12
Osteomalacia,Osteomalacia,,3,0,3,3,0,3,0,0,0,0,11,1,3,0,12
Berkelium,Berkelium,,7,15,22,7,15,22,7,0.284033,0.300789,20.421781,7,1,6,0.371324,12
Californium,Californium,,13,24,37,13,24,37,7,0.308923,0.329149,848.885778,7,1,6,0.263547,12
Terbium,Terbium,,7,18,25,7,18,25,7,0.289861,0.308283,90.260266,7,1,6,0.353801,12
Berlin_Wall,Berlin_Wall,,20,23,43,20,23,43,6,0.325048,0.348121,2097.909482,10,1,6,0.224603,0
German_reunification,German_reunification,,19,16,35,19,16,35,7,0.31276,0.333803,432.090775,10,1,6,0.277011,0
Wernher_von_Braun,Wernher_von_Braun,,12,35,47,12,35,47,7,0.342052,0.367421,7591.137056,10,1,6,0.151282,11
Maglev_train,Maglev_train,,6,18,24,6,18,24,7,0.319716,0.340168,729.809882,10,1,6,0.197619,8
Marshall_Plan,Marshall_Plan,,16,56,72,16,56,72,6,0.350692,0.380147,2619.319505,10,1,6,0.238095,0
Bernard_Hinault,Bernard_Hinault,,4,5,9,4,5,9,7,0.26869,0.281203,8.447789,6,1,6,0.6,11
Greg_LeMond,Greg_LeMond,,3,8,11,3,8,11,7,0.300452,0.317615,262.202347,6,1,6,0.375,11
Laurent_Fignon,Laurent_Fignon,,3,4,7,3,4,7,7,0.279067,0.292931,34.109672,6,1,6,0.65,11
Georg_Cantor,Georg_Cantor,,12,22,34,12,22,34,7,0.318086,0.339996,4496.598552,9,1,6,0.123153,11
Betelgeuse_incident,Betelgeuse_incident,,0,14,14,0,14,14,7,0.30907,0.329353,0,0,1,80,0.346154,8
Bette_Davis,Bette_Davis,,7,23,30,7,23,30,6,0.327331,0.349708,1421.42188,13,1,6,0.170769,11
Jane_Fonda,Jane_Fonda,,8,25,33,8,25,33,7,0.323905,0.347984,3474.59122,3,1,6,0.134409,11
Yak,Yak,,12,15,27,12,15,27,7,0.298483,0.315988,332.255507,8,1,6,0.215415,12
Dead_Sea_scrolls,Dead_Sea_scrolls,,3,14,17,3,14,17,7,0.29776,0.314824,255.450735,1,1,6,0.166667,14
Names_of_God_in_Judaism,Names_of_God_in_Judaism,,3,17,20,3,17,20,7,0.29811,0.316397,186.096341,1,1,6,0.264706,14
Pentateuch,Pentateuch,,5,2,7,5,2,7,8,0.246429,0.257408,70.731455,1,1,6,0.3,14
Bicycle_Thieves,Bicycle_Thieves,,1,6,7,1,6,7,7,0.303579,0.321624,32.652586,13,1,6,0.309524,4
Physical_paradox,Physical_paradox,,1,19,20,1,19,20,7,0.289385,0.306756,40.46371,7,1,6,0.222222,12
Plasma_%28physics%29,Plasma_%28physics%29,,28,21,49,28,21,49,7,0.302741,0.321184,4264.69539,7,1,6,0.160976,12
Calvin_Coolidge,Calvin_Coolidge,,13,19,32,13,19,32,7,0.319112,0.341182,693.320875,3,1,6,0.186508,11
Chester_A._Arthur,Chester_A._Arthur,,7,18,25,7,18,25,7,0.292286,0.310225,633.318662,3,1,6,0.15,11
Franklin_Pierce,Franklin_Pierce,,7,22,29,7,22,29,7,0.310818,0.329983,209.170063,3,1,6,0.230769,11
Harry_S._Truman,Harry_S._Truman,,35,50,85,35,50,85,6,0.343094,0.370696,4961.643075,3,1,6,0.165102,11
Herbert_Hoover,Herbert_Hoover,,23,33,56,23,33,56,7,0.322771,0.346494,3862.332015,3,1,6,0.130319,11
John_Tyler,John_Tyler,,9,10,19,9,10,19,7,0.283397,0.298277,124.816764,3,1,6,0.254167,11
Millard_Fillmore,Millard_Fillmore,,8,16,24,8,16,24,7,0.307914,0.327128,173.898527,3,1,6,0.235714,11
Rutherford_B._Hayes,Rutherford_B._Hayes,,7,14,21,7,14,21,7,0.298066,0.315767,353.233223,3,1,6,0.183007,11
Warren_G._Harding,Warren_G._Harding,,9,38,47,9,38,47,7,0.326988,0.351224,1064.46202,3,1,6,0.119048,11
Billie_Holiday,Billie_Holiday,,9,8,17,9,8,17,6,0.301457,0.319228,205.508173,4,1,6,0.161905,11
Biosphere,Biosphere,,23,22,45,23,22,45,7,0.314069,0.33442,4137.314765,7,1,6,0.120122,5
PSR_B1620-26c,PSR_B1620-26c,,2,10,12,2,10,12,8,0.281254,0.296365,16.401784,7,1,6,0.388889,12
Trigonometric_function,Trigonometric_function,,7,15,22,7,15,22,7,0.29574,0.312415,654.015072,9,1,6,0.152047,6
Optical_telescope,Optical_telescope,,2,6,8,2,6,8,8,0.26622,0.278622,88.593094,7,1,6,0.2,12
Biofuel,Biofuel,,14,27,41,14,27,41,7,0.329353,0.352362,2925.371096,11,1,6,0.185714,7
List_of_essential_oils,List_of_essential_oils,,3,18,21,3,18,21,8,0.28887,0.306065,1929.995139,11,1,6,0.147059,4
List_of_vegetable_oils,List_of_vegetable_oils,,3,46,49,3,46,49,7,0.331047,0.358525,23632.644716,11,1,6,0.090821,4
Bog,Bog,,18,29,47,18,29,47,7,0.33048,0.354001,7962.06514,0,1,6,0.121951,5
History_of_Earth,History_of_Earth,,10,97,107,10,97,107,7,0.365522,0.398707,10507.899838,7,1,6,0.084765,5
Life,Life,,55,15,70,55,15,70,7,0.294216,0.311932,4731.67253,7,1,6,0.10452,12
Environmental_science,Environmental_science,,7,19,26,7,19,26,7,0.308055,0.326666,538.921033,7,1,6,0.152381,7
Waste_management,Waste_management,,11,30,41,11,30,41,6,0.333388,0.357939,2271.34192,7,1,6,0.119048,7
C%2B%2B,C%2B%2B,,12,6,18,12,6,18,7,0.285312,0.299336,2790.945966,13,1,6,0.165441,1
Prion,Prion,,10,16,26,10,16,26,7,0.299675,0.317868,1645.511141,11,1,6,0.294372,12
Sequence_alignment,Sequence_alignment,,4,11,15,4,11,15,7,0.28811,0.303868,4814.812705,11,1,6,0.3,12
Creation-evolution_controversy,Creation-evolution_controversy,,4,54,58,4,54,58,7,0.355926,0.383648,1487.05995,9,1,6,0.100673,14
Drosophila_melanogaster,Drosophila_melanogaster,,4,19,23,4,19,23,7,0.298946,0.317297,1586.103874,11,1,6,0.168831,12
Genetic_code,Genetic_code,,15,13,28,15,13,28,7,0.288274,0.302937,4639.01585,11,1,6,0.326316,12
Plate_tectonics,Plate_tectonics,,54,40,94,54,40,94,7,0.350722,0.378022,16940.953668,7,1,6,0.109438,5
Bionicle__Mask_of_Light,Bionicle__Mask_of_Light,,0,4,4,0,4,4,7,0.294626,0.310992,0,13,1,82,0.333333,4
Lego,Lego,,1,23,24,1,23,24,7,0.320835,0.342322,182.157883,13,1,81,0.105072,4
Hydrology,Hydrology,,15,25,40,15,25,40,7,0.318911,0.340181,7141.532083,7,1,6,0.090476,5
Haemophilia,Haemophilia,,2,4,6,2,4,6,7,0.281196,0.295216,30.520063,0,1,6,0,12
Dodo,Dodo,,11,27,38,11,27,38,7,0.31351,0.333899,25132.795126,2,1,6,0.087356,12
Dove,Dove,,18,24,42,18,24,42,7,0.32484,0.346642,15428.538875,2,1,6,0.107843,12
Falcon,Falcon,,11,16,27,11,16,27,7,0.310295,0.330886,2031.410637,2,1,6,0.184783,12
Flamingo,Flamingo,,6,15,21,6,15,21,7,0.304194,0.322543,530.920286,2,1,6,0.149123,12
Great_Auk,Great_Auk,,3,22,25,3,22,25,7,0.317761,0.337511,443.233168,2,1,6,0.164032,12
House_Sparrow,House_Sparrow,,8,25,33,8,25,33,7,0.330399,0.353189,16409.187316,2,1,6,0.173645,12
Passenger_Pigeon,Passenger_Pigeon,,4,17,21,4,17,21,7,0.314117,0.333141,1289.836995,2,1,6,0.192982,12
Redwing,Redwing,,2,15,17,2,15,17,8,0.303625,0.322257,11431.057578,2,1,6,0.280952,12
Rock_Pigeon,Rock_Pigeon,,8,27,35,8,27,35,7,0.324372,0.346607,2828.598263,2,1,6,0.139785,12
Snowy_Owl,Snowy_Owl,,2,18,20,2,18,20,7,0.316151,0.335311,1008.571382,2,1,6,0.157895,12
Swift,Swift,,5,12,17,5,12,17,7,0.291592,0.307427,387.689491,2,1,6,0.157143,12
Turkey_%28bird%29,Turkey_%28bird%29,,8,15,23,8,15,23,7,0.309466,0.329972,11837.47982,2,1,6,0.164286,12
Blackbird,Blackbird,,6,14,20,6,14,20,7,0.309159,0.328119,653.161387,2,1,6,0.231579,12
Blackcap,Blackcap,,1,12,13,1,12,13,7,0.311894,0.331813,7.966312,2,1,6,0.318182,12
Canada_Goose,Canada_Goose,,5,20,25,5,20,25,7,0.325858,0.346903,5872.288021,2,1,6,0.166667,12
Chaffinch,Chaffinch,,2,19,21,2,19,21,7,0.319263,0.342052,94.882968,2,1,6,0.192105,12
Skylark,Skylark,,2,17,19,2,17,19,7,0.315634,0.337772,83.979848,2,1,6,0.196078,12
Vulture,Vulture,,6,18,24,6,18,24,7,0.315119,0.33672,654.33819,2,1,6,0.183794,12
Whooping_Crane,Whooping_Crane,,1,7,8,1,7,8,8,0.280631,0.29467,2.222732,2,1,6,0.303571,12
Kite_%28bird%29,Kite_%28bird%29,,7,8,15,7,8,15,8,0.27188,0.284098,3443.780125,2,1,6,0.401515,12
M6_motorway,M6_motorway,,4,19,23,4,19,23,7,0.312303,0.333019,245.236775,0,1,6,0.283626,8
River_Severn,River_Severn,,15,17,32,15,17,32,7,0.320525,0.340537,8240.669733,0,1,6,0.125661,5
Ska,Ska,,12,23,35,12,23,35,7,0.320956,0.342906,8071.321434,4,1,6,0.160215,2
Stratford-upon-Avon,Stratford-upon-Avon,,7,5,12,7,5,12,7,0.298373,0.31477,398.034729,0,1,6,0.322222,5
Menstrual_cycle,Menstrual_cycle,,4,10,14,4,10,14,7,0.29546,0.311036,477.63139,2,1,6,0.070513,12
Tansy,Tansy,,1,10,11,1,10,11,7,0.299608,0.317083,229.569572,2,1,6,0.209091,12
Thallium,Thallium,,13,48,61,13,48,61,7,0.343851,0.37041,2462.864325,7,1,6,0.170707,12
Ununpentium,Ununpentium,,7,17,24,7,17,24,7,0.312567,0.332783,245.37117,7,1,6,0.320261,12
Gaur,Gaur,,4,20,24,4,20,24,7,0.301525,0.319626,295.787274,8,1,6,0.257895,12
Bj%C3%B6rn_Borg,Bj%C3%B6rn_Borg,,7,25,32,7,25,32,7,0.309442,0.329354,3085.645246,12,1,6,0.193846,11
Boris_Becker,Boris_Becker,,9,36,45,9,36,45,7,0.335124,0.359873,12938.729521,12,1,6,0.231231,11
Davis_Cup,Davis_Cup,,15,53,68,15,53,68,6,0.345315,0.373701,5821.444625,12,1,6,0.141065,4
John_McEnroe,John_McEnroe,,8,31,39,8,31,39,7,0.328206,0.35177,1831.676324,12,1,6,0.225806,11
Pete_Sampras,Pete_Sampras,,13,49,62,13,49,62,6,0.341735,0.368574,6895.296255,12,1,6,0.175918,11
Tennis_Masters_Cup,Tennis_Masters_Cup,,8,19,27,8,19,27,7,0.303534,0.321572,582.864109,12,1,6,0.171429,4
William_Renshaw,William_Renshaw,,3,4,7,3,4,7,7,0.272465,0.285158,47.036747,12,1,6,0.3,11
Willem_Barents,Willem_Barents,,2,7,9,2,7,9,7,0.288932,0.304229,21.499975,10,1,6,0.380952,11
Black-backed_Jackal,Black-backed_Jackal,,1,9,10,1,9,10,7,0.28809,0.304959,17.286174,2,1,6,0.366667,12
Black-footed_Cat,Black-footed_Cat,,0,13,13,0,13,13,7,0.291119,0.307727,0,2,1,83,0.352564,12
Black-winged_Stilt,Black-winged_Stilt,,2,13,15,2,13,15,7,0.310413,0.331198,259.257841,2,1,6,0.161905,12
Hunger,Hunger,,4,3,7,4,3,7,7,0.276064,0.288512,58.520038,9,1,6,0.066667,12
Black_Rhinoceros,Black_Rhinoceros,,2,21,23,2,21,23,7,0.302876,0.322284,76.080298,5,1,6,0.272727,12
Black_Robin,Black_Robin,,0,9,9,0,9,9,7,0.289601,0.304332,0,2,1,84,0.361111,12
Tiger,Tiger,,16,50,66,16,50,66,7,0.335291,0.362131,11894.181053,8,1,6,0.113927,12
Black_Seminoles,Black_Seminoles,,0,8,8,0,8,8,7,0.287405,0.303211,0,3,1,85,0.125,5
Robert_Oppenheimer,Robert_Oppenheimer,,7,46,53,7,46,53,6,0.347744,0.374124,2151.172618,7,1,6,0.156735,11
Roche_limit,Roche_limit,,6,10,16,6,10,16,7,0.297519,0.313967,85.9626,7,1,6,0.416667,12
Black_panther,Black_panther,,1,19,20,1,19,20,7,0.318686,0.34154,163.826206,8,1,6,0.139474,12
Bobcat,Bobcat,,8,12,20,8,12,20,7,0.308641,0.326779,308.578263,2,1,6,0.149123,12
Edible_salt,Edible_salt,,11,21,32,11,21,32,7,0.316151,0.338011,1463.538697,11,1,6,0.083908,12
Long_pepper,Long_pepper,,2,10,12,2,10,12,8,0.292813,0.308945,15.782612,8,1,6,0.227273,12
Ramesses_II,Ramesses_II,,7,12,19,7,12,19,7,0.305087,0.324267,3313.370827,1,1,6,0.27619,0
Sichuan_Pepper,Sichuan_Pepper,,11,14,25,11,14,25,7,0.318911,0.340249,508.0455,11,1,6,0.244565,4
Black_widow_spider,Black_widow_spider,,0,11,11,0,11,11,7,0.306593,0.324514,0,2,1,86,0.309091,12
Thrush_%28bird%29,Thrush_%28bird%29,,9,5,14,9,5,14,8,0.259739,0.272126,3455.553552,2,1,6,0.282051,12
Blackjack,Blackjack,,2,5,7,2,5,7,7,0.300274,0.316688,63.64027,13,1,6,0.233333,4
Card_game,Card_game,,9,11,20,9,11,20,7,0.301256,0.318696,12715.727946,13,1,6,0.084559,4
Blacktip_reef_shark,Blacktip_reef_shark,,3,7,10,3,7,10,8,0.266921,0.279906,4604.988177,2,1,6,0.446429,12
Gray_reef_shark,Gray_reef_shark,,1,9,10,1,9,10,8,0.269297,0.283238,31.972902,2,1,6,0.263889,12
Computer_and_video_games,Computer_and_video_games,,19,32,51,19,32,51,7,0.336459,0.360967,9170.484037,13,1,6,0.117946,4
Firefly_%28TV_series%29,Firefly_%28TV_series%29,,6,16,22,6,16,22,7,0.323621,0.344274,1052.451162,13,1,6,0.126316,4
Pan_Am_Flight_103,Pan_Am_Flight_103,,6,35,41,6,35,41,6,0.341361,0.367826,435.212846,5,1,6,0.141667,0
Synthesizer,Synthesizer,,14,8,22,14,8,22,7,0.282233,0.297085,1095.548997,4,1,6,0.094737,2
Blokus,Blokus,,0,2,2,0,2,2,8,0.248316,0.258127,0,13,1,87,1,4
Blue_Jay,Blue_Jay,,2,15,17,2,15,17,7,0.297498,0.314424,343.790768,2,1,6,0.176471,12
Buckingham_Palace,Buckingham_Palace,,26,44,70,26,44,70,7,0.327015,0.354215,11705.43475,0,1,6,0.132998,8
Blue_Tit,Blue_Tit,,0,14,14,0,14,14,7,0.30231,0.320045,0,2,1,90,0.269231,12
Great_Tit,Great_Tit,,1,13,14,1,13,14,7,0.310895,0.33004,33.046719,2,1,89,0.274725,12
Treecreeper,Treecreeper,,2,11,13,2,11,13,7,0.2967,0.313651,56.703225,2,1,88,0.269231,12
Blue_Whale,Blue_Whale,,2,28,30,2,28,30,7,0.33358,0.357106,2122.842168,2,1,6,0.176108,12
Double-decker_bus,Double-decker_bus,,4,22,26,4,22,26,7,0.331833,0.355326,727.057167,8,1,6,0.193846,8
Humpback_Whale,Humpback_Whale,,5,26,31,5,26,31,7,0.326935,0.348588,3348.12752,2,1,6,0.156404,12
Outer_Hebrides,Outer_Hebrides,,15,6,21,15,6,21,7,0.289117,0.30439,229.238541,0,1,6,0.202206,5
Whale_song,Whale_song,,2,14,16,2,14,16,7,0.306958,0.325585,84.193842,2,1,6,0.131868,12
Blue_shark,Blue_shark,,2,16,18,2,16,18,7,0.298044,0.315363,44.5168,2,1,6,0.1875,12
Music_of_Ireland,Music_of_Ireland,,4,21,25,4,21,25,7,0.325544,0.348498,640.847133,4,1,6,0.153986,2
Bluetooth,Bluetooth,,9,12,21,9,12,21,7,0.29641,0.313367,1586.96035,13,1,6,0.096491,8
Civilization_%28computer_game%29,Civilization_%28computer_game%29,,5,24,29,5,24,29,7,0.332322,0.355014,2303.030287,1,1,6,0.06746,4
Go_%28board_game%29,Go_%28board_game%29,,7,17,24,7,17,24,7,0.30342,0.321434,1704.158033,8,1,6,0.192105,4
Mancala,Mancala,,2,18,20,2,18,20,7,0.333005,0.357246,530.463608,5,1,6,0.25731,4
Monopoly_%28game%29,Monopoly_%28game%29,,7,30,37,7,30,37,6,0.335318,0.359299,2094.203229,3,1,6,0.113445,4
Bologna,Bologna,,27,39,66,27,39,66,7,0.338652,0.365448,6033.940965,0,1,6,0.149727,5
Christian_Bale,Christian_Bale,,4,22,26,4,22,26,7,0.330077,0.352892,1169.754697,13,1,6,0.130435,11
Minneapolis%2C_Minnesota,Minneapolis%2C_Minnesota,,15,54,69,15,54,69,7,0.344845,0.373095,7487.676358,3,1,6,0.107391,5
Neil_Young,Neil_Young,,4,29,33,4,29,33,7,0.317736,0.340052,296.075,4,1,6,0.111828,11
Sony,Sony,,18,21,39,18,21,39,7,0.308594,0.328025,3502.302108,13,1,6,0.07563,10
Body_mass_index,Body_mass_index,,2,3,5,2,3,5,8,0.268122,0.280861,31.813499,11,1,6,0.05,12
Bodyline,Bodyline,,4,12,16,4,12,16,7,0.307377,0.326735,141.448388,12,1,6,0.274725,4
James_Bond,James_Bond,,19,36,55,19,36,55,7,0.340701,0.366616,9522.031925,13,1,6,0.106275,4
Dartmoor,Dartmoor,,5,7,12,5,7,12,8,0.29237,0.308243,75.503672,0,1,6,0.090909,5
Haraldsk%C3%A6r_Woman,Haraldsk%C3%A6r_Woman,,1,7,8,1,7,8,7,0.295524,0.312221,7.103992,0,1,6,0.285714,0
Sim%C3%B3n_Bol%C3%ADvar,Sim%C3%B3n_Bol%C3%ADvar,,14,23,37,14,23,37,7,0.31836,0.340405,483.205752,6,1,6,0.218254,11
Bohemian_Rhapsody,Bohemian_Rhapsody,,1,21,22,1,21,22,7,0.329862,0.353123,18.33503,10,1,6,0.271429,2
Bohor_Reedbuck,Bohor_Reedbuck,,0,6,6,0,6,6,7,0.286795,0.303013,0,2,1,91,0.4,12
Bohrium,Bohrium,,7,17,24,7,17,24,7,0.300519,0.319597,373.789578,7,1,6,0.316993,12
Dubnium,Dubnium,,7,19,26,7,19,26,7,0.318585,0.340072,249.488151,7,1,6,0.304762,12
Hassium,Hassium,,6,9,15,6,9,15,7,0.276026,0.291212,8.385147,7,1,6,0.455556,12
Seaborgium,Seaborgium,,6,14,20,6,14,20,7,0.310937,0.330995,167.895589,7,1,6,0.342857,12
La_Paz,La_Paz,,6,8,14,6,8,14,7,0.299144,0.315942,139.677706,6,1,6,0.179487,5
Lake_Titicaca,Lake_Titicaca,,7,5,12,7,5,12,7,0.286765,0.301708,109.55978,6,1,6,0.355556,5
Sucre,Sucre,,3,8,11,3,8,11,7,0.297105,0.314226,23.229552,6,1,6,0.477778,5
Guglielmo_Marconi,Guglielmo_Marconi,,9,21,30,9,21,30,7,0.321695,0.343373,886.655541,0,1,6,0.175385,11
Medieval_commune,Medieval_commune,,5,11,16,5,11,16,7,0.295352,0.313362,2789.092038,0,1,6,0.296703,0
Boltysh_crater,Boltysh_crater,,1,9,10,1,9,10,7,0.307868,0.325075,48.027882,2,1,6,0.222222,5
Bushbuck,Bushbuck,,1,8,9,1,8,9,8,0.266798,0.279604,4.246743,2,1,6,0.333333,12
Booby,Booby,,1,12,13,1,12,13,7,0.30063,0.318168,12.301504,2,1,6,0.237179,12
Book,Book,,21,27,48,21,27,48,7,0.314264,0.336253,4325.111879,13,1,6,0.066162,3
Johannes_Gutenberg,Johannes_Gutenberg,,5,14,19,5,14,19,7,0.304743,0.32379,717.040488,13,1,6,0.143791,11
Library_of_Congress,Library_of_Congress,,21,17,38,21,17,38,7,0.318535,0.339289,1513.529962,3,1,6,0.120168,7
Book_of_Kells,Book_of_Kells,,9,22,31,9,22,31,7,0.312664,0.334368,2630.554574,0,1,6,0.146825,3
Lindisfarne_Gospels,Lindisfarne_Gospels,,3,13,16,3,13,16,7,0.302447,0.321033,207.914185,0,1,6,0.208333,14
Venn_diagram,Venn_diagram,,1,8,9,1,8,9,7,0.294729,0.311465,118.409056,9,1,6,0.263889,6
Borage,Borage,,9,39,48,9,39,48,7,0.310152,0.332325,153.859121,11,1,6,0.271341,12
Chives,Chives,,11,25,36,11,25,36,7,0.323311,0.346712,641.545254,11,1,6,0.201426,12
Cubeb,Cubeb,,11,25,36,11,25,36,7,0.33167,0.355296,2280.130713,11,1,6,0.179832,12
Cymbopogon,Cymbopogon,,11,12,23,11,12,23,8,0.296258,0.313705,233.589473,11,1,6,0.257576,12
Dill,Dill,,10,48,58,10,48,58,7,0.323569,0.350264,5314.437867,11,1,6,0.207843,12
Juniper_berry,Juniper_berry,,10,18,28,10,18,28,7,0.312206,0.333139,2192.048436,11,1,6,0.178571,4
Lovage,Lovage,,10,6,16,10,6,16,8,0.268797,0.28254,13.818355,11,1,6,0.529167,12
Mango,Mango,,19,45,64,19,45,64,7,0.342891,0.369818,4632.540856,11,1,6,0.112712,12
Marjoram,Marjoram,,11,38,49,11,38,49,7,0.30587,0.327612,323.923549,11,1,6,0.270122,12
Mentha,Mentha,,11,21,32,11,21,32,7,0.315486,0.337127,1695.491502,11,1,6,0.254839,12
Oregano,Oregano,,14,18,32,14,18,32,7,0.307214,0.327102,2795.187306,11,1,6,0.252463,12
Paprika,Paprika,,14,9,23,14,9,23,7,0.295977,0.314228,407.771476,11,1,6,0.292208,4
Rosemary,Rosemary,,15,11,26,15,11,26,8,0.288192,0.303549,304.105991,11,1,6,0.263077,12
Saffron,Saffron,,18,64,82,18,64,82,7,0.346614,0.376717,5255.070694,11,1,6,0.089123,12
Sesame,Sesame,,16,16,32,16,16,32,7,0.310485,0.331815,1003.462151,11,1,6,0.162366,12
Sorrel,Sorrel,,11,40,51,11,40,51,7,0.307985,0.329772,448.851206,11,1,6,0.258029,12
Sumac,Sumac,,14,10,24,14,10,24,7,0.297083,0.314885,1059.20305,11,1,6,0.28355,12
Tamarind,Tamarind,,10,21,31,10,21,31,7,0.312688,0.335293,428.310937,11,1,6,0.193548,12
Turmeric,Turmeric,,12,39,51,12,39,51,7,0.301278,0.321145,901.107871,11,1,6,0.222591,12
Wasabi,Wasabi,,13,19,32,13,19,32,7,0.327094,0.348849,3058.936521,11,1,6,0.191954,12
Hopman_Cup,Hopman_Cup,,2,20,22,2,20,22,7,0.319087,0.34112,7893.278975,12,1,6,0.271053,4
Italo_disco,Italo_disco,,1,7,8,1,7,8,7,0.30101,0.318995,12.0123,2,1,6,0.321429,2
Stefan_Edberg,Stefan_Edberg,,9,28,37,9,28,37,7,0.33075,0.355006,3255.606465,12,1,6,0.330049,11
Husein_Grada%C5%A1%C4%8Devi%C4%87,Husein_Grada%C5%A1%C4%8Devi%C4%87,,2,18,20,2,18,20,7,0.311511,0.332887,49.539711,1,1,6,0.222222,11
Boston_RFC,Boston_RFC,,1,9,10,1,9,10,6,0.308782,0.327167,60.268536,0,1,6,0.291667,4
Cheers,Cheers,,5,19,24,5,19,24,7,0.317016,0.33725,5663.464708,3,1,6,0.121053,4
Global_city,Global_city,,20,148,168,20,148,168,7,0.359525,0.397626,18189.521651,8,1,6,0.060134,5
Merrimack_River,Merrimack_River,,3,5,8,3,5,8,7,0.300118,0.316961,149.237111,3,1,6,0.261905,5
New_England_Patriots,New_England_Patriots,,3,5,8,3,5,8,7,0.271807,0.284326,72.595108,3,1,6,0.066667,4
Boston_Terrier,Boston_Terrier,,1,4,5,1,4,5,7,0.295697,0.311685,84.170657,3,1,6,0.1,12
Cornea,Cornea,,14,7,21,14,7,21,7,0.28314,0.298059,2373.910953,11,1,6,0.080882,12
Boston_and_Lowell_Railroad,Boston_and_Lowell_Railroad,,0,13,13,0,13,13,7,0.320604,0.340487,0,3,1,92,0.141026,8
Chocolate,Chocolate,,20,27,47,20,27,47,7,0.319137,0.340195,8594.387794,11,1,6,0.059814,4
Gardening,Gardening,,9,18,27,9,18,27,6,0.329005,0.350826,1629.959513,11,1,6,0.168333,4
Bottlenose_Dolphin,Bottlenose_Dolphin,,4,27,31,4,27,31,7,0.326804,0.348543,3367.662044,2,1,6,0.135468,12
Bull_shark,Bull_shark,,6,29,35,6,29,35,7,0.320855,0.343417,701.638558,2,1,6,0.134581,12
U.S._Navy_Marine_Mammal_Program,U.S._Navy_Marine_Mammal_Program,,2,8,10,2,8,10,7,0.288829,0.304156,31.858244,3,1,6,0.097222,0
Jane_Eyre,Jane_Eyre,,1,19,20,1,19,20,7,0.317513,0.338559,477.629248,0,1,6,0.121053,3
Boundary_Waters_Canoe_Area_Wilderness,Boundary_Waters_Canoe_Area_Wilderness,,1,18,19,1,18,19,7,0.324424,0.346218,31.916888,7,1,6,0.196078,5
Bourbonnais_train_accident,Bourbonnais_train_accident,,0,5,5,0,5,5,7,0.298206,0.314787,0,3,1,93,0.6,8
Bouvet_Island,Bouvet_Island,,2,13,15,2,13,15,7,0.315609,0.335809,112.678333,5,1,6,0.307692,5
Boy_Scout,Boy_Scout,,1,8,9,1,8,9,7,0.304103,0.321459,106.71295,2,1,6,0.303571,7
Eagle_Scout_%28Boy_Scouts_of_America%29,Eagle_Scout_%28Boy_Scouts_of_America%29,,9,8,17,9,8,17,7,0.294708,0.309953,5104.800052,3,1,6,0.114286,7
Boyle_Roche,Boyle_Roche,,0,3,3,0,3,3,7,0.26297,0.27425,0,0,1,94,0.166667,11
Limerick,Limerick,,9,16,25,9,16,25,6,0.321695,0.342189,3587.837074,0,1,6,0.197464,5
Brabantian,Brabantian,,5,9,14,5,9,14,7,0.285755,0.300727,193.532613,10,1,6,0.597222,3
East_Flemish,East_Flemish,,5,13,18,5,13,18,7,0.292307,0.309186,384.156015,10,1,6,0.384615,3
Zuid-Gelders,Zuid-Gelders,,5,5,10,5,5,10,7,0.258036,0.269045,0,10,1,6,1,3
Brabham,Brabham,,2,9,11,2,9,11,7,0.307121,0.324739,192.608596,12,1,6,0.211111,4
Damon_Hill,Damon_Hill,,5,12,17,5,12,17,7,0.309371,0.327846,8559.029618,12,1,6,0.301282,11
Milton_Keynes,Milton_Keynes,,6,28,34,6,28,34,7,0.335069,0.360071,1144.634007,0,1,6,0.113978,5
Brachiosaurus,Brachiosaurus,,6,29,35,6,29,35,7,0.327994,0.351014,1400.825213,2,1,6,0.216129,12
Sauroposeidon,Sauroposeidon,,4,26,30,4,26,30,7,0.321746,0.344056,503.494154,2,1,6,0.244709,12
Trimurti,Trimurti,,2,6,8,2,6,8,8,0.269835,0.283338,6.106632,8,1,6,0.566667,14
Down_syndrome,Down_syndrome,,9,6,15,9,6,15,7,0.285634,0.300772,615.83879,11,1,6,0.02381,12
Huntington%27s_disease,Huntington%27s_disease,,3,9,12,3,9,12,8,0.28312,0.297432,144.184673,11,1,6,0.128788,12
Kuru_%28disease%29,Kuru_%28disease%29,,2,10,12,2,10,12,7,0.292117,0.307802,54.509437,11,1,6,0.233333,12
Tay-Sachs_disease,Tay-Sachs_disease,,2,11,13,2,11,13,7,0.316743,0.335383,178.701483,11,1,6,0.151515,12
Brandon_Routh,Brandon_Routh,,1,11,12,1,11,12,7,0.307541,0.325572,47.174798,4,1,6,0.090909,11
Bratislava,Bratislava,,13,48,61,13,48,61,6,0.336013,0.364114,2280.442147,10,1,6,0.230303,5
Economic_inequality,Economic_inequality,,4,22,26,4,22,26,7,0.322745,0.344123,1029.498724,9,1,6,0.121538,10
Pel%C3%A9,Pel%C3%A9,,10,16,26,10,16,26,7,0.300163,0.319011,1841.355062,6,1,6,0.133333,11
Butter,Butter,,18,51,69,18,51,69,7,0.351056,0.380201,6056.220646,11,1,6,0.121096,4
Last_Supper,Last_Supper,,8,12,20,8,12,20,7,0.298088,0.314489,778.956886,1,1,6,0.154412,14
Pumpkin,Pumpkin,,7,20,27,7,20,27,7,0.324242,0.345125,795.438394,11,1,6,0.123188,4
Soup,Soup,,19,57,76,19,57,76,7,0.350631,0.379157,7586.966427,11,1,6,0.082694,4
Breaker_Morant,Breaker_Morant,,1,14,15,1,14,15,7,0.311487,0.331527,42.345313,0,1,6,0.197802,11
Gold_standard,Gold_standard,,13,61,74,13,61,74,7,0.356929,0.387011,3415.635498,1,1,6,0.152214,10
Wall_Street,Wall_Street,,17,28,45,17,28,45,6,0.33347,0.357153,4478.966976,3,1,6,0.107692,5
Brian_Close,Brian_Close,,0,8,8,0,8,8,7,0.289933,0.305299,0,12,1,95,0.160714,11
Force,Force,,30,16,46,30,16,46,7,0.289965,0.306616,3184.788408,7,1,6,0.081646,12
Forth_Bridge_%28railway%29,Forth_Bridge_%28railway%29,,3,13,16,3,13,16,7,0.300185,0.317544,4786.568602,0,1,6,0.089744,8
Tay_Rail_Bridge,Tay_Rail_Bridge,,4,9,13,4,9,13,7,0.294944,0.311497,2296.99114,0,1,6,0.088889,8
The_Iron_Bridge,The_Iron_Bridge,,1,6,7,1,6,7,7,0.299498,0.314868,5.975763,0,1,6,0.233333,8
Tower_Bridge,Tower_Bridge,,7,10,17,7,10,17,7,0.299122,0.317126,624.624136,0,1,6,0.181818,8
George_IV_of_the_United_Kingdom,George_IV_of_the_United_Kingdom,,21,39,60,21,39,60,7,0.317537,0.341844,7509.946263,0,1,6,0.126701,11
Vodafone,Vodafone,,7,89,96,7,89,96,6,0.355926,0.388254,1674.419553,10,1,6,0.138527,10
Daniel_Day-Lewis,Daniel_Day-Lewis,,2,9,11,2,9,11,7,0.298593,0.316312,1206.544795,0,1,6,0.127273,11
John_Cabot,John_Cabot,,8,11,19,8,11,19,7,0.304172,0.323303,768.586285,0,1,6,0.172794,11
Mendip_Hills,Mendip_Hills,,7,29,36,7,29,36,7,0.325361,0.347818,12172.846426,2,1,6,0.088068,5
Goa,Goa,,19,51,70,19,51,70,7,0.340644,0.367409,8759.875089,8,1,6,0.089038,5
Walter_Raleigh,Walter_Raleigh,,10,22,32,10,22,32,7,0.320348,0.342037,1433.379843,0,1,6,0.097701,11
CS_gas,CS_gas,,2,31,33,2,31,33,7,0.337861,0.362615,706.230441,7,1,6,0.108902,12
Richard_II_of_England,Richard_II_of_England,,16,18,34,16,18,34,7,0.305294,0.325124,595.973335,0,1,6,0.231481,11
British_Indian_Ocean_Territory,British_Indian_Ocean_Territory,,21,56,77,21,56,77,6,0.342052,0.370202,2554.17107,5,1,6,0.199371,9
British_Virgin_Islands,British_Virgin_Islands,,16,23,39,16,23,39,6,0.339417,0.363328,2072.335525,5,1,6,0.164286,9
Diego_Garcia,Diego_Garcia,,3,23,26,3,23,26,6,0.326593,0.349133,58.650612,5,1,6,0.221014,5
French_Polynesia,French_Polynesia,,18,8,26,18,8,26,7,0.29574,0.313566,78.355658,5,1,6,0.182971,5
French_Southern_and_Antarctic_Lands,French_Southern_and_Antarctic_Lands,,17,14,31,17,14,31,7,0.311319,0.332136,374.907324,5,1,6,0.424138,5
Pitcairn_Islands,Pitcairn_Islands,,12,29,41,12,29,41,7,0.333361,0.356839,1791.155759,5,1,6,0.105263,5
British_Isles_%28terminology%29,British_Isles_%28terminology%29,,4,60,64,4,60,64,7,0.340129,0.368478,415.771857,0,1,6,0.173446,5
Fair_Isle,Fair_Isle,,3,8,11,3,8,11,7,0.292264,0.307057,796.068096,0,1,6,0.208333,5
Inner_Hebrides,Inner_Hebrides,,5,6,11,5,6,11,7,0.278128,0.292169,164.127996,0,1,6,0.446429,5
Isles_of_Scilly,Isles_of_Scilly,,8,15,23,8,15,23,7,0.319187,0.340212,2843.657266,0,1,6,0.152381,5
Ordovician,Ordovician,,15,17,32,15,17,32,7,0.313437,0.332578,1090.688858,2,1,6,0.21558,5
FIFA,FIFA,,23,26,49,23,26,49,7,0.33919,0.365214,1824.536138,6,1,6,0.224739,4
Edward_IV_of_England,Edward_IV_of_England,,16,17,33,16,17,33,7,0.296931,0.315689,762.362402,0,1,6,0.226449,11
Edward_VIII_of_the_United_Kingdom,Edward_VIII_of_the_United_Kingdom,,15,40,55,15,40,55,7,0.332023,0.358021,1978.82434,0,1,6,0.162319,11
Edward_V_of_England,Edward_V_of_England,,9,10,19,9,10,19,7,0.290651,0.307594,100.810448,0,1,6,0.395604,0
George_II_of_Great_Britain,George_II_of_Great_Britain,,13,24,37,13,24,37,7,0.32055,0.343875,652.942107,0,1,6,0.180871,11
Henry_IV_of_England,Henry_IV_of_England,,19,17,36,19,17,36,7,0.29602,0.314832,719.019411,0,1,6,0.156989,11
Henry_I_of_England,Henry_I_of_England,,19,16,35,19,16,35,7,0.296822,0.316371,2834.316011,0,1,6,0.199275,11
Henry_VI_of_England,Henry_VI_of_England,,13,19,32,13,19,32,7,0.296497,0.315627,683.995078,0,1,6,0.226449,11
Malcolm_III_of_Scotland,Malcolm_III_of_Scotland,,13,12,25,13,12,25,7,0.295675,0.313424,665.723765,0,1,6,0.194805,0
Malcolm_II_of_Scotland,Malcolm_II_of_Scotland,,6,13,19,6,13,19,7,0.294216,0.311866,146.654147,0,1,6,0.213235,0
Order_of_the_Thistle,Order_of_the_Thistle,,10,24,34,10,24,34,7,0.31831,0.340183,1136.533979,0,1,6,0.227586,0
Sandringham_House,Sandringham_House,,6,5,11,6,5,11,7,0.274067,0.287884,1.403213,0,1,6,0.732143,8
Stephen_of_England,Stephen_of_England,,9,13,22,9,13,22,7,0.298968,0.317526,3218.784471,0,1,6,0.225,0
William_II_of_England,William_II_of_England,,10,14,24,10,14,24,7,0.302605,0.322195,1175.303914,0,1,6,0.230994,11
Windsor_Castle,Windsor_Castle,,29,37,66,29,37,66,7,0.321695,0.345951,7619.187302,0,1,6,0.156109,5
Britney_Spears,Britney_Spears,,8,27,35,8,27,35,7,0.331317,0.3548,628.822687,13,1,6,0.166667,11
Dead_Sea,Dead_Sea,,19,48,67,19,48,67,7,0.344611,0.371202,10053.645972,1,1,6,0.091525,5
Revolution,Revolution,,21,34,55,21,34,55,7,0.3205,0.344954,3508.920738,9,1,6,0.088897,7
Brown_trout,Brown_trout,,6,19,25,6,19,25,7,0.314581,0.335203,451.688669,2,1,6,0.136667,12
Bruce_Lee,Bruce_Lee,,1,21,22,1,21,22,7,0.327359,0.349193,56.744507,8,1,96,0.179654,11
Fencing,Fencing,,7,17,24,7,17,24,7,0.321185,0.342995,267.024492,4,1,6,0.189723,4
Brush,Brush,,4,11,15,4,11,15,7,0.294365,0.310425,629.861722,7,1,6,0.065934,13
RER,RER,,2,2,4,2,2,4,7,0.274736,0.287971,1.525715,4,1,6,0,8
TGV,TGV,,11,38,49,11,38,49,6,0.338341,0.363875,23689.001595,10,1,6,0.159468,8
Brute_force_attack,Brute_force_attack,,4,4,8,4,4,8,7,0.29413,0.310799,232.685746,9,1,6,0.214286,1
Bryce_Canyon_National_Park,Bryce_Canyon_National_Park,,2,45,47,2,45,47,7,0.341937,0.366833,703.323378,2,1,6,0.084058,5
Mormon,Mormon,,14,8,22,14,8,22,7,0.288911,0.305969,397.787489,3,1,6,0.101732,14
Nuthatch,Nuthatch,,2,7,9,2,7,9,7,0.275876,0.288947,32.270837,2,1,6,0.333333,12
Zion_National_Park,Zion_National_Park,,3,44,47,3,44,47,7,0.337131,0.36212,711.272838,2,1,6,0.081643,5
Btrieve,Btrieve,,0,4,4,0,4,4,8,0.237718,0.247118,0,13,1,97,0.833333,1
Henri_Matisse,Henri_Matisse,,6,11,17,6,11,17,7,0.298483,0.315058,174.806092,4,1,6,0.261905,11
Paul_C%C3%A9zanne,Paul_C%C3%A9zanne,,12,10,22,12,10,22,7,0.303807,0.321762,626.31268,4,1,6,0.184211,11
Water_polo,Water_polo,,4,11,15,4,11,15,7,0.290839,0.307157,60.383258,3,1,6,0.192308,4
Buckminster_Fuller,Buckminster_Fuller,,3,11,14,3,11,14,7,0.32144,0.340866,234.759653,4,1,6,0.141026,11
Flat_Earth,Flat_Earth,,2,33,35,2,33,35,7,0.32954,0.354428,3131.738246,0,1,6,0.118538,14
Casablanca_%28film%29,Casablanca_%28film%29,,2,36,38,2,36,38,7,0.343007,0.368947,392.715195,10,1,6,0.19559,4
Intel_Corporation,Intel_Corporation,,2,16,18,2,16,18,7,0.313002,0.33383,2066.466857,13,1,6,0.150327,10
Rubik%27s_Cube,Rubik%27s_Cube,,3,16,19,3,16,19,7,0.316348,0.336771,340.804442,13,1,6,0.088235,4
Indo-Greek_Kingdom,Indo-Greek_Kingdom,,8,30,38,8,30,38,7,0.315707,0.337836,14822.426984,8,1,6,0.136975,0
Tao_Te_Ching,Tao_Te_Ching,,6,8,14,6,8,14,8,0.272519,0.286756,268.438364,8,1,6,0.189394,14
Tripitaka,Tripitaka,,4,7,11,4,7,11,8,0.263366,0.277311,2491.20703,8,1,6,0.446429,14
Vinaya,Vinaya,,4,17,21,4,17,21,7,0.295094,0.312769,2124.16759,8,1,6,0.352941,14
Greco-Buddhism,Greco-Buddhism,,4,35,39,4,35,39,7,0.320398,0.344428,630.791404,8,1,6,0.182432,14
Buffy_the_Vampire_Slayer,Buffy_the_Vampire_Slayer,,6,13,19,6,13,19,7,0.31077,0.329447,5308.262918,13,1,6,0.110294,4
Popular_culture_studies,Popular_culture_studies,,1,8,9,1,8,9,7,0.283397,0.29745,33.471047,13,1,6,0.125,7
Seinfeld,Seinfeld,,11,6,17,11,6,17,7,0.301884,0.31934,820.614694,13,1,6,0.120833,4
Bushpig,Bushpig,,0,6,6,0,6,6,7,0.286309,0.302282,0,2,1,98,0.466667,12
Constantine_I,Constantine_I,,11,31,42,11,31,42,7,0.31556,0.339132,1342.037208,1,1,6,0.207207,11
Manuel_I_Komnenos,Manuel_I_Komnenos,,3,28,31,3,28,31,7,0.320804,0.345248,283.520958,1,1,6,0.252463,11
Sun_Tzu,Sun_Tzu,,4,7,11,4,7,11,7,0.283081,0.298331,127.89885,8,1,6,0.081818,0
Hilda_of_Whitby,Hilda_of_Whitby,,2,16,18,2,16,18,7,0.303193,0.322033,199.557371,0,1,6,0.175,11
C._S._Lewis,C._S._Lewis,,9,40,49,9,40,49,7,0.327675,0.352496,10853.483901,0,1,6,0.070707,11
The_Pilgrim%27s_Progress,The_Pilgrim%27s_Progress,,3,15,18,3,15,18,7,0.307005,0.326333,4667.887806,0,1,6,0.154412,3
CPU_cache,CPU_cache,,2,2,4,2,2,4,8,0.234065,0.242669,0,13,1,6,1,1
Cochineal,Cochineal,,3,34,37,3,34,37,7,0.329781,0.353781,746.392705,2,1,6,0.130159,12
Cadmium,Cadmium,,19,39,58,19,39,58,7,0.333388,0.35873,3927.482097,7,1,6,0.214555,12
Indium,Indium,,9,33,42,9,33,42,7,0.313607,0.336444,361.805497,7,1,6,0.266667,12
Caesar_cipher,Caesar_cipher,,2,9,11,2,9,11,7,0.283556,0.298672,4608.419786,9,1,6,0.166667,1
ROT13,ROT13,,1,15,16,1,15,16,7,0.309726,0.329844,147.534522,9,1,6,0.147619,1
Caesium_fluoride,Caesium_fluoride,,1,6,7,1,6,7,8,0.261094,0.274564,4.31518,7,1,6,0.428571,12
Calcium_chloride,Calcium_chloride,,8,14,22,8,14,22,7,0.291592,0.308509,376.6714,7,1,6,0.19883,12
Thomas_Pynchon,Thomas_Pynchon,,7,45,52,7,45,52,7,0.330211,0.355674,2422.802289,9,1,6,0.068706,11
Scandium,Scandium,,7,39,46,7,39,46,7,0.330077,0.354252,399.865781,7,1,6,0.283333,12
Zirconium,Zirconium,,15,42,57,15,42,57,7,0.335958,0.362073,1439.144937,7,1,6,0.232941,12
Physical_science,Physical_science,,5,67,72,5,67,72,6,0.346348,0.374864,3859.400118,7,1,6,0.118841,12
Polar_coordinate_system,Polar_coordinate_system,,1,13,14,1,13,14,7,0.293364,0.310676,30.624723,9,1,6,0.24359,6
Canadian_House_of_Commons,Canadian_House_of_Commons,,16,10,26,16,10,26,7,0.296172,0.313634,663.095794,3,1,6,0.222944,7
Colorado_River,Colorado_River,,11,14,25,11,14,25,7,0.313947,0.332972,5520.795389,3,1,6,0.149351,5
Lake_Tahoe,Lake_Tahoe,,4,8,12,4,8,12,7,0.303852,0.320767,180.665507,3,1,6,0.144444,5
List_of_U.S._states_by_date_of_statehood,List_of_U.S._states_by_date_of_statehood,,8,10,18,8,10,18,7,0.299985,0.317384,148.103403,3,1,6,0.445455,5
Minimum_wage,Minimum_wage,,13,24,37,13,24,37,7,0.331372,0.355413,1789.976535,10,1,6,0.163102,10
Redwood_National_and_State_Parks,Redwood_National_and_State_Parks,,5,18,23,5,18,23,7,0.321542,0.342878,1131.587046,3,1,6,0.245614,5
Sequoia,Sequoia,,5,20,25,5,20,25,7,0.313244,0.332984,4376.99753,2,1,6,0.149351,12
California_Southern_Railroad,California_Southern_Railroad,,1,14,15,1,14,15,6,0.313656,0.33291,41.115895,3,1,6,0.291209,8
Cape_Horn,Cape_Horn,,10,24,34,10,24,34,7,0.332268,0.355688,1208.163742,6,1,6,0.192473,5
Ununoctium,Ununoctium,,7,14,21,7,14,21,7,0.291445,0.308774,45.04542,7,1,6,0.393382,12
Caloris_Basin,Caloris_Basin,,1,11,12,1,11,12,7,0.290235,0.30696,0.916488,7,1,6,0.409091,12
Krazy_Kat,Krazy_Kat,,4,16,20,4,16,20,7,0.308406,0.327392,497.251622,4,1,6,0.132353,4
Isan,Isan,,3,44,47,3,44,47,6,0.343997,0.370223,825.575442,8,1,6,0.081818,5
Mekong,Mekong,,13,23,36,13,23,36,7,0.324113,0.347305,1006.497864,8,1,6,0.274631,5
Stephen_Jay_Gould,Stephen_Jay_Gould,,15,26,41,15,26,41,7,0.331074,0.35279,4943.182874,9,1,6,0.104202,11
Ipswich,Ipswich,,8,25,33,8,25,33,7,0.319867,0.341758,825.457325,0,1,6,0.11828,5
Sinclair_Research_Ltd,Sinclair_Research_Ltd,,4,18,22,4,18,22,6,0.32116,0.342176,565.280212,13,1,6,0.131579,10
Niagara_Falls,Niagara_Falls,,10,21,31,10,21,31,7,0.316694,0.336532,1820.494328,3,1,6,0.130952,5
Parliament_of_Canada,Parliament_of_Canada,,13,16,29,13,16,29,7,0.316077,0.336816,933.251819,3,1,6,0.172101,7
Hawaiian_Goose,Hawaiian_Goose,,1,10,11,1,10,11,8,0.274885,0.288893,29.07289,2,1,6,0.4,12
Voting,Voting,,13,9,22,13,9,22,7,0.299564,0.317163,383.601127,9,1,6,0.139474,7
Westminster_System,Westminster_System,,10,30,40,10,30,40,7,0.326383,0.350627,3100.755614,9,1,6,0.155462,7
The_Canadian,The_Canadian,,2,9,11,2,9,11,6,0.307541,0.325859,32.513496,3,1,6,0.288889,8
Ebony,Ebony,,8,19,27,8,19,27,7,0.310461,0.330467,1773.330068,4,1,6,0.081028,12
Saint_Lawrence_Seaway,Saint_Lawrence_Seaway,,8,8,16,8,8,16,7,0.294944,0.312795,647.832804,3,1,6,0.179487,5
Lake_Burley_Griffin,Lake_Burley_Griffin,,3,10,13,3,10,13,7,0.296367,0.311837,248.610704,2,1,6,0.136364,5
Yarralumla%2C_Australian_Capital_Territory,Yarralumla%2C_Australian_Capital_Territory,,1,40,41,1,40,41,6,0.343734,0.370942,34.317564,8,1,6,0.253205,5
Hepatocellular_carcinoma,Hepatocellular_carcinoma,,1,6,7,1,6,7,7,0.286907,0.301993,25.641791,11,1,6,0.233333,12
Cane_Toad,Cane_Toad,,1,26,27,1,26,27,7,0.311966,0.331735,91.389052,2,1,6,0.105413,12
Canola,Canola,,5,7,12,5,7,12,7,0.304606,0.322707,182.247752,11,1,6,0.212121,4
Dover,Dover,,12,23,35,12,23,35,7,0.323105,0.346812,872.25822,0,1,6,0.133523,5
M25_motorway,M25_motorway,,6,17,23,6,17,23,7,0.318285,0.339714,1826.326605,0,1,6,0.197368,8
Margate,Margate,,4,12,16,4,12,16,7,0.307331,0.326921,176.858385,0,1,6,0.141667,5
Ramsgate,Ramsgate,,7,30,37,7,30,37,7,0.333416,0.359547,1147.133387,0,1,6,0.157143,5
Jomsvikings,Jomsvikings,,1,6,7,1,6,7,8,0.287967,0.304004,15.266777,0,1,6,0.428571,0
Coulomb%27s_law,Coulomb%27s_law,,12,11,23,12,11,23,7,0.273365,0.287841,294.182014,7,1,6,0.433333,12
Electric_field,Electric_field,,28,15,43,28,15,43,8,0.2707,0.285513,987.911762,7,1,6,0.222782,12
Gauss%27s_law,Gauss%27s_law,,9,14,23,9,14,23,7,0.274531,0.289475,312.560462,7,1,6,0.466667,12
Inductance,Inductance,,10,1,11,10,1,11,8,0.219932,0.227083,0.970048,7,1,6,0.833333,12
Maxwell%27s_equations,Maxwell%27s_equations,,20,18,38,20,18,38,7,0.281919,0.298037,4991.103901,7,1,6,0.331667,12
Cape_Porcupine,Cape_Porcupine,,0,7,7,0,7,7,7,0.287527,0.303816,0,2,1,99,0.380952,12
Valpara%C3%ADso,Valpara%C3%ADso,,7,9,16,7,9,16,7,0.299453,0.31699,276.575837,6,1,6,0.230769,5
Das_Kapital,Das_Kapital,,5,9,14,5,9,14,7,0.294259,0.310882,87.772068,9,1,6,0.212121,10
Leon_Trotsky,Leon_Trotsky,,17,45,62,17,45,62,6,0.339162,0.366128,2209.608022,10,1,6,0.214885,11
Capitoline_Triad,Capitoline_Triad,,1,6,7,1,6,7,8,0.269315,0.283411,8.535227,1,1,6,0.433333,14
Captain_Marvel_%28DC_Comics%29,Captain_Marvel_%28DC_Comics%29,,0,20,20,0,20,20,7,0.319316,0.340068,0,13,1,100,0.063158,4
M%2AA%2AS%2AH_%28TV_series%29,M%2AA%2AS%2AH_%28TV_series%29,,2,11,13,2,11,13,7,0.308829,0.327714,98.379287,3,1,6,0.159091,4
Worm,Worm,,5,5,10,5,5,10,8,0.26547,0.279044,106.630159,2,1,6,0.144444,12
Caracas,Caracas,,12,23,35,12,23,35,7,0.317961,0.34088,454.166356,6,1,6,0.184946,5
Caratacus,Caratacus,,1,7,8,1,7,8,8,0.285332,0.300535,3.849186,1,1,6,0.196429,11
The_Last_Supper_%28Leonardo%29,The_Last_Supper_%28Leonardo%29,,4,22,26,4,22,26,7,0.317264,0.339244,613.739036,4,1,6,0.143116,13
Utrecht_%28city%29,Utrecht_%28city%29,,9,20,29,9,20,29,7,0.311319,0.332234,317.299415,10,1,6,0.176638,5
Greenhouse_effect,Greenhouse_effect,,22,12,34,22,12,34,7,0.285172,0.301124,2924.4145,7,1,6,0.190887,5
Mauna_Loa,Mauna_Loa,,5,9,14,5,9,14,7,0.286097,0.301342,192.208989,7,1,6,0.277778,5
Pelycosaur,Pelycosaur,,6,11,17,6,11,17,7,0.300185,0.31793,196.966056,2,1,6,0.307692,12
Carcinus_maenas,Carcinus_maenas,,1,39,40,1,39,40,6,0.341965,0.368632,124.311007,2,1,6,0.167341,12
Magic__The_Gathering,Magic__The_Gathering,,6,14,20,6,14,20,7,0.3089,0.329281,753.569576,13,1,6,0.184211,4
Pok%C3%A9mon_Trading_Card_Game,Pok%C3%A9mon_Trading_Card_Game,,3,9,12,3,9,12,7,0.298769,0.316038,273.890024,13,1,6,0.1,4
Leeds,Leeds,,22,31,53,22,31,53,7,0.330993,0.356375,4234.790741,0,1,6,0.132092,5
Philately,Philately,,4,7,11,4,7,11,7,0.310342,0.328828,180.335303,10,1,6,0.1,4
Carl_G._Fisher,Carl_G._Fisher,,0,14,14,0,14,14,7,0.309992,0.328751,0,3,1,101,0.197802,11
Myers-Briggs_Type_Indicator,Myers-Briggs_Type_Indicator,,1,5,6,1,5,6,7,0.283913,0.29794,17.771764,9,1,6,0.05,12
Carl_Lewis,Carl_Lewis,,3,18,21,3,18,21,7,0.320044,0.342253,148.888483,10,1,6,0.181287,11
Jesse_Owens,Jesse_Owens,,3,15,18,3,15,18,7,0.302109,0.320874,512.188233,10,1,6,0.125,11
Daniel_Ellsberg,Daniel_Ellsberg,,1,14,15,1,14,15,7,0.301435,0.320117,15.93628,3,1,6,0.166667,11
Carlsbad_Caverns_National_Park,Carlsbad_Caverns_National_Park,,1,14,15,1,14,15,7,0.312279,0.331118,36.998983,7,1,6,0.114286,5
Gray_Wolf,Gray_Wolf,,5,29,34,5,29,34,7,0.319489,0.342132,786.732268,2,1,6,0.114919,12
Caroline_Island,Caroline_Island,,2,24,26,2,24,26,7,0.327199,0.348825,219.206239,2,1,6,0.143116,5
Kiribati,Kiribati,,20,24,44,20,24,44,7,0.328605,0.351684,6346.995772,5,1,6,0.199147,5
Niue,Niue,,17,15,32,17,15,32,7,0.312833,0.331665,241.126286,5,1,6,0.205026,5
Sea_level_rise,Sea_level_rise,,12,24,36,12,24,36,7,0.320753,0.341766,1325.53992,7,1,6,0.085057,7
Carolingian_Gospel_Book_%28British_Library%2C_MS_Add._11848%29,Carolingian_Gospel_Book_%28British_Library%2C_MS_Add._11848%29,,0,5,5,0,5,5,7,0.287915,0.303713,0,0,1,102,0.55,0
Parsnip,Parsnip,,3,12,15,3,12,15,7,0.309749,0.328277,204.312403,11,1,6,0.198718,12
Casimir_effect,Casimir_effect,,2,12,14,2,12,14,7,0.293555,0.310434,103.938568,7,1,6,0.301282,12
Renormalization,Renormalization,,7,16,23,7,16,23,7,0.304423,0.322999,591.970505,7,1,6,0.295322,12
Enceladus_%28moon%29,Enceladus_%28moon%29,,9,19,28,9,19,28,7,0.316892,0.33777,654.131708,7,1,6,0.181538,12
Great_Red_Spot,Great_Red_Spot,,7,7,14,7,7,14,7,0.286017,0.300475,48.268449,7,1,6,0.395604,12
Cassowary,Cassowary,,3,12,15,3,12,15,7,0.301727,0.31971,218.061616,2,1,6,0.262821,12
Wild_cat,Wild_cat,,3,27,30,3,27,30,7,0.332268,0.356829,1045.878044,2,1,6,0.21164,12
Cat%27s_Eye_Nebula,Cat%27s_Eye_Nebula,,1,13,14,1,13,14,7,0.29155,0.307432,0.714352,7,1,6,0.378205,12
Cat_Stevens,Cat_Stevens,,1,29,30,1,29,30,7,0.340129,0.365847,164.806168,1,1,6,0.173563,11
Cataract,Cataract,,7,8,15,7,8,15,8,0.280787,0.294548,910.715887,11,1,6,0.076923,12
Cataract_surgery,Cataract_surgery,,0,10,10,0,10,10,7,0.292421,0.309175,0,11,1,103,0.133333,12
Catherine_Cranston,Catherine_Cranston,,0,8,8,0,8,8,7,0.297418,0.314144,0,0,1,104,0.464286,0
Catholic_social_teaching,Catholic_social_teaching,,3,18,21,3,18,21,7,0.310413,0.331328,258.919256,9,1,6,0.210526,14
Human_dignity,Human_dignity,,3,1,4,3,1,4,8,0.242377,0.251659,3.831735,9,1,6,0.166667,7
Mammoth_Cave_National_Park,Mammoth_Cave_National_Park,,2,23,25,2,23,25,7,0.327173,0.349594,242.252642,7,1,6,0.117754,5
Stingray,Stingray,,5,18,23,5,18,23,7,0.32484,0.346181,5322.709964,2,1,6,0.114286,12
Celeriac,Celeriac,,1,5,6,1,5,6,8,0.263778,0.276895,0.638132,11,1,6,0.5,12
Celine_Dion,Celine_Dion,,5,29,34,5,29,34,6,0.328952,0.352767,2100.549276,4,1,6,0.177083,11
Louis_Armstrong,Louis_Armstrong,,9,29,38,9,29,38,7,0.33902,0.364276,1427.597427,4,1,6,0.152941,11
Order_of_Canada,Order_of_Canada,,6,19,25,6,19,25,7,0.323311,0.344788,369.700776,3,1,6,0.150198,0
Francis_Crick,Francis_Crick,,11,31,42,11,31,42,7,0.329674,0.352241,8216.309313,11,1,6,0.157754,11
James_D._Watson,James_D._Watson,,7,16,23,7,16,23,7,0.305156,0.323204,829.592269,11,1,6,0.212418,11
Cello,Cello,,11,23,34,11,23,34,7,0.303807,0.322577,1128.632924,4,1,6,0.11954,2
Celtic_F.C.,Celtic_F.C.,,8,15,23,8,15,23,7,0.299941,0.317354,4786.31569,0,1,6,0.212418,4
Celtic_Park,Celtic_Park,,2,6,8,2,6,8,7,0.284731,0.300199,10.855777,0,1,6,0.5,4
Dundee_United_F.C.,Dundee_United_F.C.,,2,13,15,2,13,15,7,0.308947,0.328203,64.716968,0,1,6,0.378205,4
Scottish_mythology,Scottish_mythology,,3,7,10,3,7,10,7,0.277386,0.291974,95.951148,0,1,6,0.267857,14
Quantum_computer,Quantum_computer,,6,13,19,6,13,19,7,0.293364,0.309864,1002.179625,9,1,6,0.192308,1
Ceratopsidae,Ceratopsidae,,6,12,18,6,12,18,8,0.284991,0.300419,6523.896807,2,1,6,0.435897,12
Monoclonius,Monoclonius,,1,17,18,1,17,18,8,0.300831,0.319034,87.641813,2,1,6,0.264706,12
Styracosaurus,Styracosaurus,,3,11,14,3,11,14,8,0.286907,0.301848,31.603859,2,1,6,0.365385,12
Health,Health,,18,13,31,18,13,31,7,0.295869,0.312366,7489.768476,11,1,6,0.04416,12
Gas_tungsten_arc_welding,Gas_tungsten_arc_welding,,7,28,35,7,28,35,7,0.297891,0.317433,617.755315,7,1,6,0.232804,8
Neodymium,Neodymium,,10,25,35,10,25,35,7,0.305824,0.326111,722.608336,7,1,6,0.237892,12
Praseodymium,Praseodymium,,6,24,30,6,24,30,7,0.298637,0.318522,72.909142,7,1,6,0.27,12
Yttrium,Yttrium,,18,40,58,18,40,58,7,0.301929,0.323396,1385.447278,7,1,6,0.289084,12
Senufo_languages,Senufo_languages,,10,4,14,10,4,14,7,0.265002,0.276736,0,5,1,6,0.774725,3
Gal%C3%A1pagos_Islands,Gal%C3%A1pagos_Islands,,10,42,52,10,42,52,7,0.345904,0.371483,9600.062349,2,1,6,0.103865,9
Poor_Law,Poor_Law,,7,8,15,7,8,15,7,0.305317,0.323237,176.721281,0,1,6,0.208791,0
David_Copperfield_%28novel%29,David_Copperfield_%28novel%29,,4,12,16,4,12,16,7,0.303534,0.321934,171.86019,0,1,6,0.190476,3
Oliver_Twist,Oliver_Twist,,3,27,30,3,27,30,7,0.332322,0.355121,1068.005273,13,1,6,0.102217,3
Shoe_polish,Shoe_polish,,1,24,25,1,24,25,6,0.338878,0.362687,141.593446,12,1,6,0.211667,4
Maya_mythology,Maya_mythology,,4,18,22,4,18,22,7,0.317637,0.338368,394.465225,6,1,6,0.147619,14
Newmarket,Newmarket,,2,15,17,2,15,17,7,0.319792,0.341338,475.570067,0,1,6,0.216667,5
Charlotte%27s_Web,Charlotte%27s_Web,,1,6,7,1,6,7,7,0.298549,0.315383,60.303639,13,1,6,0.119048,3
Nintendo_DS,Nintendo_DS,,10,11,21,10,11,21,7,0.301233,0.318881,436.42863,13,1,6,0.212418,4
Chartism,Chartism,,1,18,19,1,18,19,7,0.315978,0.337309,69.486513,0,1,6,0.215686,0
Che_Guevara,Che_Guevara,,10,58,68,10,58,68,7,0.335846,0.364598,1682.944917,6,1,6,0.109871,11
Malcolm_X,Malcolm_X,,7,38,45,7,38,45,6,0.331941,0.357844,921.700806,5,1,6,0.159468,11
Kansas_City%2C_Missouri,Kansas_City%2C_Missouri,,21,43,64,21,43,64,7,0.33919,0.366681,5885.116816,3,1,6,0.10973,5
Speaker_of_the_United_States_House_of_Representatives,Speaker_of_the_United_States_House_of_Representatives,,11,11,22,11,11,22,7,0.285714,0.302909,149.997114,3,1,6,0.24269,7
Kitsch,Kitsch,,3,27,30,3,27,30,7,0.335069,0.36042,396.947394,9,1,6,0.147126,13
Space_exploration,Space_exploration,,12,34,46,12,34,46,7,0.326462,0.350442,13213.73741,10,1,6,0.159468,12
Tooth_enamel,Tooth_enamel,,3,11,14,3,11,14,8,0.290484,0.306118,302.397477,11,1,6,0.115385,12
Lutetium,Lutetium,,8,27,35,8,27,35,7,0.307587,0.327575,268.463179,7,1,6,0.284483,12
Niobium,Niobium,,13,44,57,13,44,57,7,0.330696,0.35561,983.447736,7,1,6,0.276596,12
Computational_chemistry,Computational_chemistry,,4,10,14,4,10,14,7,0.274141,0.289004,146.401145,7,1,6,0.266667,12
Quantum_chemistry,Quantum_chemistry,,7,10,17,7,10,17,7,0.282844,0.298359,324.309367,7,1,6,0.401515,12
Chepstow_Bridge,Chepstow_Bridge,,0,3,3,0,3,3,7,0.266864,0.278921,0,0,1,105,0.5,8
Chernobyl_disaster,Chernobyl_disaster,,5,50,55,5,50,55,6,0.354309,0.380813,2104.222242,7,1,6,0.133473,0
Eleocharis_dulcis,Eleocharis_dulcis,,1,9,10,1,9,10,8,0.294793,0.311469,47.650498,8,1,6,0.144444,12
Chew_Magna,Chew_Magna,,4,22,26,4,22,26,7,0.324892,0.347766,20847.54314,2,1,6,0.146245,5
Chew_Stoke,Chew_Stoke,,3,24,27,3,24,27,7,0.327015,0.350893,78.051643,2,1,6,0.153986,5
Chew_Valley,Chew_Valley,,3,41,44,3,41,44,7,0.335846,0.360106,6879.6111,2,1,6,0.069512,5
Chew_Valley_Lake,Chew_Valley_Lake,,5,33,38,5,33,38,7,0.325387,0.348401,11539.244296,2,1,6,0.073975,5
Mistle_Thrush,Mistle_Thrush,,1,12,13,1,12,13,8,0.289903,0.306171,51.085504,2,1,6,0.307692,12
Wren,Wren,,2,5,7,2,5,7,8,0.268264,0.281147,19.52191,2,1,6,0.309524,12
Pochard,Pochard,,1,19,20,1,19,20,7,0.319338,0.340701,4633.031467,2,1,6,0.228947,12
Reed_Warbler,Reed_Warbler,,2,10,12,2,10,12,7,0.307238,0.326737,42.430477,2,1,6,0.242424,12
Chicago_Bears,Chicago_Bears,,3,7,10,3,7,10,7,0.294152,0.310657,361.564752,3,1,6,0.267857,4
Dakota%2C_Minnesota_and_Eastern_Railroad,Dakota%2C_Minnesota_and_Eastern_Railroad,,1,13,14,1,13,14,7,0.310413,0.32941,64.737208,3,1,6,0.217949,8
Common_cold,Common_cold,,8,27,35,8,27,35,7,0.339105,0.362731,1500.005702,11,1,6,0.091734,12
Child,Child,,6,11,17,6,11,17,8,0.290547,0.306988,822.509123,9,1,6,0.061905,12
Convention_on_the_Rights_of_the_Child,Convention_on_the_Rights_of_the_Child,,4,7,11,4,7,11,7,0.302876,0.321883,416.643383,9,1,6,0.305556,7
Chiltern_Hills,Chiltern_Hills,,1,5,6,1,5,6,8,0.282491,0.297422,43.433212,0,1,106,0.2,5
Dunstable_Downs,Dunstable_Downs,,1,4,5,1,4,5,8,0.282687,0.298456,27.519755,0,1,106,0.416667,5
Sun_Yat-sen,Sun_Yat-sen,,9,38,47,9,38,47,6,0.340072,0.365803,1650.602585,8,1,6,0.200846,11
Chinese_Rites_controversy,Chinese_Rites_controversy,,0,11,11,0,11,11,7,0.298249,0.315435,0,8,1,107,0.245455,14
Chinyingi,Chinyingi,,1,5,6,1,5,6,8,0.284332,0.29923,2.199647,5,1,6,0.35,5
J._S._Fry_%26_Sons,J._S._Fry_%26_Sons,,1,4,5,1,4,5,7,0.283477,0.297194,29.610817,11,1,6,0.25,10
The_Count_of_Monte_Cristo,The_Count_of_Monte_Cristo,,2,20,22,2,20,22,7,0.313704,0.334423,147.970803,9,1,6,0.161905,3
Chris_Evert,Chris_Evert,,6,15,21,6,15,21,7,0.31199,0.331227,6478.001104,12,1,6,0.309524,11
Fed_Cup,Fed_Cup,,3,39,42,3,39,42,6,0.337075,0.364019,270.495744,12,1,6,0.22439,4
Martina_Navratilova,Martina_Navratilova,,4,14,18,4,14,18,7,0.30472,0.323821,267.925182,12,1,6,0.302198,11
WTA_Tour_Championships,WTA_Tour_Championships,,1,11,12,1,11,12,7,0.310842,0.330296,26.434143,3,1,6,0.354545,4
Firearm,Firearm,,14,15,29,14,15,29,7,0.318911,0.339492,1175.891579,10,1,6,0.091168,0
Jake_Gyllenhaal,Jake_Gyllenhaal,,3,21,24,3,21,24,7,0.326225,0.348329,5041.919735,3,1,6,0.092885,11
Pac-Man,Pac-Man,,6,23,29,6,23,29,7,0.316151,0.336722,6522.199456,13,1,6,0.071429,4
Treasure_Island,Treasure_Island,,4,17,21,4,17,21,7,0.313123,0.332637,560.920494,0,1,6,0.084211,3
Oswald_of_Northumbria,Oswald_of_Northumbria,,4,14,18,4,14,18,7,0.287253,0.303542,224.242783,0,1,6,0.195238,0
Cultural_identity,Cultural_identity,,7,5,12,7,5,12,8,0.273328,0.286263,193.307828,9,1,6,0.218182,7
Sonic_the_Hedgehog_%28character%29,Sonic_the_Hedgehog_%28character%29,,2,25,27,2,25,27,7,0.328073,0.348919,2621.302065,13,1,6,0.091667,4
Strait_of_Malacca,Strait_of_Malacca,,4,20,24,4,20,24,7,0.31351,0.335529,101.232822,8,1,6,0.257143,5
Chromatic_aberration,Chromatic_aberration,,3,4,7,3,4,7,8,0.263076,0.275331,66.364307,7,1,6,0.266667,12
Cicely,Cicely,,0,9,9,0,9,9,7,0.300081,0.31756,0,11,1,108,0.319444,12
Poetry_of_the_United_States,Poetry_of_the_United_States,,7,33,40,7,33,40,7,0.333388,0.35894,16576.716407,4,1,6,0.165546,3
The_Godfather,The_Godfather,,7,22,29,7,22,29,7,0.326567,0.349569,3090.456106,13,1,6,0.22,4
The_Shawshank_Redemption,The_Shawshank_Redemption,,2,7,9,2,7,9,7,0.284332,0.298681,106.545488,13,1,6,0.097222,4
Community,Community,,11,35,46,11,35,46,6,0.337833,0.36272,7205.028376,9,1,6,0.108879,7
Juice,Juice,,8,11,19,8,11,19,7,0.31163,0.331067,889.469357,11,1,6,0.124183,4
Kaffir_lime,Kaffir_lime,,1,11,12,1,11,12,8,0.296215,0.313439,19.830043,2,1,6,0.181818,12
Patna,Patna,,4,23,27,4,23,27,7,0.319691,0.340907,501.328801,8,1,6,0.121538,5
Derby,Derby,,10,31,41,10,31,41,7,0.332023,0.356753,2126.300417,0,1,6,0.142959,5
Salford,Salford,,5,11,16,5,11,16,7,0.310961,0.331921,124.440675,0,1,6,0.236264,5
Civil_War_token,Civil_War_token,,0,8,8,0,8,8,7,0.303268,0.320942,0,7,1,109,0.25,0
Social_capital,Social_capital,,4,9,13,4,9,13,7,0.285875,0.300787,107.495658,9,1,6,0.1,7
Henry_Moore,Henry_Moore,,5,21,26,5,21,26,7,0.315732,0.336602,995.51496,0,1,6,0.116601,11
Jordan_River,Jordan_River,,12,20,32,12,20,32,7,0.312423,0.333328,1275.386213,1,1,6,0.225,5
Olmec,Olmec,,7,14,21,7,14,21,7,0.30299,0.321178,780.279056,6,1,6,0.163399,0
Oppression,Oppression,,5,3,8,5,3,8,8,0.258513,0.26976,39.42191,9,1,6,0.089286,7
Macintosh,Macintosh,,18,16,34,18,16,34,7,0.286158,0.302726,3621.243123,13,1,6,0.08867,1
John_Constable,John_Constable,,14,6,20,14,6,20,7,0.290985,0.306994,636.303267,4,1,6,0.176471,11
Laurence_Olivier,Laurence_Olivier,,15,16,31,15,16,31,7,0.306402,0.325362,8925.484305,0,1,6,0.088768,11
Cleopatra_VII_of_Egypt,Cleopatra_VII_of_Egypt,,0,19,19,0,19,19,7,0.303729,0.322903,0,1,1,110,0.225146,11
North_Atlantic_oscillation,North_Atlantic_oscillation,,1,13,14,1,13,14,7,0.304263,0.322543,29.836574,7,1,6,0.142857,5
Retreat_of_glaciers_since_1850,Retreat_of_glaciers_since_1850,,10,53,63,10,53,63,7,0.338228,0.366846,6545.70734,8,1,6,0.126599,5
Norwich,Norwich,,15,46,61,15,46,61,6,0.346822,0.375243,4126.466803,0,1,6,0.110902,5
Clone_Wars_%28Star_Wars%29,Clone_Wars_%28Star_Wars%29,,4,14,18,4,14,18,7,0.314166,0.333646,588.974537,13,1,6,0.159341,4
Darth_Vader,Darth_Vader,,6,14,20,6,14,20,7,0.297563,0.313806,761.669521,13,1,6,0.195238,4
Obi-Wan_Kenobi,Obi-Wan_Kenobi,,3,13,16,3,13,16,7,0.305616,0.323825,243.113824,13,1,6,0.115385,4
Coal_Tit,Coal_Tit,,0,15,15,0,15,15,7,0.308934,0.329297,0,2,1,111,0.228571,12
Cockatiel,Cockatiel,,2,8,10,2,8,10,7,0.293619,0.309297,47.082045,2,1,6,0.188889,12
Coconut_oil,Coconut_oil,,5,3,8,5,3,8,8,0.26962,0.281946,117.440277,11,1,6,0.166667,4
New_moon,New_moon,,4,5,9,4,5,9,7,0.292286,0.308586,137.050627,7,1,6,0.190476,12
Omega-3_fatty_acid,Omega-3_fatty_acid,,7,16,23,7,16,23,7,0.310866,0.330012,2112.295253,11,1,6,0.073684,12
Colditz_Castle,Colditz_Castle,,0,68,68,0,68,68,6,0.359574,0.389645,0,10,1,113,0.128622,0
Mauthausen-Gusen_concentration_camp,Mauthausen-Gusen_concentration_camp,,2,9,11,2,9,11,7,0.293428,0.310826,4.591679,10,1,6,0.427273,0
The_Importance_of_Being_Earnest,The_Importance_of_Being_Earnest,,1,4,5,1,4,5,7,0.291958,0.308698,0.245683,0,1,112,0.4,3
Colima_%28volcano%29,Colima_%28volcano%29,,2,4,6,2,4,6,7,0.285152,0.299496,8.018157,6,1,6,0.4,5
Collapse_of_the_World_Trade_Center,Collapse_of_the_World_Trade_Center,,1,4,5,1,4,5,7,0.278625,0.291664,10.926881,3,1,6,0.416667,0
Stage_%28theatre%29,Stage_%28theatre%29,,4,11,15,4,11,15,7,0.300497,0.31839,5550.187404,13,1,6,0.164835,3
The_Relapse,The_Relapse,,5,10,15,5,10,15,7,0.27442,0.288394,1923.323005,0,1,6,0.172727,3
Theatre_Royal%2C_Drury_Lane,Theatre_Royal%2C_Drury_Lane,,10,16,26,10,16,26,7,0.306008,0.324425,3948.107773,0,1,6,0.114286,3
Federated_States_of_Micronesia,Federated_States_of_Micronesia,,15,24,39,15,24,39,7,0.325361,0.349302,2842.878698,5,1,6,0.3125,5
Hoover_Dam,Hoover_Dam,,8,16,24,8,16,24,7,0.313244,0.332818,711.817214,3,1,6,0.146199,8
Lake_Mead,Lake_Mead,,8,4,12,8,4,12,7,0.291613,0.307802,135.146019,3,1,6,0.3,5
Lake_Powell,Lake_Powell,,4,6,10,4,6,10,7,0.279567,0.293184,269.67937,3,1,6,0.044444,5
Colossus_of_Rhodes,Colossus_of_Rhodes,,1,8,9,1,8,9,7,0.292286,0.309039,32.379941,1,1,6,0.152778,8
Missouri_River,Missouri_River,,15,22,37,15,22,37,7,0.326514,0.350107,2287.063617,3,1,6,0.189516,5
Doom,Doom,,5,19,24,5,19,24,7,0.311057,0.330037,10487.925037,13,1,6,0.139474,4
Deconstructivism,Deconstructivism,,2,11,13,2,11,13,7,0.292729,0.309969,228.12686,10,1,6,0.145455,8
Comet_Hale-Bopp,Comet_Hale-Bopp,,3,26,29,3,26,29,7,0.319918,0.341379,5216.78849,7,1,6,0.183077,12
Comet_Hyakutake,Comet_Hyakutake,,4,22,26,4,22,26,7,0.309065,0.329459,5342.479681,7,1,6,0.268775,12
Great_comet,Great_comet,,3,6,9,3,6,9,8,0.26622,0.278708,4600.005084,7,1,6,0.433333,12
Eilmer_of_Malmesbury,Eilmer_of_Malmesbury,,2,4,6,2,4,6,7,0.280069,0.294115,19.674903,0,1,6,0.166667,11
Mir,Mir,,11,17,28,11,17,28,7,0.319867,0.340068,1351.137035,3,1,6,0.141538,12
Space_Shuttle_Challenger_disaster,Space_Shuttle_Challenger_disaster,,12,12,24,12,12,24,7,0.293768,0.30958,1013.123319,3,1,6,0.091503,12
Comet_White-Ortiz-Bolelli,Comet_White-Ortiz-Bolelli,,0,10,10,0,10,10,7,0.305323,0.323538,0,7,1,114,0.277778,12
Comics,Comics,,6,25,31,6,25,31,7,0.330023,0.352769,2472.580365,13,1,6,0.095402,4
The_Beano,The_Beano,,4,7,11,4,7,11,7,0.298747,0.315079,101.912966,0,1,6,0.222222,4
The_Dandy,The_Dandy,,3,9,12,3,9,12,7,0.307121,0.326115,201.235044,0,1,6,0.155556,4
Comma_Johanneum,Comma_Johanneum,,1,18,19,1,18,19,7,0.312423,0.333464,94.295346,9,1,6,0.173203,14
Common_Basilisk,Common_Basilisk,,0,11,11,0,11,11,8,0.286633,0.302233,0,2,1,115,0.409091,12
Common_Cuckoo,Common_Cuckoo,,3,16,19,3,16,19,7,0.31089,0.331803,6159.678848,2,1,6,0.261029,12
Dunnock,Dunnock,,3,11,14,3,11,14,7,0.299409,0.316401,44.420264,2,1,6,0.365385,12
Common_Eider,Common_Eider,,0,11,11,0,11,11,7,0.296613,0.31346,0,2,1,116,0.218182,12
Common_Hazel,Common_Hazel,,1,28,29,1,28,29,7,0.337833,0.362171,57.269869,11,1,6,0.112069,12
Common_Pheasant,Common_Pheasant,,0,13,13,0,13,13,7,0.318189,0.336817,0,2,1,117,0.24359,4
Common_agouti,Common_agouti,,0,6,6,0,6,6,8,0.277531,0.291411,0,2,1,118,0.3,12
Squash_%28sport%29,Squash_%28sport%29,,9,9,18,9,9,18,7,0.319414,0.339809,5009.815215,0,1,6,0.110294,4
Tuvalu,Tuvalu,,26,29,55,26,29,55,7,0.33358,0.358258,1175.655891,5,1,6,0.229592,5
Robert_Owen,Robert_Owen,,6,16,22,6,16,22,6,0.319615,0.340548,521.677646,0,1,6,0.128947,11
Local_community,Local_community,,1,0,1,1,0,1,0,0,0,0,9,1,2,0,7
Oviraptor,Oviraptor,,4,18,22,4,18,22,8,0.296605,0.313482,1015.295657,2,1,6,0.327485,12
Schr%C3%B6dinger_equation,Schr%C3%B6dinger_equation,,14,9,23,14,9,23,8,0.279721,0.294611,1440.941002,7,1,6,0.223684,12
GNOME,GNOME,,11,11,22,11,11,22,7,0.261683,0.273785,5901.092385,13,1,6,0.215686,1
History_of_computing_hardware,History_of_computing_hardware,,2,28,30,2,28,30,7,0.318786,0.340958,1053.321877,9,1,6,0.102217,0
Python_%28programming_language%29,Python_%28programming_language%29,,2,9,11,2,9,11,7,0.278052,0.292329,743.728795,13,1,6,0.236364,1
Trigonometry,Trigonometry,,12,31,43,12,31,43,7,0.31223,0.333451,3113.690695,9,1,6,0.109615,6
Nintendo_Entertainment_System,Nintendo_Entertainment_System,,17,15,32,17,15,32,7,0.317986,0.339423,1774.908107,13,1,6,0.147126,4
Rosa_Parks,Rosa_Parks,,3,20,23,3,20,23,7,0.315486,0.336822,209.304655,3,1,6,0.223684,11
Conflict,Conflict,,5,11,16,5,11,16,7,0.297651,0.316674,271.247585,9,1,6,0.091667,7
Three_Gorges_Dam,Three_Gorges_Dam,,4,15,19,4,15,19,7,0.299697,0.31814,722.830452,8,1,6,0.124183,8
Constantine_II_of_Scotland,Constantine_II_of_Scotland,,3,9,12,3,9,12,7,0.287395,0.303055,37.529039,0,1,6,0.151515,0
Constitution_of_May_3%2C_1791,Constitution_of_May_3%2C_1791,,2,25,27,2,25,27,7,0.320906,0.343772,155.255873,10,1,6,0.196923,7
History_of_democracy,History_of_democracy,,3,44,47,3,44,47,7,0.330993,0.357481,300.709619,1,1,6,0.088406,7
El_Lissitzky,El_Lissitzky,,2,38,40,2,38,40,7,0.330372,0.356188,363.815103,10,1,6,0.203779,11
Consumer_protection,Consumer_protection,,2,8,10,2,8,10,7,0.309182,0.328031,91.524879,9,1,6,0.266667,7
Contact_lens,Contact_lens,,4,21,25,4,21,25,7,0.322258,0.343223,6076.113216,11,1,6,0.110672,8
Eyelid,Eyelid,,3,2,5,3,2,5,8,0.235001,0.244001,3.49539,11,1,6,0.583333,12
Fusarium,Fusarium,,1,2,3,1,2,3,8,0.237855,0.246664,2.396935,11,1,6,0.333333,12
Igneous_rock,Igneous_rock,,13,29,42,13,29,42,7,0.309371,0.330292,2517.167786,7,1,6,0.194872,5
Control_car_%28rail%29,Control_car_%28rail%29,,0,11,11,0,11,11,7,0.312091,0.331396,0,3,1,119,0.354545,8
Convention_on_the_International_Trade_in_Endangered_Species_of_Wild_Flora_and_Fauna,Convention_on_the_International_Trade_in_Endangered_Species_of_Wild_Flora_and_Fauna,,3,4,7,3,4,7,7,0.276083,0.288663,25.723335,2,1,6,0.02381,7
International_human_rights_instruments,International_human_rights_instruments,,2,3,5,2,3,5,7,0.2783,0.292367,6.772954,9,1,6,0.666667,7
Hafnium,Hafnium,,9,38,47,9,38,47,7,0.310675,0.333384,1291.280814,7,1,6,0.30027,12
Copenhagen_Fire_of_1728,Copenhagen_Fire_of_1728,,0,7,7,0,7,7,7,0.291182,0.305906,0,10,1,120,0.261905,0
Great_Cormorant,Great_Cormorant,,2,20,22,2,20,22,7,0.323389,0.345195,267.286071,2,1,6,0.209524,12
Corn_oil,Corn_oil,,3,5,8,3,5,8,8,0.272026,0.285137,60.67226,11,1,6,0.214286,4
Crash_test_dummy,Crash_test_dummy,,1,16,17,1,16,17,7,0.305248,0.323794,58.504555,2,1,6,0.055147,8
PONG,PONG,,6,3,9,6,3,9,7,0.300408,0.317374,573.699621,13,1,6,0.111111,4
The_West_Wing_%28TV_series%29,The_West_Wing_%28TV_series%29,,7,54,61,7,54,61,7,0.34423,0.373151,994.562945,3,1,6,0.118352,4
Coronation_Street,Coronation_Street,,11,23,34,11,23,34,7,0.322258,0.344354,1120.842112,0,1,6,0.175269,4
Corporate_finance,Corporate_finance,,3,10,13,3,10,13,7,0.311271,0.329525,5887.750106,9,1,6,0.190909,10
Investment_banking,Investment_banking,,1,6,7,1,6,7,7,0.303716,0.320899,0,9,1,6,0.5,10
Supply_chain_management,Supply_chain_management,,3,2,5,3,2,5,7,0.241209,0.249903,20.998756,9,1,6,0,10
Costume_design,Costume_design,,1,5,6,1,5,6,7,0.264535,0.276019,43.599468,13,1,6,0,3
Howards_End,Howards_End,,2,7,9,2,7,9,7,0.301951,0.319603,608.37714,0,1,6,0.25,3
Lighting_designer,Lighting_designer,,2,1,3,2,1,3,8,0.243996,0.2527,5.769114,13,1,6,0,3
Gossypium,Gossypium,,2,11,13,2,11,13,7,0.317388,0.338341,58.935205,6,1,6,0.212121,12
Coupling_%28railway%29,Coupling_%28railway%29,,2,23,25,2,23,25,7,0.328898,0.352535,9719.296671,6,1,6,0.151667,8
Lynton_and_Barnstaple_Railway,Lynton_and_Barnstaple_Railway,,3,11,14,3,11,14,7,0.305248,0.323888,4671.919684,0,1,6,0.189394,8
Montreal_Metro,Montreal_Metro,,2,9,11,2,9,11,7,0.292729,0.309347,54.857561,3,1,6,0.188889,8
Thor,Thor,,10,14,24,10,14,24,7,0.307214,0.325671,1680.582454,1,1,6,0.078571,14
Craters_of_the_Moon_National_Monument_and_Preserve,Craters_of_the_Moon_National_Monument_and_Preserve,,2,42,44,2,42,44,7,0.339048,0.364427,324.420897,7,1,6,0.096899,5
Odin,Odin,,14,15,29,14,15,29,7,0.302944,0.322213,1167.25068,1,1,6,0.078348,14
Creative_Commons,Creative_Commons,,4,7,11,4,7,11,7,0.296237,0.313344,2496.125412,13,1,6,0.208333,7
Mozilla_Firefox,Mozilla_Firefox,,15,16,31,15,16,31,7,0.297825,0.315447,4771.782667,13,1,6,0.150997,1
Wikinews,Wikinews,,3,13,16,3,13,16,7,0.290318,0.308273,130.388236,13,1,6,0.294872,1
Wikipedia,Wikipedia,,14,31,45,14,31,45,7,0.32445,0.347478,38756.259797,13,1,6,0.066127,1
Ichthyosaur,Ichthyosaur,,8,22,30,8,22,30,7,0.316077,0.336652,909.995189,2,1,6,0.155,12
Plesiosaur,Plesiosaur,,8,23,31,8,23,31,7,0.318485,0.338239,3995.288177,2,1,6,0.149573,12
Pachycephalosaurus,Pachycephalosaurus,,1,11,12,1,11,12,8,0.285714,0.301026,4.928084,2,1,6,0.310606,12
Pelagic_zone,Pelagic_zone,,6,5,11,6,5,11,8,0.269333,0.281835,335.46609,2,1,6,0.122222,5
Tuatara,Tuatara,,4,16,20,4,16,20,7,0.298351,0.314633,1363.227333,2,1,6,0.160131,12
Juvenile_delinquency,Juvenile_delinquency,,3,4,7,3,4,7,7,0.292877,0.309426,25.781953,9,1,6,0.190476,7
Crime_and_Punishment,Crime_and_Punishment,,5,34,39,5,34,39,7,0.316669,0.339714,581.808495,9,1,6,0.116667,3
Franz_Kafka,Franz_Kafka,,15,26,41,15,26,41,7,0.311678,0.332983,8828.572541,9,1,6,0.123529,11
The_Brothers_Karamazov,The_Brothers_Karamazov,,6,24,30,6,24,30,7,0.324061,0.346278,766.454069,9,1,6,0.123932,3
The_Waste_Land,The_Waste_Land,,9,15,24,9,15,24,7,0.306355,0.324978,627.126523,0,1,6,0.140693,3
Crime_in_Mexico,Crime_in_Mexico,,0,10,10,0,10,10,7,0.305807,0.32469,0,6,1,121,0.4,5
Crimean_Karaites,Crimean_Karaites,,1,25,26,1,25,26,7,0.325361,0.349246,17.334213,10,1,6,0.395,5
Mary_Seacole,Mary_Seacole,,1,31,32,1,31,32,7,0.331887,0.35649,4714.443799,0,1,6,0.150538,0
Crimson-collared_Tanager,Crimson-collared_Tanager,,0,7,7,0,7,7,8,0.280973,0.294763,0,2,1,122,0.238095,12
Cristero_War,Cristero_War,,0,7,7,0,7,7,7,0.30455,0.322925,0,3,1,124,0.285714,0
Knights_of_Columbus,Knights_of_Columbus,,1,44,45,1,44,45,7,0.339331,0.366632,272.187853,3,1,123,0.162626,14
Criticism_of_the_War_on_Terrorism,Criticism_of_the_War_on_Terrorism,,1,30,31,1,30,31,7,0.332732,0.357087,92.429799,9,1,126,0.176344,7
Jean_Charles_de_Menezes,Jean_Charles_de_Menezes,,1,16,17,1,16,17,7,0.325337,0.34752,23.286868,0,1,125,0.264706,0
Crohn%27s_disease,Crohn%27s_disease,,2,18,20,2,18,20,7,0.328925,0.351526,1772.864076,11,1,6,0.097368,12
Cross_Fell,Cross_Fell,,1,7,8,1,7,8,7,0.297913,0.314778,26.950955,0,1,6,0.261905,5
Lake_District,Lake_District,,7,31,38,7,31,38,7,0.335707,0.359818,14287.323504,0,1,6,0.075758,5
Pennine_Way,Pennine_Way,,2,9,11,2,9,11,6,0.313899,0.333169,4839.588494,0,1,6,0.277778,5
Crossbill,Crossbill,,0,12,12,0,12,12,7,0.312645,0.332315,0,2,1,127,0.234848,12
Rook_%28bird%29,Rook_%28bird%29,,2,21,23,2,21,23,7,0.316843,0.337881,179.134414,2,1,6,0.207792,12
Crown_Jewels_of_the_United_Kingdom,Crown_Jewels_of_the_United_Kingdom,,3,30,33,3,30,33,7,0.329835,0.353446,602.502317,0,1,6,0.18046,7
Siege_of_Antioch,Siege_of_Antioch,,1,16,17,1,16,17,7,0.306378,0.326032,18.793703,1,1,6,0.258333,0
Crystallographic_defects_in_diamond,Crystallographic_defects_in_diamond,,0,19,19,0,19,19,7,0.295575,0.313323,0,7,1,128,0.312865,12
Cuckmere_Haven,Cuckmere_Haven,,1,7,8,1,7,8,7,0.291424,0.307594,9.673776,7,1,6,0.285714,5
Meander,Meander,,6,3,9,6,3,9,7,0.270953,0.283369,1013.456006,7,1,6,0.190476,5
Oxbow_lake,Oxbow_lake,,3,9,12,3,9,12,7,0.311822,0.330959,5173.768812,7,1,6,0.277778,5
Cultural_diversity,Cultural_diversity,,1,5,6,1,5,6,7,0.284411,0.298417,20.333074,9,1,6,0.233333,7
Organization,Organization,,14,17,31,14,17,31,7,0.301592,0.319132,1148.503608,9,1,6,0.115385,10
Culture_of_the_Democratic_Republic_of_the_Congo,Culture_of_the_Democratic_Republic_of_the_Congo,,0,48,48,0,48,48,7,0.340613,0.367814,0,5,1,129,0.149823,5
Gadolinium,Gadolinium,,10,23,33,10,23,33,7,0.29811,0.317679,583.976065,7,1,6,0.255385,12
Cyclamen,Cyclamen,,0,17,17,0,17,17,7,0.311923,0.333242,0,11,1,130,0.180147,4
Cyclone_Percy,Cyclone_Percy,,0,10,10,0,10,10,7,0.294062,0.30958,0,11,1,132,0.322222,5
Pandanus,Pandanus,,2,12,14,2,12,14,7,0.305231,0.323898,257.260443,11,1,131,0.104396,12
Cyclone_Rosita,Cyclone_Rosita,,0,4,4,0,4,4,7,0.284322,0.298293,0,12,1,133,0.25,5
Cyril_Clarke,Cyril_Clarke,,0,6,6,0,6,6,7,0.299572,0.316823,0,0,1,134,0.6,11
Cyrus_K._Holliday,Cyrus_K._Holliday,,1,6,7,1,6,7,7,0.298521,0.315877,26.794343,3,1,135,0.4,11
Disneyland_Railroad,Disneyland_Railroad,,1,6,7,1,6,7,7,0.301651,0.318184,105.886523,3,1,135,0.166667,8
Cystic_fibrosis,Cystic_fibrosis,,7,20,27,7,20,27,7,0.321134,0.341967,860.520345,11,1,6,0.101538,12
Telecommunication,Telecommunication,,18,31,49,18,31,49,7,0.326041,0.350917,5142.558245,13,1,6,0.083092,8
Longship,Longship,,5,12,17,5,12,17,7,0.290797,0.307421,190.405321,10,1,6,0.214286,0
Polymerase_chain_reaction,Polymerase_chain_reaction,,8,14,22,8,14,22,7,0.299808,0.31666,920.472452,11,1,6,0.190476,12
Dad%27s_Army,Dad%27s_Army,,0,14,14,0,14,14,7,0.3075,0.326836,0,0,1,136,0.21978,4
Morecambe_and_Wise,Morecambe_and_Wise,,3,9,12,3,9,12,7,0.294579,0.310501,107.037792,0,1,6,0.190909,4
Daley_Thompson,Daley_Thompson,,0,6,6,0,6,6,7,0.297287,0.31511,0,10,1,137,0.366667,11
John_F._Kennedy_assassination,John_F._Kennedy_assassination,,8,19,27,8,19,27,7,0.309442,0.329936,4996.908987,3,1,6,0.217391,0
Damascus_steel,Damascus_steel,,2,20,22,2,20,22,7,0.312978,0.333568,126.450816,7,1,6,0.136842,8
Katana,Katana,,5,4,9,5,4,9,7,0.287681,0.303525,286.148941,10,1,6,0.196429,0
Pat_Cash,Pat_Cash,,3,15,18,3,15,18,7,0.310366,0.329895,88.835494,12,1,6,0.375,11
Dandelion,Dandelion,,7,21,28,7,21,28,7,0.329058,0.350872,3659.795663,11,1,6,0.12,12
Danny_Deever,Danny_Deever,,0,7,7,0,7,7,7,0.303336,0.32146,0,0,1,138,0.238095,3
Danske_Statsbaner,Danske_Statsbaner,,1,8,9,1,8,9,7,0.291865,0.308726,45.775842,10,1,6,0.160714,8
Rwandan_Genocide,Rwandan_Genocide,,13,47,60,13,47,60,7,0.348641,0.377309,3587.04544,5,1,6,0.176471,0
Darling_River,Darling_River,,3,6,9,3,6,9,7,0.295999,0.311323,46.309933,7,1,6,0.232143,5
Darmstadtium,Darmstadtium,,6,12,18,6,12,18,7,0.29741,0.315628,167.370461,7,1,6,0.32967,12
Meitnerium,Meitnerium,,6,12,18,6,12,18,7,0.284731,0.300678,48.477087,7,1,6,0.435897,12
Roentgenium,Roentgenium,,6,14,20,6,14,20,7,0.298703,0.317289,366.092189,7,1,6,0.380952,12
Natalie_Portman,Natalie_Portman,,5,31,36,5,31,36,7,0.333525,0.358073,7498.079859,13,1,6,0.163826,11
David_Attenborough,David_Attenborough,,3,36,39,3,36,39,7,0.335791,0.359917,937.810136,2,1,6,0.066856,11
David_Beckham,David_Beckham,,6,21,27,6,21,27,7,0.314996,0.336668,339.343764,0,1,6,0.185,11
David_Blanchflower,David_Blanchflower,,0,7,7,0,7,7,7,0.302815,0.320128,0,0,1,139,0.142857,11
David_Cameron,David_Cameron,,7,58,65,7,58,65,6,0.353598,0.383148,907.03103,0,1,6,0.173624,11
Stanley_Baldwin,Stanley_Baldwin,,9,14,23,9,14,23,7,0.30003,0.31915,144.408503,0,1,6,0.302381,11
David_Helvarg,David_Helvarg,,0,16,16,0,16,16,7,0.315613,0.336016,0,3,1,140,0.133333,11
David_Heymann,David_Heymann,,0,5,5,0,5,5,7,0.298184,0.315344,0,3,1,141,0.4,11
David_Hilbert,David_Hilbert,,12,13,25,12,13,25,7,0.303352,0.322306,2387.732225,9,1,6,0.178947,11
David_III_of_Tao,David_III_of_Tao,,0,10,10,0,10,10,7,0.29657,0.315575,0,1,1,142,0.555556,0
Serbia_and_Montenegro,Serbia_and_Montenegro,,6,11,17,6,11,17,7,0.298637,0.317747,7.533026,10,1,6,0.351648,5
Davy_Jones%27_Locker,Davy_Jones%27_Locker,,0,6,6,0,6,6,7,0.285986,0.300123,0,13,1,143,0.033333,14
Dayuan,Dayuan,,2,11,13,2,11,13,7,0.297541,0.315092,4607.85851,8,1,6,0.189394,5
Issyk_Kul,Issyk_Kul,,2,11,13,2,11,13,7,0.300319,0.318537,54.195028,1,1,6,0.153846,5
Zhang_Qian,Zhang_Qian,,3,19,22,3,19,22,7,0.301817,0.320626,9228.986438,8,1,6,0.131579,11
Great_Salt_Lake,Great_Salt_Lake,,9,15,24,9,15,24,7,0.303852,0.32149,822.383626,7,1,6,0.099567,5
Lake_Baikal,Lake_Baikal,,9,19,28,9,19,28,7,0.314093,0.334107,2201.900196,2,1,6,0.092391,5
Death_Valley_National_Park,Death_Valley_National_Park,,4,52,56,4,52,56,7,0.344728,0.371701,1223.659903,7,1,6,0.083117,5
Snowball_Earth,Snowball_Earth,,8,23,31,8,23,31,7,0.304537,0.323435,494.515883,7,1,6,0.256614,5
Talc,Talc,,6,23,29,6,23,29,7,0.323802,0.346613,557.847814,7,1,6,0.122507,5
Decade_Volcanoes,Decade_Volcanoes,,3,28,31,3,28,31,7,0.318936,0.342545,1531.655974,6,1,6,0.153439,5
Mount_Nyiragongo,Mount_Nyiragongo,,2,11,13,2,11,13,7,0.298088,0.316483,60.653351,5,1,6,0.272727,5
Mount_Rainier,Mount_Rainier,,7,12,19,7,12,19,7,0.306865,0.325712,503.954285,7,1,6,0.1125,5
Mount_Unzen,Mount_Unzen,,2,6,8,2,6,8,7,0.29641,0.31295,27.837039,7,1,6,0.309524,5
Sakurajima,Sakurajima,,2,7,9,2,7,9,7,0.290048,0.305484,557.604262,7,1,6,0.285714,5
Ulawun,Ulawun,,2,2,4,2,2,4,7,0.271843,0.284112,0,6,1,6,0.833333,5
Defaka,Defaka,,0,2,2,0,2,2,7,0.277341,0.290722,0,5,1,144,1,5
Defense_of_Sihang_Warehouse,Defense_of_Sihang_Warehouse,,0,10,10,0,10,10,7,0.301532,0.320116,0,8,1,145,0.222222,0
Flag_of_the_Republic_of_China,Flag_of_the_Republic_of_China,,4,16,20,4,16,20,7,0.31058,0.330008,109.876833,8,1,6,0.395425,5
Velociraptor,Velociraptor,,7,33,40,7,33,40,7,0.315609,0.33665,1097.96949,2,1,6,0.178151,12
Fiction,Fiction,,31,16,47,31,16,47,7,0.304354,0.322826,3913.024553,13,1,6,0.054588,3
Osiris,Osiris,,3,12,15,3,12,15,7,0.28632,0.301371,2222.339159,13,1,6,0.065934,14
Waheguru,Waheguru,,3,5,8,3,5,8,8,0.277462,0.291393,6.11978,1,1,6,0.452381,14
Indira_Gandhi,Indira_Gandhi,,12,16,28,12,16,28,7,0.30456,0.323585,657.10968,8,1,6,0.158333,11
Demand_Note,Demand_Note,,1,12,13,1,12,13,7,0.308829,0.326884,34.391828,3,1,6,0.280303,10
Democratic_Action_Party,Democratic_Action_Party,,3,2,5,3,2,5,8,0.263093,0.273938,0,8,1,6,0.833333,7
Parliament_of_Malaysia,Parliament_of_Malaysia,,5,13,18,5,13,18,7,0.298747,0.31639,14407.624738,8,1,6,0.263736,7
Okapi,Okapi,,2,18,20,2,18,20,7,0.307005,0.327517,156.301967,2,1,6,0.147059,12
Denis_Law,Denis_Law,,1,9,10,1,9,10,7,0.290422,0.306302,30.041636,0,1,6,0.152778,11
Sk%C3%A5neland,Sk%C3%A5neland,,3,6,9,3,6,9,8,0.28922,0.305314,116.168938,10,1,6,0.142857,0
Dennis_Ritchie,Dennis_Ritchie,,2,8,10,2,8,10,7,0.279009,0.294073,774.24533,13,1,6,0.180556,11
Sunflower,Sunflower,,14,32,46,14,32,46,7,0.340672,0.365779,3247.128824,11,1,6,0.089323,12
Desert_locust,Desert_locust,,2,46,48,2,46,48,7,0.328925,0.355234,224.425997,5,1,6,0.156028,12
Pontiac%27s_Rebellion,Pontiac%27s_Rebellion,,4,19,23,4,19,23,6,0.323054,0.344902,204.756016,3,1,6,0.216667,0
Super_Bowl_XL,Super_Bowl_XL,,4,35,39,4,35,39,7,0.33973,0.365633,6963.797083,10,1,6,0.203361,4
The_Temptations,The_Temptations,,2,21,23,2,21,23,7,0.321058,0.341357,1294.543643,4,1,6,0.142857,2
Dewey_Square,Dewey_Square,,0,1,1,0,1,1,7,0.248331,0.257502,0,3,1,146,0,5
Diamond_simulant,Diamond_simulant,,3,38,41,3,38,41,7,0.331969,0.356398,11010.623902,7,1,6,0.172831,12
Diamond_cut,Diamond_cut,,1,26,27,1,26,27,7,0.335568,0.360361,124.676989,0,1,6,0.210769,12
Diane_Keaton,Diane_Keaton,,2,12,14,2,12,14,7,0.310247,0.329091,62.301703,3,1,6,0.174242,11
I_Ching,I_Ching,,3,7,10,3,7,10,8,0.286928,0.302019,69.542498,9,1,6,0.25,14
The_Fairy-Queen,The_Fairy-Queen,,2,9,11,2,9,11,8,0.28314,0.298404,473.465383,0,1,6,0.083333,3
Venus_and_Adonis_%28opera%29,Venus_and_Adonis_%28opera%29,,3,9,12,3,9,12,7,0.285051,0.300996,112.736363,0,1,6,0.208333,2
Differential_geometry_and_topology,Differential_geometry_and_topology,,0,5,5,0,5,5,8,0.268953,0.283178,0,9,1,147,0.5,6
Manifold,Manifold,,7,13,20,7,13,20,7,0.282568,0.298734,396.136254,9,1,6,0.20915,6
Diffuse_interstellar_band,Diffuse_interstellar_band,,0,8,8,0,8,8,7,0.295619,0.311501,0,7,1,148,0.196429,12
Dilophosaurus,Dilophosaurus,,2,12,14,2,12,14,8,0.297192,0.313533,20.361345,2,1,6,0.416667,12
Dimetrodon,Dimetrodon,,5,12,17,5,12,17,7,0.294665,0.311375,374.057024,2,1,6,0.487179,12
Spinosaurus,Spinosaurus,,5,21,26,5,21,26,7,0.31368,0.334722,374.912874,2,1,6,0.270563,12
Giganotosaurus,Giganotosaurus,,3,16,19,3,16,19,7,0.301682,0.318659,33.197736,2,1,6,0.341667,12
Iguanodon,Iguanodon,,7,23,30,7,23,30,7,0.321007,0.342699,761.818417,2,1,6,0.207672,12
Indricotherium,Indricotherium,,2,10,12,2,10,12,8,0.285594,0.30117,193.62423,2,1,6,0.204545,12
King_Kong_%281933_film%29,King_Kong_%281933_film%29,,3,19,22,3,19,22,7,0.31657,0.33599,3422.632607,2,1,6,0.105263,4
Maiasaura,Maiasaura,,1,14,15,1,14,15,8,0.287865,0.303338,18.726427,2,1,6,0.362637,12
Mammoth,Mammoth,,13,29,42,13,29,42,7,0.333388,0.358036,2761.381988,2,1,6,0.14359,12
Protoceratops,Protoceratops,,5,13,18,5,13,18,8,0.294344,0.310296,20.551634,2,1,6,0.4,12
Directive_Principles_in_India,Directive_Principles_in_India,,0,10,10,0,10,10,7,0.292315,0.309094,0,8,1,149,0.055556,7
Rupee,Rupee,,4,13,17,4,13,17,7,0.293343,0.309561,1322.445346,8,1,6,0.175,10
Sardar_Vallabhbhai_Patel,Sardar_Vallabhbhai_Patel,,5,24,29,5,24,29,7,0.321848,0.344862,5160.453055,8,1,6,0.232308,11
Dixie_Mission,Dixie_Mission,,1,13,14,1,13,14,7,0.309466,0.330172,10.034604,3,1,6,0.474359,0
Mendelevium,Mendelevium,,8,15,23,8,15,23,7,0.283081,0.299998,91.445508,7,1,6,0.325,12
Extinct_birds,Extinct_birds,,1,39,40,1,39,40,7,0.318435,0.339667,14435.112486,2,1,6,0.061404,12
Gerald_Durrell,Gerald_Durrell,,6,45,51,6,45,51,7,0.342225,0.369452,6354.257205,2,1,6,0.11256,11
Jersey_Zoological_Park,Jersey_Zoological_Park,,2,12,14,2,12,14,7,0.292159,0.307545,114.652886,2,1,6,0.143939,5
Mixed-breed_dog,Mixed-breed_dog,,2,10,12,2,10,12,7,0.315094,0.334285,103.302263,6,1,6,0.227273,12
Domestic_AC_power_plugs_and_sockets,Domestic_AC_power_plugs_and_sockets,,0,50,50,0,50,50,7,0.348667,0.377491,0,6,1,150,0.195918,8
Donald_Duck,Donald_Duck,,3,54,57,3,54,57,7,0.350631,0.379405,553.549086,10,1,6,0.257576,4
Donald_Knuth,Donald_Knuth,,3,10,13,3,10,13,7,0.297782,0.31455,1005.919144,9,1,6,0.106061,11
Emacs,Emacs,,6,17,23,6,17,23,7,0.287294,0.303477,997.437239,13,1,6,0.210526,1
Tim_Berners-Lee,Tim_Berners-Lee,,8,10,18,8,10,18,7,0.304263,0.322587,2229.158274,13,1,6,0.17619,11
Miles_Davis,Miles_Davis,,9,19,28,9,19,28,7,0.303625,0.322939,593.009465,4,1,6,0.175889,11
Kakapo,Kakapo,,4,27,31,4,27,31,7,0.302695,0.321883,1940.576143,2,1,6,0.16133,12
Mount_Kilimanjaro,Mount_Kilimanjaro,,9,11,20,9,11,20,7,0.309702,0.329139,1709.54519,7,1,6,0.111111,5
Eurasian_Collared_Dove,Eurasian_Collared_Dove,,2,16,18,2,16,18,7,0.310818,0.329009,95.816782,2,1,6,0.132353,12
Pink_Pigeon,Pink_Pigeon,,4,7,11,4,7,11,7,0.281469,0.294914,34.46351,2,1,6,0.3,12
Wood_Pigeon,Wood_Pigeon,,4,12,16,4,12,16,7,0.301368,0.318913,35.835998,2,1,6,0.32967,12
White_cliffs_of_Dover,White_cliffs_of_Dover,,3,7,10,3,7,10,7,0.304835,0.322924,17.011256,0,1,6,0.571429,5
Dr._Seuss,Dr._Seuss,,3,18,21,3,18,21,7,0.318535,0.339751,6803.233008,10,1,6,0.169591,11
The_Cat_in_the_Hat,The_Cat_in_the_Hat,,2,2,4,2,2,4,8,0.254217,0.264599,1366.919775,10,1,6,0,3
The_Lorax,The_Lorax,,1,7,8,1,7,8,7,0.281313,0.294869,33.999361,9,1,6,0,3
Draughts,Draughts,,0,9,9,0,9,9,7,0.300081,0.318846,0,10,1,151,0.277778,4
GlaxoSmithKline,GlaxoSmithKline,,6,13,19,6,13,19,7,0.319338,0.339675,1039.368888,9,1,6,0.111111,10
Driving_on_the_left_or_right,Driving_on_the_left_or_right,,0,255,255,0,255,255,6,0.383125,0.430543,0,5,1,152,0.105435,8
Palau,Palau,,17,26,43,17,26,43,7,0.331806,0.356007,3367.197245,5,1,6,0.206349,5
Drosera_anglica,Drosera_anglica,,1,13,14,1,13,14,7,0.317239,0.337075,4596.203063,2,1,6,0.198718,12
Soil_pH,Soil_pH,,1,22,23,1,22,23,7,0.308994,0.328569,97.884168,7,1,6,0.221344,5
Sundew,Sundew,,5,42,47,5,42,47,7,0.343676,0.370544,15104.507665,11,1,6,0.129798,12
Drum_and_bass,Drum_and_bass,,5,16,21,5,16,21,7,0.314239,0.334109,18397.538378,4,1,6,0.199346,2
Garage_%28dance_music%29,Garage_%28dance_music%29,,1,8,9,1,8,9,7,0.305893,0.324061,9.11193,4,1,6,0.392857,2
The_Supremes,The_Supremes,,4,14,18,4,14,18,7,0.315978,0.335835,5616.265508,4,1,6,0.1875,2
Matsuo_Bash%C5%8D,Matsuo_Bash%C5%8D,,3,2,5,3,2,5,7,0.278262,0.290869,10839.748484,13,1,6,0.333333,11
Dualism_%28philosophy_of_mind%29,Dualism_%28philosophy_of_mind%29,,1,16,17,1,16,17,7,0.301749,0.319856,4596.506439,9,1,6,0.1875,14
Eliminative_materialism,Eliminative_materialism,,1,12,13,1,12,13,7,0.307611,0.325569,78.693507,9,1,6,0.160256,14
Jerry_Fodor,Jerry_Fodor,,5,7,12,5,7,12,7,0.302831,0.32062,281.898848,9,1,6,0.244444,11
Osaka,Osaka,,20,33,53,20,33,53,7,0.335596,0.36021,4374.881137,8,1,6,0.14686,5
Rutherfordium,Rutherfordium,,7,19,26,7,19,26,7,0.301032,0.318857,304.468352,7,1,6,0.271053,12
Humus,Humus,,4,7,11,4,7,11,7,0.276196,0.289973,74.883682,7,1,6,0.145455,5
Kylie_Minogue,Kylie_Minogue,,6,30,36,6,30,36,6,0.336097,0.360352,13322.059353,4,1,6,0.162298,11
Durian,Durian,,1,33,34,1,33,34,7,0.321772,0.345139,237.258819,8,1,6,0.148674,4
High_German_consonant_shift,High_German_consonant_shift,,2,9,11,2,9,11,7,0.285413,0.300104,78.016166,10,1,6,0.166667,3
Erbium,Erbium,,10,23,33,10,23,33,7,0.302967,0.32302,695.259783,7,1,6,0.250712,12
Holmium,Holmium,,7,27,34,7,27,34,7,0.307844,0.328995,385.831303,7,1,6,0.237685,12
E.T._the_Extra-Terrestrial_%28Atari_2600%29,E.T._the_Extra-Terrestrial_%28Atari_2600%29,,0,7,7,0,7,7,7,0.290348,0.304706,0,13,1,153,0,4
E._E._Cummings,E._E._Cummings,,7,21,28,7,21,28,7,0.31175,0.331984,2720.743275,4,1,6,0.125,11
Modernist_poetry_in_English,Modernist_poetry_in_English,,3,51,54,3,51,54,7,0.341418,0.369829,1341.213106,4,1,6,0.140649,3
E._P._Wigner,E._P._Wigner,,0,9,9,0,9,9,7,0.291979,0.307973,0,7,1,154,0.222222,11
EMD_BL2,EMD_BL2,,0,5,5,0,5,5,7,0.290244,0.306633,0,3,1,155,0.4,8
Florida_East_Coast_Railway,Florida_East_Coast_Railway,,4,17,21,4,17,21,7,0.30956,0.329089,5706.218789,3,1,6,0.199346,8
EMD_GP30,EMD_GP30,,0,8,8,0,8,8,7,0.297746,0.315003,0,3,1,156,0.321429,8
White-tailed_Eagle,White-tailed_Eagle,,2,20,22,2,20,22,7,0.31077,0.330835,941.416035,2,1,6,0.226316,12
Earless_seal,Earless_seal,,0,4,4,0,4,4,8,0.25532,0.266666,0,2,1,157,1,12
Effects_of_nuclear_explosions,Effects_of_nuclear_explosions,,1,16,17,1,16,17,7,0.304354,0.322298,600.896506,10,1,6,0.204167,0
Tsar_Bomba,Tsar_Bomba,,5,8,13,5,8,13,7,0.289882,0.305942,110.489757,10,1,6,0.19697,0
Earwax,Earwax,,0,16,16,0,16,16,7,0.305992,0.324594,0,11,1,158,0.116667,12
Eastern_Roman_Empire,Eastern_Roman_Empire,,0,5,5,0,5,5,7,0.28146,0.296127,0,1,1,159,0.35,0
Rail_transport_in_India,Rail_transport_in_India,,2,26,28,2,26,28,7,0.317438,0.33939,141.559637,8,1,6,0.232194,8
Economy_of_Pakistan,Economy_of_Pakistan,,2,46,48,2,46,48,6,0.340386,0.366325,328.652242,11,1,6,0.093085,10
Economy_of_Scotland,Economy_of_Scotland,,0,49,49,0,49,49,6,0.352394,0.380818,0,0,1,160,0.181548,10
Economy_of_the_Iroquois,Economy_of_the_Iroquois,,0,9,9,0,9,9,7,0.313007,0.331827,0,11,1,161,0.236111,10
Economy_of_the_Republic_of_Ireland,Economy_of_the_Republic_of_Ireland,,1,61,62,1,61,62,6,0.353567,0.382421,656.447249,7,1,6,0.116341,10
Shining_Path,Shining_Path,,6,17,23,6,17,23,7,0.312351,0.333406,199.290068,6,1,6,0.221429,0
Marcel_Proust,Marcel_Proust,,12,13,25,12,13,25,7,0.299697,0.318155,421.504517,9,1,6,0.121212,11
The_Picture_of_Dorian_Gray,The_Picture_of_Dorian_Gray,,1,17,18,1,17,18,7,0.31058,0.330047,63.259896,13,1,6,0.124183,3
Potassium_iodide,Potassium_iodide,,6,13,19,6,13,19,7,0.300541,0.317665,284.993104,7,1,6,0.143382,12
Edwin_of_Northumbria,Edwin_of_Northumbria,,7,14,21,7,14,21,8,0.289303,0.306024,3572.539117,0,1,6,0.137255,11
Edmonton,Edmonton,,0,20,20,0,20,20,7,0.315638,0.336515,0,3,1,162,0.189474,5
Edmund_Hillary,Edmund_Hillary,,4,14,18,4,14,18,7,0.321058,0.341496,519.964929,8,1,6,0.219048,11
Tenzing_Norgay,Tenzing_Norgay,,4,8,12,4,8,12,7,0.281391,0.295616,15.305192,8,1,6,0.472222,11
Educational_psychology,Educational_psychology,,3,15,18,3,15,18,7,0.297149,0.314626,760.837154,9,1,6,0.1875,7
Education_in_the_United_States,Education_in_the_United_States,,3,80,83,3,80,83,7,0.351849,0.38202,21919.838277,3,1,6,0.060802,5
Household_income_in_the_United_States,Household_income_in_the_United_States,,3,17,20,3,17,20,7,0.326883,0.348913,133.271187,3,1,6,0.27451,10
List_of_areas_in_the_National_Park_System_of_the_United_States,List_of_areas_in_the_National_Park_System_of_the_United_States,,2,21,23,2,21,23,7,0.312785,0.332594,22889.200106,3,1,6,0.116883,5
Margin_of_error,Margin_of_error,,2,3,5,2,3,5,8,0.273236,0.286563,184.123584,3,1,6,0.1,6
Separation_of_powers_under_the_United_States_Constitution,Separation_of_powers_under_the_United_States_Constitution,,1,25,26,1,25,26,7,0.308594,0.329454,38.770011,3,1,6,0.12,7
Kohlberg%27s_stages_of_moral_development,Kohlberg%27s_stages_of_moral_development,,2,10,12,2,10,12,8,0.297062,0.312984,155.845309,9,1,6,0.113636,14
Pedagogy,Pedagogy,,4,5,9,4,5,9,7,0.283279,0.29766,148.355284,9,1,6,0.055556,7
Ralph_Nader,Ralph_Nader,,4,27,31,4,27,31,7,0.325596,0.349213,1192.702441,3,1,6,0.132258,11
Penda_of_Mercia,Penda_of_Mercia,,4,14,18,4,14,18,7,0.302854,0.321249,305.702047,0,1,6,0.233333,11
Effect_of_Hurricane_Katrina_on_New_Orleans,Effect_of_Hurricane_Katrina_on_New_Orleans,,3,19,22,3,19,22,7,0.312254,0.332454,234.992528,3,1,6,0.21345,5
Levee_failures_in_Greater_New_Orleans%2C_2005,Levee_failures_in_Greater_New_Orleans%2C_2005,,3,7,10,3,7,10,7,0.283497,0.298567,16.541675,3,1,6,0.357143,0
Meteorological_history_of_Hurricane_Katrina,Meteorological_history_of_Hurricane_Katrina,,3,17,20,3,17,20,7,0.31187,0.331243,211.751237,3,1,6,0.330882,5
Yellow_fever,Yellow_fever,,16,21,37,16,21,37,7,0.325048,0.347967,1532.7387,6,1,6,0.14795,12
Effects_of_global_warming,Effects_of_global_warming,,2,46,48,2,46,48,7,0.346822,0.373802,252.030355,7,1,6,0.147343,5
History_of_nuclear_weapons,History_of_nuclear_weapons,,2,64,66,2,64,66,6,0.359716,0.388707,1577.739076,10,1,6,0.158654,0
Trinity_test,Trinity_test,,5,13,18,5,13,18,6,0.325152,0.345104,180.483291,10,1,6,0.283088,0
Tofu,Tofu,,4,36,40,4,36,40,7,0.338031,0.362636,388.853998,11,1,6,0.161411,4
Giza_pyramid_complex,Giza_pyramid_complex,,2,7,9,2,7,9,7,0.285654,0.300229,38.416731,1,1,6,0.5,8
Hatshepsut,Hatshepsut,,4,9,13,4,9,13,7,0.298417,0.313821,305.158482,1,1,6,0.096154,11
Eifel_Aqueduct,Eifel_Aqueduct,,0,16,16,0,16,16,7,0.307616,0.326953,0,1,1,163,0.208333,8
Fermium,Fermium,,7,19,26,7,19,26,7,0.292117,0.309792,101.173057,7,1,6,0.328947,12
El_Hatillo_Municipality%2C_Miranda,El_Hatillo_Municipality%2C_Miranda,,0,32,32,0,32,32,7,0.326253,0.349127,0,6,1,164,0.086694,5
Sparrowhawk,Sparrowhawk,,3,11,14,3,11,14,7,0.287783,0.302904,170.600972,2,1,6,0.291209,12
Eldfell,Eldfell,,2,17,19,2,17,19,7,0.325675,0.346588,4739.94969,7,1,6,0.183824,5
Iceland_hotspot,Iceland_hotspot,,1,5,6,1,5,6,7,0.285815,0.300452,6.402354,7,1,6,0.266667,5
Surtsey,Surtsey,,2,21,23,2,21,23,7,0.307868,0.326869,6935.963781,2,1,6,0.057143,5
Isospin,Isospin,,2,7,9,2,7,9,7,0.276252,0.290175,58.812611,7,1,6,0.535714,12
William_Gilbert,William_Gilbert,,4,10,14,4,10,14,7,0.303103,0.320711,644.390094,7,1,6,0.175824,11
Optical_fiber,Optical_fiber,,8,10,18,8,10,18,8,0.289758,0.30625,1307.930067,7,1,6,0.111111,12
Superconductivity,Superconductivity,,15,29,44,15,29,44,7,0.303057,0.323515,3727.970732,7,1,6,0.12753,12
Mechanical_work,Mechanical_work,,13,8,21,13,8,21,8,0.269979,0.284738,225.132218,7,1,6,0.281046,12
Electron_beam_welding,Electron_beam_welding,,2,5,7,2,5,7,7,0.287722,0.302379,74.059309,7,1,6,0.2,8
Electronic_amplifier,Electronic_amplifier,,0,5,5,0,5,5,8,0.269113,0.28235,0,13,1,165,0.15,8
Semiconductor_device,Semiconductor_device,,4,21,25,4,21,25,7,0.320171,0.341499,830.62087,7,1,6,0.147619,8
Elementary_group_theory,Elementary_group_theory,,1,3,4,1,3,4,8,0.251645,0.262886,7.39437,9,1,6,0.666667,6
Ganesha,Ganesha,,6,18,24,6,18,24,7,0.311057,0.3306,1662.205976,8,1,6,0.135714,14
Tooth_development,Tooth_development,,2,18,20,2,18,20,7,0.301974,0.320393,547.312248,11,1,6,0.084967,12
Elephant_bird,Elephant_bird,,1,10,11,1,10,11,7,0.309797,0.327936,26.174737,2,1,6,0.218182,12
Elephant_shrew,Elephant_shrew,,1,9,10,1,9,10,7,0.290069,0.306705,5851.491775,2,1,6,0.416667,12
Elfin-woods_Warbler,Elfin-woods_Warbler,,0,23,23,0,23,23,7,0.32565,0.346811,0,2,1,166,0.171937,12
Mongoose,Mongoose,,5,22,27,5,22,27,7,0.332132,0.355448,1548.002399,2,1,6,0.15812,12
Elias_Ashmole,Elias_Ashmole,,1,16,17,1,16,17,7,0.313996,0.333735,24.891846,0,1,6,0.166667,11
Elizabeth_Fry,Elizabeth_Fry,,2,12,14,2,12,14,7,0.299653,0.31771,87.150453,0,1,6,0.159091,11
Elizabethan_Poor_Law_%281601%29,Elizabethan_Poor_Law_%281601%29,,0,5,5,0,5,5,7,0.291119,0.306933,0,0,1,167,0.3,0
Muhammad_Ali,Muhammad_Ali,,5,8,13,5,8,13,7,0.297083,0.314458,44.246425,3,1,6,0.233333,11
GNU_Project,GNU_Project,,5,3,8,5,3,8,8,0.24154,0.251043,19.021534,13,1,6,0.666667,1
OpenBSD,OpenBSD,,5,13,18,5,13,18,8,0.279644,0.294414,743.498158,13,1,6,0.220833,1
X_Window_System,X_Window_System,,13,7,20,13,7,20,8,0.262293,0.275063,1706.308284,13,1,6,0.205882,1
Stuttering,Stuttering,,4,29,33,4,29,33,7,0.332513,0.356402,1718.722427,11,1,6,0.075758,3
Emma_Roberts,Emma_Roberts,,0,1,1,0,1,1,8,0.257036,0.267956,0,3,1,168,0,11
Empires__Dawn_of_the_Modern_World,Empires__Dawn_of_the_Modern_World,,0,22,22,0,22,22,7,0.334571,0.359332,0,13,1,169,0.251082,4
Vestigial_structure,Vestigial_structure,,3,14,17,3,14,17,8,0.298417,0.314639,533.858223,2,1,6,0.1,12
Endoscopic_foreign_body_retrieval,Endoscopic_foreign_body_retrieval,,0,3,3,0,3,3,7,0.258346,0.268543,0,7,1,170,0,12
Measurement,Measurement,,11,12,23,11,12,23,7,0.311942,0.331177,1257.610828,9,1,6,0.105263,6
Gustav_Holst,Gustav_Holst,,3,36,39,3,36,39,7,0.336543,0.36131,4592.713873,7,1,6,0.130631,11
L._S._Lowry,L._S._Lowry,,3,8,11,3,8,11,7,0.295115,0.312304,584.925691,0,1,6,0.375,11
National_parks_of_England_and_Wales,National_parks_of_England_and_Wales,,4,26,30,4,26,30,7,0.331317,0.353846,16385.967151,0,1,6,0.081197,5
England_expects_that_every_man_will_do_his_duty,England_expects_that_every_man_will_do_his_duty,,1,15,16,1,15,16,7,0.315609,0.33608,14.927896,0,1,6,0.290476,0
Horatio_Nelson%2C_1st_Viscount_Nelson,Horatio_Nelson%2C_1st_Viscount_Nelson,,11,42,53,11,42,53,7,0.335235,0.361623,5798.20946,0,1,6,0.139881,11
HTTP_cookie,HTTP_cookie,,3,14,17,3,14,17,7,0.307891,0.327969,14400.223105,13,1,6,0.228571,1
English_monarchs_family_tree,English_monarchs_family_tree,,0,3,3,0,3,3,8,0.259936,0.27217,0,0,1,171,0.333333,0
George_Herbert,George_Herbert,,2,14,16,2,14,16,7,0.303057,0.321095,30.386744,0,1,6,0.125,11
Irish_poetry,Irish_poetry,,4,18,22,4,18,22,7,0.299941,0.318627,4321.088952,0,1,6,0.121053,3
Pre-Raphaelite_Brotherhood,Pre-Raphaelite_Brotherhood,,3,7,10,3,7,10,7,0.292708,0.309963,37.923363,0,1,6,0.180556,13
Typewriter,Typewriter,,3,9,12,3,9,12,7,0.288295,0.30399,139.890312,13,1,6,0.083333,8
Work_%28thermodynamics%29,Work_%28thermodynamics%29,,3,6,9,3,6,9,8,0.268299,0.28181,96.395555,7,1,6,0.404762,12
Equal_Protection_Clause,Equal_Protection_Clause,,1,23,24,1,23,24,6,0.319389,0.341149,95.691533,3,1,6,0.20751,7
Thulium,Thulium,,6,19,25,6,19,25,7,0.279702,0.297031,19.689379,7,1,6,0.368421,12
Layla,Layla,,1,7,8,1,7,8,7,0.312182,0.330433,4.407223,4,1,6,0.404762,2
Scattered_disc,Scattered_disc,,4,5,9,4,5,9,8,0.268548,0.280907,10.456397,7,1,6,0.690476,12
Imagism,Imagism,,5,20,25,5,20,25,7,0.322463,0.343996,511.054836,0,1,6,0.209524,3
The_Old_Man_and_the_Sea,The_Old_Man_and_the_Sea,,2,16,18,2,16,18,7,0.320728,0.34127,610.501938,3,1,6,0.143382,3
J._J._Thomson,J._J._Thomson,,3,12,15,3,12,15,7,0.308923,0.327311,365.496359,0,1,6,0.192308,11
Eruption_column,Eruption_column,,5,10,15,5,10,15,7,0.287334,0.302737,161.079517,7,1,6,0.115385,5
Richard_O%27Connor,Richard_O%27Connor,,1,35,36,1,35,36,6,0.337608,0.364196,49.993758,10,1,6,0.241176,0
Eskimo,Eskimo,,6,9,15,6,9,15,7,0.295029,0.311054,232.071992,10,1,6,0.142857,5
Esox,Esox,,0,19,19,0,19,19,7,0.307827,0.327163,0,2,1,172,0.178363,12
Mole_%28animal%29,Mole_%28animal%29,,3,18,21,3,18,21,7,0.315658,0.33667,520.22711,2,1,6,0.186842,12
Lavender,Lavender,,3,14,17,3,14,17,7,0.314337,0.336093,391.70773,11,1,6,0.172794,12
Soddo_language,Soddo_language,,1,4,5,1,4,5,7,0.279779,0.294872,24.498981,5,1,6,0.25,3
Ethiopian_Wolf,Ethiopian_Wolf,,1,9,10,1,9,10,8,0.285815,0.301769,30.871623,2,1,6,0.366667,12
Eurasian_Bullfinch,Eurasian_Bullfinch,,0,9,9,0,9,9,8,0.297768,0.314706,0,2,1,173,0.305556,12
Eurasian_Jay,Eurasian_Jay,,1,15,16,1,15,16,7,0.306703,0.327128,263.627041,2,1,6,0.225,12
Tawny_Owl,Tawny_Owl,,2,12,14,2,12,14,7,0.301099,0.318341,88.826473,2,1,6,0.224359,12
Eurasian_Oystercatcher,Eurasian_Oystercatcher,,0,19,19,0,19,19,7,0.324167,0.346984,0,2,1,174,0.248538,12
Luxembourg_%28city%29,Luxembourg_%28city%29,,3,24,27,3,24,27,7,0.31851,0.341429,526.516615,10,1,6,0.265,5
European_Greenfinch,European_Greenfinch,,0,12,12,0,12,12,7,0.307663,0.327623,0,2,1,175,0.348485,12
European_Kingfisher,European_Kingfisher,,0,11,11,0,11,11,7,0.305254,0.324878,0,2,1,176,0.290909,12
Yuri_Gagarin,Yuri_Gagarin,,13,9,22,13,9,22,7,0.304149,0.322458,448.494512,10,1,6,0.24269,12
Samarium,Samarium,,9,19,28,9,19,28,7,0.304835,0.324629,252.758228,7,1,6,0.30303,12
Euston_Manifesto,Euston_Manifesto,,0,16,16,0,16,16,7,0.311516,0.332272,0,9,1,177,0.141667,7
Eustreptospondylus,Eustreptospondylus,,0,13,13,0,13,13,7,0.306223,0.324209,0,2,1,178,0.288462,12
Eva_Per%C3%B3n,Eva_Per%C3%B3n,,3,38,41,3,38,41,6,0.341677,0.367682,632.490477,6,1,6,0.137179,11
Evan_Rachel_Wood,Evan_Rachel_Wood,,0,7,7,0,7,7,7,0.309377,0.327499,0,13,1,179,0.357143,11
Evanton,Evanton,,0,10,10,0,10,10,7,0.310919,0.331308,0,0,1,180,0.355556,5
Glacier_National_Park_%28US%29,Glacier_National_Park_%28US%29,,6,30,36,6,30,36,7,0.323285,0.3451,6840.061914,2,1,6,0.095365,5
Punctuated_equilibrium,Punctuated_equilibrium,,5,7,12,5,7,12,7,0.297323,0.31324,319.640421,9,1,6,0.411111,12
Tiktaalik,Tiktaalik,,1,12,13,1,12,13,8,0.287559,0.302148,131.098683,2,1,6,0.224359,12
Evolutionarily_stable_strategy,Evolutionarily_stable_strategy,,2,5,7,2,5,7,8,0.271552,0.28455,118.374026,9,1,6,0.5,7
Nash_equilibrium,Nash_equilibrium,,4,5,9,4,5,9,8,0.265401,0.277354,261.765691,9,1,6,0.238095,6
Exploration_of_Mars,Exploration_of_Mars,,1,20,21,1,20,21,7,0.335152,0.356806,166.478699,7,1,6,0.234211,12
Phoenix_%28spacecraft%29,Phoenix_%28spacecraft%29,,4,10,14,4,10,14,7,0.301122,0.318931,4772.356872,7,1,6,0.209091,12
Explorer_I,Explorer_I,,5,8,13,5,8,13,7,0.309963,0.327735,194.532111,10,1,6,0.363636,12
Project_Vanguard,Project_Vanguard,,3,10,13,3,10,13,7,0.314166,0.332028,132.180417,10,1,6,0.281818,12
Space_Race,Space_Race,,11,43,54,11,43,54,7,0.338708,0.364476,3006.062303,10,1,6,0.135638,0
Sputnik_2,Sputnik_2,,7,8,15,7,8,15,7,0.299409,0.315272,180.188591,10,1,6,0.301282,12
Helmeted_Guineafowl,Helmeted_Guineafowl,,2,17,19,2,17,19,7,0.312881,0.334557,102.373595,2,1,6,0.172515,12
Ivory-billed_Woodpecker,Ivory-billed_Woodpecker,,2,19,21,2,19,21,7,0.304035,0.322107,174.572494,2,1,6,0.134211,12
Red_Kite,Red_Kite,,3,20,23,3,20,23,7,0.320272,0.341495,927.961948,2,1,6,0.235714,12
Starling,Starling,,1,14,15,1,14,15,7,0.318535,0.339051,34.752543,2,1,6,0.195238,12
Gliese_876,Gliese_876,,6,18,24,6,18,24,7,0.294579,0.311936,9684.139104,7,1,6,0.360526,12
Gliese_876_d,Gliese_876_d,,2,17,19,2,17,19,7,0.300809,0.318689,360.957576,7,1,6,0.319853,12
HD_209458_b,HD_209458_b,,1,12,13,1,12,13,7,0.290214,0.306273,13.378374,7,1,6,0.431818,12
Mu_Arae,Mu_Arae,,2,16,18,2,16,18,7,0.298001,0.315406,209.992306,7,1,6,0.345588,12
Orbit_%28anatomy%29,Orbit_%28anatomy%29,,3,3,6,3,3,6,8,0.27455,0.28807,28.789709,11,1,6,0.2,12
Eye_%28cyclone%29,Eye_%28cyclone%29,,7,9,16,7,9,16,7,0.303625,0.320899,147.627323,3,1,6,0.17033,5
H.D.,H.D.,,6,29,35,6,29,35,7,0.334488,0.358767,468.324706,1,1,6,0.176411,11
F-4_Phantom_II,F-4_Phantom_II,,2,21,23,2,21,23,7,0.333443,0.356305,78.412903,1,1,6,0.270751,0
FM_Consolidated_line,FM_Consolidated_line,,0,4,4,0,4,4,7,0.27879,0.293733,0,3,1,181,0.416667,8
FairTax,FairTax,,0,8,8,0,8,8,7,0.307593,0.325876,0,3,1,182,0.196429,7
Lerwick,Lerwick,,2,13,15,2,13,15,7,0.306101,0.323683,134.44186,0,1,6,0.401099,5
Peregrine_Falcon,Peregrine_Falcon,,5,29,34,5,29,34,7,0.332513,0.35464,677.506872,2,1,6,0.10322,12
Falkirk_Wheel,Falkirk_Wheel,,0,7,7,0,7,7,7,0.299483,0.315907,0,0,1,183,0.52381,8
Stanley%2C_Falkland_Islands,Stanley%2C_Falkland_Islands,,3,11,14,3,11,14,7,0.311774,0.330604,41.86921,6,1,6,0.307692,5
Fanny_Blankers-Koen,Fanny_Blankers-Koen,,0,21,21,0,21,21,6,0.322388,0.344579,0,10,1,184,0.190476,11
Puffin,Puffin,,4,6,10,4,6,10,8,0.25707,0.269199,177.989455,2,1,6,0.222222,12
Opus_Dei,Opus_Dei,,3,6,9,3,6,9,8,0.290943,0.306844,135.908304,10,1,6,0.339286,14
Galah,Galah,,1,10,11,1,10,11,7,0.292496,0.307499,9.954055,2,1,6,0.254545,12
Short-beaked_Echidna,Short-beaked_Echidna,,1,12,13,1,12,13,7,0.292328,0.307882,8.501254,2,1,6,0.339744,12
Tasmanian_Devil,Tasmanian_Devil,,3,12,15,3,12,15,7,0.286887,0.301878,66.555455,2,1,6,0.37619,12
Wallaby,Wallaby,,3,12,15,3,12,15,7,0.307494,0.32506,255.628443,2,1,6,0.28022,12
W._Mark_Felt,W._Mark_Felt,,2,22,24,2,22,24,7,0.31836,0.340035,4828.737421,3,1,6,0.209957,11
Open_source,Open_source,,12,19,31,12,19,31,7,0.310699,0.329034,9266.844064,13,1,6,0.086895,1
Felice_Beato,Felice_Beato,,1,27,28,1,27,28,7,0.330238,0.354054,1497.572609,8,1,6,0.189459,11
Felix_the_Cat,Felix_the_Cat,,2,22,24,2,22,24,7,0.327331,0.349447,162.822272,13,1,6,0.168831,4
Ferdinandea,Ferdinandea,,1,6,7,1,6,7,7,0.298549,0.314858,42.530031,1,1,6,0.309524,5
Soil_structure,Soil_structure,,2,1,3,2,1,3,8,0.253692,0.263126,30.834921,7,1,6,0.5,5
Fetal_alcohol_spectrum_disorder,Fetal_alcohol_spectrum_disorder,,0,10,10,0,10,10,7,0.309897,0.328525,0,11,1,185,0.211111,12
Ffestiniog_Railway,Ffestiniog_Railway,,1,11,12,1,11,12,7,0.299963,0.318012,40.79579,0,1,6,0.190909,8
Snowdonia_National_Park,Snowdonia_National_Park,,2,5,7,2,5,7,7,0.299896,0.316094,67.488599,0,1,6,0.261905,5
Fieldfare,Fieldfare,,1,16,17,1,16,17,8,0.304904,0.323959,10.518933,2,1,6,0.25,12
Final_Fantasy_%28video_game%29,Final_Fantasy_%28video_game%29,,1,9,10,1,9,10,7,0.299771,0.317399,45.919952,13,1,186,0.233333,4
Space_station,Space_station,,13,10,23,13,10,23,7,0.295158,0.310637,2007.196104,13,1,6,0.084416,12
Final_Fantasy_Adventure,Final_Fantasy_Adventure,,0,5,5,0,5,5,7,0.291589,0.307457,0,13,1,187,0.55,4
Financial_statements,Financial_statements,,0,7,7,0,7,7,7,0.306918,0.325373,0,9,1,188,0.142857,10
Post-glacial_rebound,Post-glacial_rebound,,3,23,26,3,23,26,7,0.327596,0.349895,347.898999,7,1,6,0.172308,5
Firecrest,Firecrest,,1,9,10,1,9,10,7,0.3002,0.318499,26.708149,2,1,189,0.333333,12
Goldcrest,Goldcrest,,1,13,14,1,13,14,7,0.303775,0.321508,40.550852,2,1,189,0.25641,12
Mormon_Trail,Mormon_Trail,,1,9,10,1,9,10,7,0.309017,0.327802,17.479201,3,1,6,0.319444,0
Kochi_%28India%29,Kochi_%28India%29,,4,42,46,4,42,46,7,0.32954,0.354455,1551.441379,8,1,6,0.119601,5
Flag_of_Hong_Kong,Flag_of_Hong_Kong,,1,13,14,1,13,14,7,0.316348,0.336919,30.63516,8,1,6,0.301282,5
Flag_of_India,Flag_of_India,,3,21,24,3,21,24,7,0.326383,0.349182,349.347148,8,1,6,0.227273,5
Flag_of_Mexico,Flag_of_Mexico,,3,12,15,3,12,15,7,0.303148,0.321282,178.182926,6,1,6,0.269231,5
Flag_of_South_Africa,Flag_of_South_Africa,,3,13,16,3,13,16,7,0.309395,0.328654,153.72336,5,1,6,0.219048,5
Flemish_dialects,Flemish_dialects,,3,9,12,3,9,12,7,0.284411,0.300084,29.322608,10,1,6,0.566667,3
Hurricane_David,Hurricane_David,,1,17,18,1,17,18,7,0.308477,0.327817,23.204707,3,1,6,0.362745,5
North_Sea_flood_of_1953,North_Sea_flood_of_1953,,3,17,20,3,17,20,7,0.310176,0.330228,470.963219,10,1,6,0.257353,5
Tropical_Storm_Allison,Tropical_Storm_Allison,,3,18,21,3,18,21,6,0.320956,0.343192,116.903152,3,1,6,0.242105,5
Henry_H._Rogers,Henry_H._Rogers,,6,25,31,6,25,31,7,0.325675,0.347515,13590.009357,3,1,6,0.141026,11
Henry_Morrison_Flagler,Henry_Morrison_Flagler,,2,17,19,2,17,19,7,0.309371,0.329479,90.158004,3,1,6,0.272059,11
Overseas_Railroad,Overseas_Railroad,,1,10,11,1,10,11,7,0.305363,0.323903,18.020105,3,1,6,0.322222,8
Virginian_Railway,Virginian_Railway,,4,16,20,4,16,20,7,0.319288,0.339881,257.415633,3,1,6,0.212418,8
Floris_and_Blancheflour,Floris_and_Blancheflour,,0,5,5,0,5,5,8,0.284801,0.301007,0,6,1,190,0.25,3
Floyd_Mayweather_Jr.,Floyd_Mayweather_Jr.,,0,11,11,0,11,11,7,0.310514,0.33005,0,3,1,191,0.263636,11
Tin_whistle,Tin_whistle,,5,17,22,5,17,22,7,0.306032,0.324616,1591.566339,4,1,6,0.127451,2
Foie_gras,Foie_gras,,0,38,38,0,38,38,7,0.342657,0.368897,0,10,1,192,0.248222,4
Forensic_facial_reconstruction,Forensic_facial_reconstruction,,0,6,6,0,6,6,7,0.284921,0.299177,0,11,1,193,0.366667,0
Monaco_Grand_Prix,Monaco_Grand_Prix,,1,9,10,1,9,10,7,0.285634,0.301048,4632.381542,12,1,6,0.25,4
Forrest_Gump,Forrest_Gump,,5,15,20,5,15,20,7,0.31841,0.338604,688.182869,3,1,6,0.114035,4
Fort_de_Chartres,Fort_de_Chartres,,0,5,5,0,5,5,7,0.28321,0.298158,0,0,1,194,0.5,8
Forth,Forth,,0,5,5,0,5,5,8,0.229888,0.238623,0,13,1,195,0.3,1
Forth_Road_Bridge,Forth_Road_Bridge,,1,11,12,1,11,12,7,0.310961,0.329973,58.472907,0,1,6,0.254545,8
Island_Fox,Island_Fox,,1,14,15,1,14,15,7,0.30557,0.323623,57.916589,2,1,6,0.21978,12
Fractal,Fractal,,7,14,21,7,14,21,7,0.301077,0.31845,883.676615,9,1,6,0.047368,6
Frances_Oldham_Kelsey,Frances_Oldham_Kelsey,,0,5,5,0,5,5,7,0.296939,0.313864,0,3,1,196,0.3,11
IG_Farben_Building,IG_Farben_Building,,1,12,13,1,12,13,7,0.302086,0.319779,21.291308,10,1,6,0.280303,8
Franklin_B._Gowen,Franklin_B._Gowen,,0,6,6,0,6,6,7,0.29814,0.31512,0,3,1,197,0.066667,11
Social_anxiety,Social_anxiety,,2,6,8,2,6,8,7,0.295912,0.312479,63.149885,11,1,6,0.214286,12
Frederick_Hamilton-Temple-Blackwood%2C_1st_Marquess_of_Dufferin_and_Ava,Frederick_Hamilton-Temple-Blackwood%2C_1st_Marquess_of_Dufferin_and_Ava,,0,31,31,0,31,31,7,0.325441,0.349511,0,0,1,198,0.145161,11
Royal_Geographical_Society,Royal_Geographical_Society,,4,13,17,4,13,17,7,0.309607,0.327749,200.920897,0,1,6,0.154167,0
Niccol%C3%B2_Machiavelli,Niccol%C3%B2_Machiavelli,,14,10,24,14,10,24,7,0.296107,0.314057,856.538593,9,1,6,0.17381,11
Polar_ice_cap,Polar_ice_cap,,4,13,17,4,13,17,7,0.301077,0.318393,304.545788,7,1,6,0.342857,5
Water_resources,Water_resources,,4,19,23,4,19,23,7,0.317587,0.33975,457.600103,7,1,6,0.170996,5
Muhammad_Iqbal,Muhammad_Iqbal,,2,32,34,2,32,34,7,0.329728,0.355695,227.247515,8,1,6,0.17803,11
Zoroaster,Zoroaster,,9,28,37,9,28,37,7,0.316669,0.339172,1176.714918,1,1,6,0.139113,11
Friend_Directdebit,Friend_Directdebit,,1,1,2,1,1,2,1,1,1,0,14,2,200,0.5,0
Directdebit,Directdebit,,2,0,2,2,0,2,0,0,0,0,14,2,199,0.5,0
Sesame_Street,Sesame_Street,,3,28,31,3,28,31,6,0.335457,0.359279,728.903253,13,1,6,0.157471,4
Radish,Radish,,5,14,19,5,14,19,7,0.296215,0.312886,1120.682434,11,1,6,0.134503,12
Rhubarb,Rhubarb,,1,16,17,1,16,17,7,0.320221,0.341536,269.213617,11,1,6,0.1375,12
Fugu,Fugu,,1,22,23,1,22,23,7,0.321567,0.342705,38.626832,2,1,6,0.114625,12
Scheme_programming_language,Scheme_programming_language,,3,1,4,3,1,4,9,0.19527,0.200036,7.446677,13,1,6,0.333333,1
Fundamental_Rights_in_India,Fundamental_Rights_in_India,,0,20,20,0,20,20,7,0.304979,0.324682,0,9,1,201,0.144737,7
Fur_language,Fur_language,,0,4,4,0,4,4,7,0.280934,0.296813,0,5,1,202,0.666667,3
Ubuntu_%28Linux_distribution%29,Ubuntu_%28Linux_distribution%29,,2,10,12,2,10,12,7,0.281079,0.295824,600.84378,13,1,6,0.172727,1
GNU_Linux_naming_controversy,GNU_Linux_naming_controversy,,0,8,8,0,8,8,8,0.256532,0.268137,0,13,1,203,0.553571,1
Hubble_Deep_Field,Hubble_Deep_Field,,4,14,18,4,14,18,7,0.296975,0.313741,75.326915,7,1,6,0.340659,12
Galerina,Galerina,,0,2,2,0,2,2,8,0.243033,0.252026,0,11,1,204,0.5,12
Leaning_Tower_of_Pisa,Leaning_Tower_of_Pisa,,2,11,13,2,11,13,7,0.298242,0.315607,154.682596,7,1,6,0.128788,8
Gallery_of_the_Kings_and_Queens_of_England,Gallery_of_the_Kings_and_Queens_of_England,,0,34,34,0,34,34,7,0.287202,0.306184,0,0,1,205,0.168449,0
Gallimimus,Gallimimus,,0,14,14,0,14,14,8,0.299549,0.31615,0,2,1,206,0.362637,12
SimCity,SimCity,,2,35,37,2,35,37,6,0.33413,0.358263,942.096878,13,1,6,0.12381,4
Ultimatum_game,Ultimatum_game,,1,8,9,1,8,9,7,0.304904,0.322591,83.798584,9,1,6,0.160714,4
Ganges_shark,Ganges_shark,,0,9,9,0,9,9,7,0.291287,0.307442,0,8,1,207,0.277778,12
Gangtok,Gangtok,,3,33,36,3,33,36,7,0.322437,0.34473,225.56086,8,1,6,0.136364,5
Lhasa,Lhasa,,6,13,19,6,13,19,7,0.303216,0.321881,244.801258,8,1,6,0.169118,5
Garden_Gnome_Liberation_Front,Garden_Gnome_Liberation_Front,,0,2,2,0,2,2,7,0.273635,0.286956,0,10,1,208,1,7
Gas_metal_arc_welding,Gas_metal_arc_welding,,3,28,31,3,28,31,7,0.313559,0.334985,102.08091,7,1,6,0.19709,8
Liquid_crystal,Liquid_crystal,,5,11,16,5,11,16,7,0.28316,0.298421,237.165995,7,1,6,0.10989,12
Shielded_metal_arc_welding,Shielded_metal_arc_welding,,3,20,23,3,20,23,7,0.300898,0.319317,40.21264,7,1,6,0.238095,8
Gas_turbine-electric_locomotive,Gas_turbine-electric_locomotive,,1,7,8,1,7,8,7,0.285674,0.301639,154.38641,10,1,6,0.166667,8
General_Pershing_Zephyr,General_Pershing_Zephyr,,1,5,6,1,5,6,7,0.282116,0.296971,84.893492,3,1,6,0.233333,8
Gentoo_penguin,Gentoo_penguin,,0,13,13,0,13,13,7,0.295705,0.311204,0,2,1,209,0.269231,12
Glaciology,Glaciology,,3,11,14,3,11,14,7,0.295653,0.311394,155.947031,7,1,6,0.160256,5
Geography_of_Africa,Geography_of_Africa,,0,41,41,0,41,41,7,0.329863,0.356145,0,5,1,210,0.204268,5
Lake_Turkana,Lake_Turkana,,4,13,17,4,13,17,7,0.302718,0.321315,165.853277,5,1,6,0.191667,5
Geography_of_India,Geography_of_India,,2,60,62,2,60,62,7,0.333553,0.360854,1815.223033,8,1,6,0.103279,5
Geography_of_Ireland,Geography_of_Ireland,,1,33,34,1,33,34,7,0.325283,0.34842,114.709525,0,1,6,0.137311,5
Giant%27s_Causeway,Giant%27s_Causeway,,4,11,15,4,11,15,7,0.314166,0.333231,894.042729,0,1,6,0.242424,5
Geography_of_Texas,Geography_of_Texas,,0,23,23,0,23,23,7,0.315933,0.336131,0,7,1,211,0.116601,5
Soil_science,Soil_science,,5,14,19,5,14,19,7,0.299719,0.317001,533.495829,7,1,6,0.141667,5
Geology_of_Dorset,Geology_of_Dorset,,0,24,24,0,24,24,7,0.316673,0.337378,0,2,1,212,0.115942,5
New_Forest,New_Forest,,7,19,26,7,19,26,7,0.317986,0.338506,766.669887,0,1,6,0.128571,5
Geology_of_the_Grand_Canyon_area,Geology_of_the_Grand_Canyon_area,,1,53,54,1,53,54,7,0.323623,0.349537,85.311779,7,1,213,0.097135,5
Georg_Forster,Georg_Forster,,0,42,42,0,42,42,7,0.339956,0.366994,0,9,1,214,0.125436,11
Georg_von_Boeselager,Georg_von_Boeselager,,0,15,15,0,15,15,7,0.320224,0.341852,0,10,1,215,0.485714,0
George_Byron%2C_6th_Baron_Byron,George_Byron%2C_6th_Baron_Byron,,5,45,50,5,45,50,7,0.334103,0.360967,11474.947684,0,1,6,0.087347,11
George_Fox,George_Fox,,3,27,30,3,27,30,7,0.32144,0.344843,104.942624,0,1,6,0.169312,11
Order_of_St._Patrick,Order_of_St._Patrick,,1,22,23,1,22,23,7,0.314459,0.335371,38.409723,0,1,6,0.287879,0
George_Thomas_Coker,George_Thomas_Coker,,0,9,9,0,9,9,7,0.304521,0.32303,0,3,1,216,0.111111,11
Mount_Rushmore,Mount_Rushmore,,4,33,37,4,33,37,7,0.322745,0.344477,11024.591202,3,1,6,0.074811,5
South_Ossetia,South_Ossetia,,8,17,25,8,17,25,7,0.310057,0.330693,34.902858,10,1,6,0.312253,5
Ho_Chi_Minh_City,Ho_Chi_Minh_City,,13,18,31,13,18,31,7,0.314825,0.336602,546.29379,8,1,6,0.200855,5
Merseburg_Incantations,Merseburg_Incantations,,1,5,6,1,5,6,8,0.275445,0.289042,74.772017,0,1,6,0.2,3
Ghost_Dance,Ghost_Dance,,2,9,11,2,9,11,7,0.299144,0.315985,126.971261,3,1,6,0.166667,14
Giant_Hogweed,Giant_Hogweed,,0,7,7,0,7,7,7,0.293352,0.30892,0,11,1,217,0.261905,12
Washington_Metro,Washington_Metro,,3,15,18,3,15,18,7,0.307774,0.325977,222.047368,3,1,6,0.084559,8
Rock_of_Gibraltar,Rock_of_Gibraltar,,1,10,11,1,10,11,7,0.310129,0.328984,10.953383,3,1,6,0.388889,5
Gilles_Villeneuve,Gilles_Villeneuve,,1,5,6,1,5,6,7,0.285734,0.300923,44.180596,3,1,6,0.466667,11
Hubbard_Glacier,Hubbard_Glacier,,1,4,5,1,4,5,8,0.276008,0.28943,12.872612,3,1,6,0,5
Jocelin,Jocelin,,1,10,11,1,10,11,7,0.29443,0.31142,18.062531,0,1,6,0.222222,11
Still_Game,Still_Game,,1,15,16,1,15,16,7,0.308665,0.327381,75.022856,13,1,6,0.17619,4
Glastonbury_Festival,Glastonbury_Festival,,3,14,17,3,14,17,7,0.300341,0.317724,205.445423,4,1,6,0.085714,2
Gliese_876_b,Gliese_876_b,,3,17,20,3,17,20,7,0.297979,0.315721,44.605985,7,1,6,0.375817,12
Gliese_876_c,Gliese_876_c,,3,17,20,3,17,20,7,0.282982,0.299471,10.741319,7,1,6,0.388889,12
Global,Global,,1,6,7,1,6,7,7,0.297258,0.313344,34.70381,7,1,6,0.166667,7
Global_spread_of_H5N1,Global_spread_of_H5N1,,1,89,90,1,89,90,7,0.359429,0.392695,131.668666,8,1,6,0.164709,7
H5N1,H5N1,,5,32,37,5,32,37,7,0.33758,0.363017,6305.298523,8,1,6,0.198319,12
Sudoku,Sudoku,,2,9,11,2,9,11,7,0.297629,0.314415,43.02681,9,1,6,0.127273,4
Globe_Theatre,Globe_Theatre,,2,13,15,2,13,15,7,0.300363,0.318351,268.09469,0,1,6,0.126374,3
Space_Shuttle_program,Space_Shuttle_program,,7,16,23,7,16,23,7,0.312447,0.330917,780.304537,3,1,6,0.207602,12
Gmail,Gmail,,3,20,23,3,20,23,7,0.328632,0.350808,464.328659,13,1,6,0.204762,1
Jehovah,Jehovah,,2,2,4,2,2,4,7,0.255049,0.265884,53.307762,1,1,6,0.166667,14
Gold%28III%29_chloride,Gold%28III%29_chloride,,1,10,11,1,10,11,7,0.284391,0.299685,943.981182,7,1,6,0.4,12
Golden_Gate_Highlands_National_Park,Golden_Gate_Highlands_National_Park,,1,9,10,1,9,10,7,0.287171,0.301944,25.902024,5,1,6,0.152778,5
Goleta%2C_California,Goleta%2C_California,,0,5,5,0,5,5,7,0.30095,0.317711,0,3,1,218,0.35,5
Shelduck,Shelduck,,2,9,11,2,9,11,7,0.303489,0.321406,23.35632,2,1,6,0.347222,12
Gordon_Griffith,Gordon_Griffith,,0,5,5,0,5,5,7,0.295124,0.311353,0,3,1,219,0.25,11
Mountain_Gorilla,Mountain_Gorilla,,1,14,15,1,14,15,7,0.306332,0.326,55.449318,2,1,6,0.208791,12
Government_of_France,Government_of_France,,2,16,18,2,16,18,7,0.300074,0.319051,54.080504,9,1,6,0.107843,7
Gowanus_Canal,Gowanus_Canal,,0,19,19,0,19,19,7,0.321621,0.342933,0,3,1,220,0.146199,5
Grand_Central_Station_%28Chicago%29,Grand_Central_Station_%28Chicago%29,,0,7,7,0,7,7,7,0.297527,0.314803,0,3,1,221,0.309524,8
Northern_Pacific_Railway,Northern_Pacific_Railway,,2,24,26,2,24,26,7,0.323028,0.345102,4787.077379,3,1,6,0.130769,8
Grand_Central_Terminal,Grand_Central_Terminal,,2,16,18,2,16,18,7,0.309939,0.329619,1074.428515,3,1,6,0.154412,8
Grand_Forks%2C_North_Dakota,Grand_Forks%2C_North_Dakota,,1,23,24,1,23,24,6,0.330723,0.354303,0,3,1,222,0.337945,5
Grange_Hill,Grange_Hill,,0,6,6,0,6,6,7,0.297287,0.314261,0,0,1,223,0.233333,4
Graniteville_train_disaster,Graniteville_train_disaster,,0,6,6,0,6,6,7,0.301913,0.318879,0,3,1,224,0.233333,0
Grape_seed_oil,Grape_seed_oil,,1,10,11,1,10,11,7,0.29443,0.310997,14.244377,11,1,6,0.163636,4
Watchmen,Watchmen,,3,22,25,3,22,25,7,0.326304,0.347758,583.011799,3,1,6,0.110672,4
Grease_%28film%29,Grease_%28film%29,,1,6,7,1,6,7,7,0.308829,0.326787,30.726464,3,1,6,0.333333,4
Oil_reservoir,Oil_reservoir,,4,11,15,4,11,15,7,0.304835,0.322789,170.759973,7,1,6,0.128205,5
Great_Black-backed_Gull,Great_Black-backed_Gull,,1,11,12,1,11,12,7,0.294472,0.310952,38.217382,2,1,6,0.345455,12
Great_Bustard,Great_Bustard,,1,11,12,1,11,12,7,0.304384,0.322284,45.863968,2,1,225,0.19697,12
Great_Comet_of_1882,Great_Comet_of_1882,,1,6,7,1,6,7,7,0.287722,0.302826,165.90617,7,1,6,0.2,12
Great_Crested_Grebe,Great_Crested_Grebe,,1,14,15,1,14,15,7,0.317811,0.339122,201.624385,2,1,6,0.214286,12
Great_Lakes_Storm_of_1913,Great_Lakes_Storm_of_1913,,1,23,24,1,23,24,7,0.317363,0.337961,260.675598,3,1,6,0.167984,5
Weather_forecasting,Weather_forecasting,,4,10,14,4,10,14,7,0.305778,0.323538,251.074363,7,1,6,0.173077,5
Slavic_mythology,Slavic_mythology,,3,9,12,3,9,12,7,0.296237,0.31182,120.966969,1,1,6,0.083333,14
Sea_of_Galilee,Sea_of_Galilee,,10,24,34,10,24,34,7,0.31954,0.341227,1057.885756,1,1,6,0.237892,5
Great_Spotted_Woodpecker,Great_Spotted_Woodpecker,,1,11,12,1,11,12,7,0.298549,0.315714,38.038044,2,1,6,0.345455,12
Great_hammerhead,Great_hammerhead,,0,4,4,0,4,4,8,0.248301,0.258236,0,2,1,226,0.666667,12
Greater_Cane_Rat,Greater_Cane_Rat,,0,6,6,0,6,6,7,0.288018,0.30394,0,2,1,227,0.333333,12
Tenzin_Gyatso%2C_14th_Dalai_Lama,Tenzin_Gyatso%2C_14th_Dalai_Lama,,7,41,48,7,41,48,7,0.332459,0.358373,1100.366963,8,1,6,0.125121,11
Temple_of_Artemis,Temple_of_Artemis,,2,10,12,2,10,12,7,0.299963,0.317897,62.187035,1,1,6,0.143939,0
Green_Woodpecker,Green_Woodpecker,,1,10,11,1,10,11,7,0.299034,0.316113,38.816485,2,1,6,0.333333,12
Medieval_music,Medieval_music,,7,24,31,7,24,31,7,0.315266,0.337073,1317.523642,0,1,6,0.181034,2
Gremlins,Gremlins,,0,19,19,0,19,19,7,0.319141,0.34026,0,13,1,228,0.131579,4
Grevy%27s_Zebra,Grevy%27s_Zebra,,1,10,11,1,10,11,7,0.292033,0.308455,0.640504,2,1,6,0.388889,12
Isaac_Brock,Isaac_Brock,,3,23,26,3,23,26,7,0.327517,0.349932,286.174202,0,1,6,0.165,11
Stornoway,Stornoway,,1,12,13,1,12,13,7,0.316793,0.337381,97.934258,0,1,6,0.326923,5
Wrench,Wrench,,2,4,6,2,4,6,7,0.271534,0.283718,10.260205,3,1,6,0.05,8
Gustavus_Franklin_Swift,Gustavus_Franklin_Swift,,2,31,33,2,31,33,6,0.334986,0.358087,85.806011,3,1,6,0.122581,11
Refrigerator_car,Refrigerator_car,,3,36,39,3,36,39,7,0.344376,0.369567,23472.193345,3,1,6,0.160317,8
Stock_car_%28rail%29,Stock_car_%28rail%29,,2,26,28,2,26,28,6,0.334544,0.357059,9240.80982,3,1,6,0.14245,8
HD_217107,HD_217107,,2,8,10,2,8,10,8,0.275574,0.29042,83.2543,7,1,229,0.5,12
HD_217107_b,HD_217107_b,,2,9,11,2,9,11,8,0.276607,0.291052,71.082777,7,1,229,0.472222,12
HD_217107_c,HD_217107_c,,2,5,7,2,5,7,8,0.261085,0.272784,3.111979,7,1,229,0.4,12
HD_28185,HD_28185,,1,11,12,1,11,12,7,0.294382,0.310842,9.868381,7,1,230,0.390909,12
HD_28185_b,HD_28185_b,,1,13,14,1,13,14,7,0.291317,0.307694,8.651408,7,1,230,0.455128,12
HIV_AIDS_in_Africa,HIV_AIDS_in_Africa,,0,48,48,0,48,48,7,0.315196,0.340018,0,5,1,231,0.310284,5
HMS_E18,HMS_E18,,0,4,4,0,4,4,7,0.278982,0.292708,0,10,1,232,0.5,8
HSBC,HSBC,,4,62,66,4,62,66,7,0.345786,0.375455,7914.265214,8,1,6,0.128968,10
Mark_Webber,Mark_Webber,,1,19,20,1,19,20,7,0.333745,0.356601,23.513592,12,1,6,0.260526,11
Spyware,Spyware,,6,18,24,6,18,24,7,0.284033,0.299694,1175.691963,13,1,6,0.190058,1
Orion_Nebula,Orion_Nebula,,5,22,27,5,22,27,7,0.304812,0.323289,896.417815,7,1,6,0.261905,12
Navassa_Island,Navassa_Island,,4,56,60,4,56,60,7,0.332268,0.35857,1832.97515,3,1,6,0.139141,5
Haji_Mohammad_Suharto,Haji_Mohammad_Suharto,,0,24,24,0,24,24,7,0.326411,0.349992,0,5,1,233,0.231884,11
Halfbeak,Halfbeak,,0,10,10,0,10,10,7,0.304727,0.322991,0,2,1,234,0.211111,12
Hamilton-Burr_duel,Hamilton-Burr_duel,,0,10,10,0,10,10,7,0.300437,0.317933,0,3,1,235,0.466667,0
Hampstead_Heath,Hampstead_Heath,,2,5,7,2,5,7,8,0.275557,0.289856,4564.974799,0,1,6,0.166667,5
Ho_Chi_Minh,Ho_Chi_Minh,,8,28,36,8,28,36,7,0.329406,0.353526,486.057266,8,1,6,0.236895,11
Harald_Maddadsson,Harald_Maddadsson,,1,5,6,1,5,6,8,0.272721,0.286613,0.407422,0,1,6,0.2,0
Hardball_squash,Hardball_squash,,1,6,7,1,6,7,7,0.301749,0.319007,8.038576,3,1,6,0.466667,4
Harley-Davidson,Harley-Davidson,,1,15,16,1,15,16,7,0.321491,0.342882,22.121943,8,1,6,0.220833,10
James_Callaghan,James_Callaghan,,10,32,42,10,32,42,7,0.333443,0.359207,407.426809,0,1,6,0.257508,11
Harrier_Hawk,Harrier_Hawk,,1,7,8,1,7,8,7,0.285734,0.301781,42.319844,2,1,6,0.25,12
Lord_Voldemort,Lord_Voldemort,,1,16,17,1,16,17,7,0.313801,0.334288,51.823912,6,1,6,0.216667,4
Hasekura_Tsunenaga,Hasekura_Tsunenaga,,3,28,31,3,28,31,7,0.322771,0.345748,372.503233,8,1,6,0.225369,11
Osmium,Osmium,,9,30,39,9,30,39,7,0.327861,0.352027,2247.028353,7,1,6,0.234409,12
Hawfinch,Hawfinch,,0,9,9,0,9,9,8,0.297768,0.314706,0,2,1,236,0.305556,12
Hawk-Eye,Hawk-Eye,,3,11,14,3,11,14,7,0.281743,0.29615,5331.473467,12,1,6,0.145455,4
Heilbronn,Heilbronn,,0,35,35,0,35,35,7,0.331752,0.358362,0,10,1,237,0.215966,5
Helen_Gandy,Helen_Gandy,,1,8,9,1,8,9,7,0.298001,0.315317,3.992521,3,1,6,0.446429,11
Helicobacter_pylori,Helicobacter_pylori,,0,17,17,0,17,17,7,0.3285,0.349421,0,7,1,238,0.213235,12
Hello_Garci_scandal,Hello_Garci_scandal,,1,1,2,1,1,2,8,0.25374,0.264023,0,8,1,6,0,7
William_N._Page,William_N._Page,,2,20,22,2,20,22,6,0.320373,0.340873,54.077553,3,1,6,0.205263,11
Real_tennis,Real_tennis,,2,20,22,2,20,22,6,0.336041,0.360303,232.165491,0,1,6,0.328947,4
Henry_Wood_%28conductor%29,Henry_Wood_%28conductor%29,,0,12,12,0,12,12,7,0.2924,0.309339,0,4,1,239,0.136364,11
Hepatorenal_syndrome,Hepatorenal_syndrome,,0,3,3,0,3,3,8,0.27334,0.286484,0,11,1,240,0.166667,12
Herbig-Haro_object,Herbig-Haro_object,,2,15,17,2,15,17,7,0.299542,0.317295,38.162211,7,1,6,0.320833,12
Hermann_Maier,Hermann_Maier,,0,5,5,0,5,5,7,0.288879,0.304521,0,10,1,241,0.5,11
Hero_of_Ukraine,Hero_of_Ukraine,,0,10,10,0,10,10,7,0.291391,0.307907,0,10,1,242,0.355556,0
Hero_of_the_Russian_Federation,Hero_of_the_Russian_Federation,,2,7,9,2,7,9,7,0.307191,0.325778,207.543233,10,1,6,0.305556,0
Herrerasaurus,Herrerasaurus,,0,15,15,0,15,15,7,0.302229,0.319874,0,2,1,243,0.285714,12
Hey_Jude,Hey_Jude,,5,11,16,5,11,16,7,0.317165,0.337698,445.988891,4,1,6,0.371795,2
I_Want_to_Hold_Your_Hand,I_Want_to_Hold_Your_Hand,,4,20,24,4,20,24,7,0.321644,0.343959,223.24722,4,1,6,0.248918,2
Hickman%27s_potentilla,Hickman%27s_potentilla,,0,12,12,0,12,12,7,0.309353,0.328299,0,3,1,244,0.189394,12
Yeti,Yeti,,3,22,25,3,22,25,7,0.324632,0.344999,628.701999,8,1,6,0.124506,14
Himno_Nacional_Mexicano,Himno_Nacional_Mexicano,,1,15,16,1,15,16,7,0.3162,0.337293,39.087731,6,1,6,0.361905,2
Reggaeton,Reggaeton,,7,29,36,7,29,36,7,0.324528,0.348,1275.853728,6,1,6,0.246212,2
Hiroh_Kikai,Hiroh_Kikai,,0,4,4,0,4,4,7,0.270405,0.282906,0,8,1,245,0.166667,11
History_of_Alaska,History_of_Alaska,,1,30,31,1,30,31,7,0.328685,0.352714,9206.040101,3,1,6,0.177419,0
Malaspina_Glacier,Malaspina_Glacier,,1,1,2,1,1,2,8,0.259124,0.270338,0,2,1,6,0.5,5
Scotland_in_the_High_Middle_Ages,Scotland_in_the_High_Middle_Ages,,5,52,57,5,52,57,7,0.327437,0.354638,8260.244705,0,1,6,0.114935,0
History_of_Arizona,History_of_Arizona,,1,50,51,1,50,51,7,0.342399,0.368655,9256.1361,3,1,6,0.095294,0
Phoenix_Zoo,Phoenix_Zoo,,1,14,15,1,14,15,7,0.303489,0.321461,4606.84614,2,1,6,0.080952,5
History_of_Buddhism,History_of_Buddhism,,2,58,60,2,58,60,7,0.325544,0.352988,1017.639159,8,1,6,0.159105,14
History_of_Burnside,History_of_Burnside,,0,7,7,0,7,7,7,0.289168,0.305837,0,12,1,246,0.238095,0
History_of_Cape_Colony_from_1806_to_1870,History_of_Cape_Colony_from_1806_to_1870,,1,22,23,1,22,23,7,0.32882,0.351965,49.255967,5,1,247,0.138528,0
History_of_Cape_Colony_from_1870_to_1899,History_of_Cape_Colony_from_1870_to_1899,,1,22,23,1,22,23,7,0.325287,0.347671,33.749959,5,1,247,0.201299,0
History_of_Central_Asia,History_of_Central_Asia,,1,48,49,1,48,49,7,0.338595,0.366215,58.397765,1,1,6,0.135204,0
Sputnik_1,Sputnik_1,,11,18,29,11,18,29,7,0.318435,0.338411,12100.107492,10,1,6,0.254941,12
History_of_Greenland,History_of_Greenland,,1,37,38,1,37,38,6,0.335429,0.360771,60.326335,10,1,6,0.20697,0
History_of_Limerick,History_of_Limerick,,0,26,26,0,26,26,6,0.328686,0.351998,0,0,1,248,0.173846,0
History_of_Louisville%2C_Kentucky,History_of_Louisville%2C_Kentucky,,0,30,30,0,30,30,7,0.333416,0.357758,0,3,1,249,0.163218,0
History_of_Miami%2C_Florida,History_of_Miami%2C_Florida,,0,32,32,0,32,32,7,0.325572,0.349921,0,3,1,250,0.153226,0
History_of_New_Jersey,History_of_New_Jersey,,1,48,49,1,48,49,7,0.336013,0.362984,87.536217,3,1,6,0.083333,0
History_of_Northwest_Territories_capital_cities,History_of_Northwest_Territories_capital_cities,,0,5,5,0,5,5,7,0.277797,0.292265,0,3,1,251,0.25,0
History_of_Poland_%281945%E2%80%931989%29,History_of_Poland_%281945%E2%80%931989%29,,0,42,42,0,42,42,7,0.331697,0.358089,0,10,1,252,0.202091,0
History_of_Portugal_%281777%E2%80%931834%29,History_of_Portugal_%281777%E2%80%931834%29,,0,25,25,0,25,25,7,0.331372,0.354343,0,6,1,253,0.171667,0
History_of_Puerto_Rico,History_of_Puerto_Rico,,1,45,46,1,45,46,7,0.336627,0.362981,41270.488207,3,1,6,0.160386,0
History_of_South_Carolina,History_of_South_Carolina,,1,48,49,1,48,49,7,0.340959,0.367397,70.400445,3,1,6,0.089711,0
History_of_Russia,History_of_Russia,,4,73,77,4,73,77,6,0.349573,0.380698,549.942686,10,1,6,0.165124,0
History_of_post-Soviet_Russia,History_of_post-Soviet_Russia,,5,29,34,5,29,34,7,0.323802,0.347756,240.070685,10,1,6,0.178495,0
Polish-Muscovite_War_%281605%E2%80%931618%29,Polish-Muscovite_War_%281605%E2%80%931618%29,,6,23,29,6,23,29,7,0.308688,0.329365,119.672065,10,1,6,0.246667,0
Russian_constitutional_crisis_of_1993,Russian_constitutional_crisis_of_1993,,2,10,12,2,10,12,7,0.308712,0.327459,54.419917,10,1,6,0.2,0
History_of_Singapore,History_of_Singapore,,0,49,49,0,49,49,7,0.337916,0.36596,0,8,1,254,0.115221,0
United_Malays_National_Organisation,United_Malays_National_Organisation,,3,17,20,3,17,20,7,0.304766,0.32453,189.42304,8,1,6,0.251634,5
History_of_Solidarity,History_of_Solidarity,,0,17,17,0,17,17,7,0.307407,0.327496,0,10,1,255,0.275735,0
History_of_Wikipedia,History_of_Wikipedia,,0,18,18,0,18,18,7,0.314956,0.335596,0,13,1,257,0.091503,0
Jimmy_Wales,Jimmy_Wales,,6,12,18,6,12,18,7,0.309607,0.328694,2392.251867,13,1,6,0.195238,11
Jordanhill_railway_station,Jordanhill_railway_station,,1,6,7,1,6,7,7,0.287711,0.302853,34.160909,0,1,256,0.095238,8
Ward_Cunningham,Ward_Cunningham,,2,3,5,2,3,5,7,0.293088,0.309183,33.8584,13,1,6,0.2,11
Wikimedia_Foundation,Wikimedia_Foundation,,8,11,19,8,11,19,7,0.296888,0.314359,11098.873718,13,1,6,0.25641,1
History_of_the_Internet,History_of_the_Internet,,2,30,32,2,30,32,7,0.320626,0.343743,356.227134,13,1,6,0.09879,1
History_of_education,History_of_education,,0,21,21,0,21,21,7,0.318464,0.340058,0,10,1,258,0.211905,7
History_of_merit_badges_%28Boy_Scouts_of_America%29,History_of_merit_badges_%28Boy_Scouts_of_America%29,,0,16,16,0,16,16,7,0.320022,0.340072,0,4,1,259,0.075,7
History_of_painting,History_of_painting,,1,92,93,1,92,93,7,0.357672,0.389676,28.870338,4,1,260,0.096393,0
Western_painting,Western_painting,,1,66,67,1,66,67,7,0.350683,0.379695,5.61835,4,1,260,0.105594,13
History_of_saffron,History_of_saffron,,0,54,54,0,54,54,7,0.347651,0.376279,0,1,1,261,0.124738,12
History_of_slavery,History_of_slavery,,1,78,79,1,78,79,7,0.359716,0.391694,55272.049328,1,1,6,0.137862,0
Japanese_war_crimes,Japanese_war_crimes,,5,47,52,5,47,52,7,0.34292,0.370505,998.695731,8,1,6,0.249557,0
Third_Servile_War,Third_Servile_War,,1,6,7,1,6,7,7,0.282962,0.297226,5.001514,1,1,6,0.404762,0
History_of_the_Australian_Capital_Territory,History_of_the_Australian_Capital_Territory,,0,18,18,0,18,18,6,0.328873,0.350904,0,12,1,262,0.205882,0
History_of_the_Grand_Canyon_area,History_of_the_Grand_Canyon_area,,0,46,46,0,46,46,7,0.338819,0.364569,0,3,1,263,0.072947,0
History_of_the_Netherlands,History_of_the_Netherlands,,0,66,66,0,66,66,7,0.346907,0.377105,0,10,1,264,0.184382,0
History_of_the_Panama_Canal,History_of_the_Panama_Canal,,0,30,30,0,30,30,7,0.328713,0.352685,0,6,1,265,0.168966,0
History_of_the_Portuguese_Communist_Party,History_of_the_Portuguese_Communist_Party,,1,26,27,1,26,27,7,0.324091,0.347482,12.60209,10,1,266,0.316923,0
Portuguese_Communist_Party,Portuguese_Communist_Party,,1,26,27,1,26,27,7,0.316727,0.339543,2.970021,10,1,266,0.247692,7
History_of_the_Royal_Australian_Navy,History_of_the_Royal_Australian_Navy,,0,66,66,0,66,66,7,0.353778,0.384178,0,5,1,267,0.158974,0
History_of_the_West_Indian_cricket_team,History_of_the_West_Indian_cricket_team,,0,25,25,0,25,25,7,0.310704,0.331589,0,5,1,268,0.171667,4
Holkham_Hall,Holkham_Hall,,3,15,18,3,15,18,7,0.309017,0.328732,5211.862058,0,1,6,0.170833,8
Matthew_Brettingham,Matthew_Brettingham,,1,10,11,1,10,11,7,0.301166,0.319119,30.737383,0,1,6,0.266667,11
Space_Invaders,Space_Invaders,,3,9,12,3,9,12,7,0.306726,0.323792,445.183039,13,1,6,0.045455,4
House_Martin,House_Martin,,2,11,13,2,11,13,7,0.30148,0.320072,5183.968197,2,1,6,0.318182,12
Swallow,Swallow,,1,6,7,1,6,7,8,0.259008,0.271538,0.564381,2,1,6,0.666667,12
Sparrow,Sparrow,,4,16,20,4,16,20,7,0.316027,0.338122,2281.59383,2,1,6,0.267974,12
Tree_Sparrow,Tree_Sparrow,,3,17,20,3,17,20,7,0.322027,0.343022,90.761648,2,1,6,0.215686,12
Jarvis_Island,Jarvis_Island,,4,8,12,4,8,12,7,0.311033,0.32987,238.659068,3,1,6,0.354545,5
Hrafnkels_saga,Hrafnkels_saga,,0,6,6,0,6,6,7,0.282637,0.296796,0,10,1,269,0.166667,3
Spherical_aberration,Spherical_aberration,,4,3,7,4,3,7,8,0.253391,0.264986,26.008494,7,1,6,0.233333,12
Hugo_Wolf,Hugo_Wolf,,2,8,10,2,8,10,8,0.271807,0.286497,11.144463,4,1,6,0.25,11
Human_abdomen,Human_abdomen,,0,1,1,0,1,1,8,0.247573,0.257075,0,1,1,270,0,12
Thomas_Samuel_Kuhn,Thomas_Samuel_Kuhn,,2,7,9,2,7,9,7,0.297979,0.31502,54.792616,9,1,6,0.152778,11
Humbert_Roque_Versace,Humbert_Roque_Versace,,0,6,6,0,6,6,7,0.297658,0.315141,0,3,1,271,0.466667,11
Sperm_Whale,Sperm_Whale,,3,23,26,3,23,26,7,0.310223,0.32969,161.333917,2,1,6,0.111667,12
Music_of_Hungary,Music_of_Hungary,,1,23,24,1,23,24,7,0.323002,0.346113,138.465972,4,1,6,0.241107,2
Hurricane_Gloria,Hurricane_Gloria,,2,6,8,2,6,8,7,0.293152,0.309124,73.815505,3,1,6,0.232143,5
Hurricane_Danny_%281997%29,Hurricane_Danny_%281997%29,,0,6,6,0,6,6,7,0.297746,0.314228,0,3,1,272,0.533333,5
Hurricane_Edouard_%281996%29,Hurricane_Edouard_%281996%29,,0,9,9,0,9,9,7,0.313321,0.332925,0,3,1,273,0.458333,5
Hurricane_Felix_%281995%29,Hurricane_Felix_%281995%29,,0,11,11,0,11,11,7,0.31581,0.33574,0,3,1,274,0.345455,5
Hurricane_John_%281994%29,Hurricane_John_%281994%29,,0,10,10,0,10,10,7,0.311545,0.331524,0,3,1,275,0.388889,5
Hurricane_John_%282006%29,Hurricane_John_%282006%29,,0,8,8,0,8,8,7,0.311444,0.330621,0,6,1,276,0.482143,5
Hurricane_Marty_%282003%29,Hurricane_Marty_%282003%29,,0,7,7,0,7,7,7,0.290099,0.305873,0,6,1,277,0.238095,5
Kubla_Khan,Kubla_Khan,,4,8,12,4,8,12,7,0.289778,0.305638,565.606096,8,1,6,0.145455,3
Royal_Parks_of_London,Royal_Parks_of_London,,4,6,10,4,6,10,7,0.296302,0.313021,180.422611,0,1,6,0.533333,5
Sodium_sulfate,Sodium_sulfate,,2,15,17,2,15,17,7,0.303875,0.322127,62.580141,7,1,6,0.166667,12
Soil_moisture,Soil_moisture,,1,8,9,1,8,9,7,0.288973,0.304489,1.793474,7,1,6,0.428571,5
Hypsilophodon,Hypsilophodon,,0,17,17,0,17,17,7,0.308224,0.326729,0,2,1,278,0.294118,12
Napster,Napster,,1,4,5,1,4,5,7,0.294644,0.310782,34.847371,13,1,6,0.3,1
Lost_%28TV_series%29,Lost_%28TV_series%29,,6,25,31,6,25,31,7,0.333059,0.356551,1327.348334,13,1,6,0.106897,4
Idit_Harel_Caperton,Idit_Harel_Caperton,,0,18,18,0,18,18,7,0.319166,0.341889,0,1,1,279,0.235294,11
Ike_Altgens,Ike_Altgens,,1,9,10,1,9,10,7,0.304583,0.322924,12.845955,13,1,6,0.388889,11
Income_disparity,Income_disparity,,2,8,10,2,8,10,7,0.289592,0.304978,53.552252,8,1,6,0.233333,10
Kargil_War,Kargil_War,,3,23,26,3,23,26,7,0.325518,0.348866,2870.789148,8,1,6,0.199605,0
Indian_Institutes_of_Technology,Indian_Institutes_of_Technology,,0,36,36,0,36,36,7,0.337804,0.3629,0,8,1,280,0.152381,7
Indian_Peafowl,Indian_Peafowl,,1,13,14,1,13,14,7,0.300452,0.316902,55.567097,2,1,6,0.211538,12
Peafowl,Peafowl,,2,11,13,2,11,13,7,0.303125,0.322281,4669.683418,2,1,6,0.257576,12
John_Bull_%28locomotive%29,John_Bull_%28locomotive%29,,1,12,13,1,12,13,7,0.30408,0.322832,702.32028,3,1,6,0.128205,8
List_of_Test_cricket_triple_centuries,List_of_Test_cricket_triple_centuries,,1,8,9,1,8,9,7,0.286017,0.300695,23.284306,12,1,6,0.053571,4
Nematode,Nematode,,2,9,11,2,9,11,8,0.281469,0.295755,9266.897826,2,1,6,0.136364,12
The_Mismeasure_of_Man,The_Mismeasure_of_Man,,3,14,17,3,14,17,7,0.31831,0.337648,660.557589,9,1,6,0.142857,12
InterBase,InterBase,,0,3,3,0,3,3,9,0.219521,0.226705,0,13,1,281,0.833333,1
International_English,International_English,,0,49,49,0,49,49,7,0.350294,0.379476,0,8,1,282,0.217262,3
Space_Shuttle_Endeavour,Space_Shuttle_Endeavour,,6,16,22,6,16,22,7,0.310271,0.328738,638.58164,3,1,6,0.20915,12
OpenOffice.org,OpenOffice.org,,3,12,15,3,12,15,7,0.284132,0.299171,5992.954162,13,1,6,0.180952,1
Phishing,Phishing,,3,8,11,3,8,11,7,0.308524,0.32661,624.244891,13,1,6,0.222222,1
Introduction_to_special_relativity,Introduction_to_special_relativity,,0,4,4,0,4,4,8,0.259503,0.270847,0,7,1,283,0.416667,12
Iowa_class_battleship,Iowa_class_battleship,,1,4,5,1,4,5,7,0.273242,0.287731,0.25,6,1,284,0.25,0
USS_Wisconsin_%28BB-64%29,USS_Wisconsin_%28BB-64%29,,1,48,49,1,48,49,7,0.34225,0.370149,959.65893,8,1,284,0.162677,0
Reza_Shah,Reza_Shah,,2,14,16,2,14,16,7,0.318036,0.33814,56.027823,10,1,6,0.328571,11
Iraq_and_weapons_of_mass_destruction,Iraq_and_weapons_of_mass_destruction,,0,38,38,0,38,38,6,0.342831,0.36947,0,1,1,285,0.200569,0
Ireland_King_of_Arms,Ireland_King_of_Arms,,0,7,7,0,7,7,7,0.280623,0.294991,0,0,1,286,0.285714,0
Paul_Kane,Paul_Kane,,2,28,30,2,28,30,6,0.335902,0.359871,277.306398,3,1,6,0.181217,11
Iron_Mike,Iron_Mike,,1,5,6,1,5,6,7,0.281384,0.296661,115.866762,10,1,288,0.15,0
Krag-J%C3%B8rgensen,Krag-J%C3%B8rgensen,,1,7,8,1,7,8,7,0.304452,0.322847,125.246383,10,1,287,0.428571,0
Spirit_of_the_American_Doughboy,Spirit_of_the_American_Doughboy,,1,2,3,1,2,3,7,0.262572,0.274732,0,10,1,288,0.5,0
John_W._Campbell,John_W._Campbell,,3,4,7,3,4,7,7,0.291823,0.306877,132.947386,9,1,6,0.133333,11
Three_Laws_of_Robotics,Three_Laws_of_Robotics,,1,14,15,1,14,15,7,0.296562,0.313149,93.694794,9,1,6,0.038462,3
Music_of_the_trecento,Music_of_the_trecento,,1,12,13,1,12,13,8,0.290922,0.307766,5.620079,0,1,6,0.320513,2
Papal_conclave,Papal_conclave,,4,27,31,4,27,31,7,0.32236,0.345717,343.777707,13,1,6,0.187356,14
J%C3%B3rv%C3%ADk,J%C3%B3rv%C3%ADk,,0,13,13,0,13,13,7,0.299505,0.318051,0,0,1,289,0.301282,0
Jackanory,Jackanory,,2,4,6,2,4,6,7,0.287314,0.302548,47.724541,0,1,6,0.3,4
Sandy_Koufax,Sandy_Koufax,,1,15,16,1,15,16,7,0.31089,0.329527,4845.708821,3,1,6,0.233333,11
Jacob_Riis,Jacob_Riis,,0,10,10,0,10,10,7,0.304933,0.323336,0,3,1,290,0.211111,11
To_Kill_a_Mockingbird,To_Kill_a_Mockingbird,,1,6,7,1,6,7,7,0.300519,0.317378,51.608602,3,1,6,0.238095,3
James_Lovelock,James_Lovelock,,3,19,22,3,19,22,7,0.316719,0.335799,391.145048,7,1,6,0.185714,11
James_T._Aubrey%2C_Jr.,James_T._Aubrey%2C_Jr.,,0,15,15,0,15,15,7,0.318489,0.338924,0,3,1,291,0.242857,11
Keira_Knightley,Keira_Knightley,,3,8,11,3,8,11,7,0.313437,0.332456,181.663609,13,1,6,0.291667,11
Pride_and_Prejudice,Pride_and_Prejudice,,3,10,13,3,10,13,7,0.299453,0.316312,185.810744,0,1,6,0.218182,3
Peak_District,Peak_District,,5,29,34,5,29,34,7,0.325205,0.3468,12299.258793,0,1,6,0.095766,5
Mario,Mario,,7,18,25,7,18,25,7,0.314069,0.333478,10669.376405,13,1,6,0.154762,4
Sumo,Sumo,,3,13,16,3,13,16,7,0.305409,0.323525,565.411878,8,1,6,0.153846,4
Japanese_grammar,Japanese_grammar,,0,3,3,0,3,3,7,0.280022,0.294373,0,6,1,292,0.666667,3
Shroud_of_Turin,Shroud_of_Turin,,3,24,27,3,24,27,7,0.319489,0.34037,1155.613775,1,1,6,0.094203,14
Jet_Set_Willy,Jet_Set_Willy,,1,6,7,1,6,7,7,0.276139,0.289835,13.810023,13,1,6,0.166667,4
Jiaogulan,Jiaogulan,,1,6,7,1,6,7,7,0.290401,0.305833,4.973186,8,1,6,0.333333,12
Marcel_Lefebvre,Marcel_Lefebvre,,2,16,18,2,16,18,7,0.305064,0.324777,57.045066,10,1,6,0.191176,11
Saint_Joan_%28play%29,Saint_Joan_%28play%29,,1,5,6,1,5,6,8,0.288418,0.303605,59.431343,0,1,6,0.1,3
Joel_Brand,Joel_Brand,,1,37,38,1,37,38,7,0.343933,0.370827,84.570067,10,1,293,0.273273,11
Rudolf_Vrba,Rudolf_Vrba,,1,27,28,1,27,28,7,0.321242,0.344055,22.574174,10,1,293,0.182336,11
John_A.T._Robinson,John_A.T._Robinson,,0,6,6,0,6,6,7,0.292021,0.307284,0,0,1,294,0.2,11
Mother_Teresa,Mother_Teresa,,4,36,40,4,36,40,7,0.336571,0.363239,336.171696,5,1,6,0.164296,11
John_Henninger_Reagan,John_Henninger_Reagan,,0,7,7,0,7,7,7,0.283725,0.299093,0,3,1,295,0.452381,11
John_Pershing,John_Pershing,,3,47,50,3,47,50,7,0.336935,0.364377,6448.080347,3,1,6,0.1716,11
John_Seigenthaler%2C_Sr.,John_Seigenthaler%2C_Sr.,,1,7,8,1,7,8,7,0.279548,0.29398,38.495595,3,1,6,0.238095,11
John_Sentamu,John_Sentamu,,2,11,13,2,11,13,7,0.310366,0.330522,123.672432,0,1,6,0.272727,11
John_W._Johnston,John_W._Johnston,,0,10,10,0,10,10,7,0.30142,0.318858,0,3,1,296,0.255556,11
William_Mahone,William_Mahone,,2,11,13,2,11,13,7,0.294622,0.310774,102.357264,3,1,6,0.128788,11
Llywelyn_the_Great,Llywelyn_the_Great,,2,12,14,2,12,14,7,0.294408,0.310869,73.028032,0,1,6,0.219697,11
Joseph_and_the_Amazing_Technicolor_Dreamcoat,Joseph_and_the_Amazing_Technicolor_Dreamcoat,,0,10,10,0,10,10,7,0.296592,0.31275,0,0,1,297,0.088889,3
Julius_and_Ethel_Rosenberg,Julius_and_Ethel_Rosenberg,,0,15,15,0,15,15,6,0.318439,0.339322,0,10,1,298,0.295238,0
July_2006_Java_earthquake,July_2006_Java_earthquake,,2,11,13,2,11,13,7,0.299498,0.317315,17.842233,8,1,6,0.212121,5
Jump_rope,Jump_rope,,1,14,15,1,14,15,7,0.318961,0.339461,41.006623,13,1,6,0.152381,4
K%C4%ABlauea,K%C4%ABlauea,,1,6,7,1,6,7,7,0.283061,0.297046,102.740315,7,1,6,0.233333,5
Kakariki,Kakariki,,1,10,11,1,10,11,7,0.290223,0.305269,37.129096,2,1,299,0.309091,12
Muhammad_Ali_Jinnah,Muhammad_Ali_Jinnah,,9,22,31,9,22,31,7,0.325753,0.348919,835.448568,8,1,6,0.189153,11
Karikkoselk%C3%A4,Karikkoselk%C3%A4,,1,4,5,1,4,5,7,0.273832,0.286728,17.030666,7,1,300,0.166667,5
Keurusselk%C3%A4,Keurusselk%C3%A4,,1,10,11,1,10,11,7,0.286319,0.302028,97.319512,7,1,300,0.1,5
Katyn_massacre,Katyn_massacre,,0,24,24,0,24,24,7,0.324816,0.348103,0,10,1,301,0.309783,0
Red_rain_in_Kerala,Red_rain_in_Kerala,,1,31,32,1,31,32,7,0.325413,0.347579,266.212723,7,1,6,0.135484,0
Kestrel,Kestrel,,0,17,17,0,17,17,7,0.320098,0.342411,0,2,1,302,0.253676,12
Kevin_Spacey,Kevin_Spacey,,1,14,15,1,14,15,7,0.308055,0.325453,137.556354,13,1,6,0.104762,11
Khan_Wali_Khan,Khan_Wali_Khan,,1,10,11,1,10,11,7,0.302808,0.321097,2.8063,8,1,6,0.309091,11
Khudai_Khidmatgar,Khudai_Khidmatgar,,3,3,6,3,3,6,7,0.288028,0.303368,25.681982,8,1,6,0.333333,0
Oleg_of_Novgorod,Oleg_of_Novgorod,,1,4,5,1,4,5,8,0.274661,0.288719,0,1,1,6,0.583333,0
Kidnapped_%28novel%29,Kidnapped_%28novel%29,,0,10,10,0,10,10,7,0.296787,0.313799,0,5,1,303,0.222222,3
Moldovans,Moldovans,,3,13,16,3,13,16,7,0.306402,0.325724,34.207994,10,1,6,0.318681,5
Kigo,Kigo,,1,55,56,1,55,56,6,0.350601,0.377787,7711.007529,2,1,6,0.082828,3
Kingman_Reef,Kingman_Reef,,4,4,8,4,4,8,7,0.298747,0.315191,34.81729,3,1,6,0.452381,5
Kipchaks_in_Georgia,Kipchaks_in_Georgia,,0,9,9,0,9,9,7,0.294652,0.312467,0,10,1,304,0.402778,5
Nathu_La,Nathu_La,,1,19,20,1,19,20,7,0.304446,0.323062,52.484661,8,1,6,0.28655,5
Ray_of_Light,Ray_of_Light,,1,16,17,1,16,17,7,0.32654,0.348559,108.063235,4,1,6,0.327206,2
LANSA_Cuzco_Crash,LANSA_Cuzco_Crash,,0,3,3,0,3,3,8,0.263175,0.27618,0,6,1,305,0.666667,0
Ladysmith_Black_Mambazo,Ladysmith_Black_Mambazo,,2,16,18,2,16,18,7,0.324398,0.347046,298.111972,10,1,6,0.229167,2
Laika,Laika,,6,24,30,6,24,30,6,0.332704,0.354929,4707.094304,10,1,6,0.168333,12
Sputnik_program,Sputnik_program,,2,13,15,2,13,15,7,0.309631,0.328499,38.154939,10,1,6,0.262821,12
Yenisei_River,Yenisei_River,,4,12,16,4,12,16,7,0.300608,0.31786,211.439031,7,1,6,0.17033,5
Morecambe_Bay,Morecambe_Bay,,2,10,12,2,10,12,7,0.309986,0.328655,47.019814,0,1,6,0.19697,5
Lake_Kariba,Lake_Kariba,,3,13,16,3,13,16,7,0.299453,0.317196,68.51361,5,1,6,0.142857,5
Lancia_Flaminia,Lancia_Flaminia,,0,6,6,0,6,6,8,0.290099,0.305618,0,1,1,306,0.2,8
Split_infinitive,Split_infinitive,,1,11,12,1,11,12,7,0.295309,0.312651,747.429265,3,1,6,0.181818,3
Lawrencium,Lawrencium,,6,16,22,6,16,22,7,0.296497,0.315348,109.612031,7,1,6,0.323529,12
Welsh_law,Welsh_law,,3,15,18,3,15,18,8,0.298461,0.317196,1211.257149,0,1,6,0.22381,0
Ununquadium,Ununquadium,,8,12,20,8,12,20,7,0.289737,0.307109,192.022874,7,1,6,0.428571,12
Lead%28II%29_nitrate,Lead%28II%29_nitrate,,0,18,18,0,18,18,7,0.306709,0.325307,0,7,1,307,0.163399,12
Lemon_myrtle,Lemon_myrtle,,1,9,10,1,9,10,7,0.297913,0.315085,36.039555,11,1,6,0.222222,12
Leo_%28constellation%29,Leo_%28constellation%29,,0,14,14,0,14,14,7,0.298096,0.315262,0,7,1,308,0.115385,12
Lesothosaurus,Lesothosaurus,,0,10,10,0,10,10,7,0.289395,0.3045,0,2,1,309,0.3,12
Monarchies_in_the_European_Union,Monarchies_in_the_European_Union,,2,51,53,2,51,53,7,0.336963,0.364468,1524.207915,10,1,6,0.192308,7
Lighthouse_of_Alexandria,Lighthouse_of_Alexandria,,0,13,13,0,13,13,7,0.299196,0.317364,0,1,1,310,0.096154,0
Lincoln_%28automobile%29,Lincoln_%28automobile%29,,1,17,18,1,17,18,7,0.311401,0.331859,392.386756,3,1,311,0.275735,8
Lincoln_Town_Car,Lincoln_Town_Car,,1,3,4,1,3,4,7,0.284093,0.298849,9.229077,3,1,311,0,8
Link_%28The_Legend_of_Zelda%29,Link_%28The_Legend_of_Zelda%29,,1,5,6,1,5,6,7,0.279992,0.292939,65.249347,13,1,6,0.466667,4
Super_Mario_Bros.,Super_Mario_Bros.,,6,11,17,6,11,17,7,0.30982,0.328824,374.404694,13,1,6,0.326923,4
Linnet,Linnet,,0,11,11,0,11,11,7,0.309826,0.329855,0,2,1,312,0.254545,12
List_of_African_countries,List_of_African_countries,,5,63,68,5,63,68,7,0.316668,0.343326,561.673971,5,1,313,0.309268,5
List_of_Asian_countries,List_of_Asian_countries,,5,59,64,5,59,64,7,0.325634,0.353406,607.168924,8,1,313,0.233781,5
List_of_European_countries,List_of_European_countries,,5,57,62,5,57,62,7,0.330377,0.358615,704.166152,10,1,313,0.309211,5
List_of_North_American_countries,List_of_North_American_countries,,5,44,49,5,44,49,7,0.318882,0.342067,369.051557,5,1,313,0.153805,5
List_of_Oceanian_countries,List_of_Oceanian_countries,,5,40,45,5,40,45,7,0.30547,0.327569,269.801498,5,1,313,0.120513,5
List_of_South_American_countries,List_of_South_American_countries,,5,20,25,5,20,25,7,0.306786,0.327326,168.725232,6,1,313,0.339474,5
List_of_Archbishops_of_Canterbury,List_of_Archbishops_of_Canterbury,,0,20,20,0,20,20,7,0.29927,0.318556,0,0,1,315,0.289474,14
William_Edington,William_Edington,,1,6,7,1,6,7,8,0.282894,0.29934,13.856344,0,1,314,0.261905,11
List_of_Canadian_provinces_and_territories_by_area,List_of_Canadian_provinces_and_territories_by_area,,0,4,4,0,4,4,7,0.285001,0.30016,0,3,1,316,1,5
List_of_European_Union_member_states_by_accession,List_of_European_Union_member_states_by_accession,,2,91,93,2,91,93,6,0.346023,0.377705,56.112831,10,1,6,0.21108,0
List_of_Prime_Ministers_of_the_United_Kingdom,List_of_Prime_Ministers_of_the_United_Kingdom,,2,77,79,2,77,79,7,0.350996,0.383327,279.451598,0,1,6,0.163705,0
List_of_animal_welfare_groups,List_of_animal_welfare_groups,,0,2,2,0,2,2,8,0.249079,0.259314,0,9,1,317,0,7
Protactinium,Protactinium,,8,20,28,8,20,28,7,0.316274,0.33807,495.296513,7,1,6,0.290043,12
Ununbium,Ununbium,,7,14,21,7,14,21,7,0.301592,0.320625,122.815963,7,1,6,0.370833,12
Ununtrium,Ununtrium,,7,14,21,7,14,21,7,0.314117,0.334543,228.591294,7,1,6,0.366667,12
List_of_lakes,List_of_lakes,,0,109,109,0,109,109,7,0.366769,0.400693,0,5,1,318,0.116972,5
Loch_Ness,Loch_Ness,,4,9,13,4,9,13,8,0.294836,0.312421,549.523326,0,1,6,0.2,5
List_of_members_of_the_Commonwealth_of_Nations_by_date_joined,List_of_members_of_the_Commonwealth_of_Nations_by_date_joined,,0,54,54,0,54,54,7,0.328953,0.355052,0,5,1,319,0.139762,0
List_of_minerals,List_of_minerals,,0,19,19,0,19,19,7,0.298381,0.315907,0,7,1,320,0.219298,5
List_of_popes,List_of_popes,,1,33,34,1,33,34,7,0.325413,0.350231,25.84259,0,1,6,0.266098,11
List_of_rivers_by_length,List_of_rivers_by_length,,3,156,159,3,156,159,6,0.361062,0.400337,15174.862345,5,1,6,0.126531,5
Mackenzie_River,Mackenzie_River,,3,7,10,3,7,10,7,0.283081,0.29835,274.049623,2,1,6,0.366667,5
List_of_universities_in_the_United_Kingdom,List_of_universities_in_the_United_Kingdom,,1,3,4,1,3,4,7,0.284212,0.298413,63.35514,0,1,6,0.416667,7
Moringa_oleifera,Moringa_oleifera,,1,38,39,1,38,39,7,0.328898,0.354634,47.002833,11,1,6,0.101215,12
Oenothera,Oenothera,,1,19,20,1,19,20,7,0.312543,0.334005,19.561841,11,1,6,0.142105,12
List_of_world%27s_largest_lakes,List_of_world%27s_largest_lakes,,0,20,20,0,20,20,7,0.315,0.337356,0,5,1,321,0.15,5
Little_Women,Little_Women,,1,15,16,1,15,16,7,0.325048,0.347252,130.59626,13,1,6,0.254167,3
Rainhill_Trials,Rainhill_Trials,,4,5,9,4,5,9,7,0.270303,0.283183,4648.200463,0,1,6,0.2,8
Snowdonia,Snowdonia,,3,5,8,3,5,8,7,0.299874,0.316053,85.624765,0,1,6,0.214286,5
Local_government_in_the_United_Kingdom,Local_government_in_the_United_Kingdom,,1,20,21,1,20,21,7,0.312375,0.333155,4164.236601,0,1,6,0.281579,7
Logba_language,Logba_language,,0,5,5,0,5,5,7,0.275102,0.288967,0,5,1,322,0.4,3
London_sewerage_system,London_sewerage_system,,1,8,9,1,8,9,7,0.30063,0.317369,24.821656,0,1,6,0.152778,8
Long-billed_Vulture,Long-billed_Vulture,,0,11,11,0,11,11,7,0.295791,0.312262,0,2,1,323,0.390909,12
Long-tailed_Tit,Long-tailed_Tit,,0,9,9,0,9,9,7,0.297113,0.313647,0,2,1,324,0.25,12
P%C3%B3voa_de_Varzim,P%C3%B3voa_de_Varzim,,2,41,43,2,41,43,7,0.339332,0.364786,619.697009,6,1,6,0.147561,5
Lope_de_Barrientos,Lope_de_Barrientos,,0,14,14,0,14,14,8,0.302093,0.321318,0,1,1,325,0.164835,11
Wikisource,Wikisource,,2,4,6,2,4,6,7,0.273863,0.287875,34.973039,1,1,6,0.15,1
Lottie_Dod,Lottie_Dod,,0,14,14,0,14,14,7,0.311205,0.331587,0,0,1,326,0.296703,11
Louis_Freeh,Louis_Freeh,,0,6,6,0,6,6,7,0.283032,0.298923,0,10,1,327,0.266667,11
Tom_and_Jerry_%28MGM%29,Tom_and_Jerry_%28MGM%29,,2,19,21,2,19,21,7,0.32484,0.345854,441.005396,13,1,6,0.144737,4
Lucy%2C_Lady_Duff-Gordon,Lucy%2C_Lady_Duff-Gordon,,1,8,9,1,8,9,7,0.308524,0.327624,10.715028,0,1,6,0.357143,11
M-10001,M-10001,,1,4,5,1,4,5,7,0.294374,0.310457,157.845363,3,1,328,0.3,8
M-10003-6,M-10003-6,,0,4,4,0,4,4,7,0.266334,0.277633,0,3,1,329,0.083333,8
Madama_Butterfly,Madama_Butterfly,,1,9,10,1,9,10,7,0.306912,0.325731,39.355298,8,1,6,0.333333,3
Magdalena_Abakanowicz,Magdalena_Abakanowicz,,0,21,21,0,21,21,7,0.315417,0.336649,0,10,1,330,0.157143,13
Mahjong,Mahjong,,1,20,21,1,20,21,7,0.31402,0.335591,172.034845,8,1,6,0.161905,4
Makuria,Makuria,,1,23,24,1,23,24,7,0.311918,0.333465,3201.064663,1,1,6,0.12253,0
Nobiin_language,Nobiin_language,,3,13,16,3,13,16,7,0.296323,0.314859,2074.58887,1,1,6,0.242857,3
Old_Nubian_language,Old_Nubian_language,,2,8,10,2,8,10,8,0.275707,0.29024,27.350568,1,1,6,0.208333,3
Mallard,Mallard,,3,17,20,3,17,20,7,0.312062,0.331782,225.664011,2,1,6,0.165789,12
Mamenchisaurus,Mamenchisaurus,,0,15,15,0,15,15,7,0.311396,0.329857,0,2,1,331,0.314286,12
Wayne_Rooney,Wayne_Rooney,,1,16,17,1,16,17,7,0.316373,0.336306,4625.67077,0,1,6,0.2125,11
Mandan,Mandan,,1,12,13,1,12,13,7,0.309773,0.328395,54.197802,6,1,6,0.070513,5
Map_projection,Map_projection,,1,6,7,1,6,7,7,0.281802,0.295875,126.828394,7,1,6,0.238095,5
Marc_Pugh,Marc_Pugh,,0,2,2,0,2,2,8,0.275682,0.290119,0,6,1,332,1,11
Marcus_Allen,Marcus_Allen,,1,3,4,1,3,4,7,0.265679,0.27738,2.637749,3,1,6,0.166667,11
Marginated_Tortoise,Marginated_Tortoise,,0,19,19,0,19,19,7,0.313345,0.3334,0,2,1,333,0.093567,12
Super_Mario_64,Super_Mario_64,,3,8,11,3,8,11,7,0.299321,0.316343,25.824991,13,1,6,0.482143,4
Mark_Twain_House,Mark_Twain_House,,1,4,5,1,4,5,7,0.259988,0.271268,21.306049,3,1,6,0.083333,8
Martello_tower,Martello_tower,,0,24,24,0,24,24,7,0.330966,0.35493,0,0,1,334,0.181159,0
Mary_Kingsley,Mary_Kingsley,,0,7,7,0,7,7,7,0.303723,0.322775,0,5,1,335,0.214286,11
Olaudah_Equiano,Olaudah_Equiano,,1,11,12,1,11,12,7,0.309537,0.329013,19.696385,0,1,6,0.227273,11
Mary_Somerville,Mary_Somerville,,0,7,7,0,7,7,7,0.296592,0.313768,0,9,1,336,0.214286,11
Matilda_of_Boulogne,Matilda_of_Boulogne,,2,4,6,2,4,6,7,0.269244,0.28192,10.788577,0,1,6,0.25,0
Mausoleum_of_Maussollos,Mausoleum_of_Maussollos,,0,26,26,0,26,26,7,0.317442,0.340535,0,1,1,337,0.087692,0
Shrine_of_Remembrance,Shrine_of_Remembrance,,2,22,24,2,22,24,7,0.314605,0.335731,150.855531,1,1,6,0.146245,8
Mega_Man_X_%28character%29,Mega_Man_X_%28character%29,,0,4,4,0,4,4,7,0.287711,0.302149,0,13,1,338,0.5,4
Menthol,Menthol,,2,10,12,2,10,12,7,0.296822,0.313566,160.357523,7,1,6,0.255556,12
Tropical_Storm_Leslie_%282000%29,Tropical_Storm_Leslie_%282000%29,,1,9,10,1,9,10,7,0.297149,0.31463,5.060067,3,1,6,0.305556,5
Michael_Woodruff,Michael_Woodruff,,0,13,13,0,13,13,6,0.327915,0.348931,0,12,1,339,0.307692,11
Sistine_Chapel_ceiling,Sistine_Chapel_ceiling,,1,20,21,1,20,21,7,0.312712,0.33487,109.467408,1,1,6,0.197368,13
Mickey_Mantle,Mickey_Mantle,,1,12,13,1,12,13,7,0.304927,0.322929,44.12222,3,1,6,0.198718,11
Optical_microscope,Optical_microscope,,2,9,11,2,9,11,7,0.27537,0.290799,192.917472,7,1,6,0.088889,12
Milgram_experiment,Milgram_experiment,,1,7,8,1,7,8,7,0.295546,0.311746,62.624273,9,1,6,0.095238,12
Military_history_of_Canada,Military_history_of_Canada,,0,52,52,0,52,52,7,0.345482,0.374364,0,0,1,342,0.155732,0
Military_history_of_Puerto_Rico,Military_history_of_Puerto_Rico,,1,61,62,1,61,62,7,0.342048,0.372303,34.565106,6,1,341,0.163406,0
Military_history_of_France,Military_history_of_France,,0,90,90,0,90,90,7,0.356139,0.390228,0,10,1,343,0.146192,0
Pedro_del_Valle,Pedro_del_Valle,,1,16,17,1,16,17,7,0.314561,0.335917,6.825036,6,1,340,0.224265,11
Military_history_of_the_Soviet_Union,Military_history_of_the_Soviet_Union,,1,82,83,1,82,83,6,0.352486,0.384673,63.104818,10,1,344,0.187335,0
Milk_thistle,Milk_thistle,,0,8,8,0,8,8,7,0.296007,0.312788,0,2,1,345,0.285714,12
Milkshake,Milkshake,,0,10,10,0,10,10,7,0.315172,0.333488,0,11,1,346,0.222222,4
Minmi_%28dinosaur%29,Minmi_%28dinosaur%29,,1,10,11,1,10,11,7,0.293981,0.309348,13.431758,2,1,6,0.345455,12
Norman_Borlaug,Norman_Borlaug,,3,59,62,3,59,62,7,0.35048,0.379697,1090.017359,5,1,6,0.118644,11
Mirabilis_%28plant%29,Mirabilis_%28plant%29,,0,4,4,0,4,4,8,0.266443,0.278864,0,11,1,347,0.666667,12
Miranda_Otto,Miranda_Otto,,1,14,15,1,14,15,7,0.306055,0.323741,67.781408,13,1,6,0.142857,11
Song_Thrush,Song_Thrush,,2,9,11,2,9,11,7,0.292708,0.308518,60.977217,2,1,6,0.327273,12
Mixtape,Mixtape,,0,13,13,0,13,13,7,0.32728,0.349698,0,4,1,348,0.269231,2
Monarda_didyma,Monarda_didyma,,0,14,14,0,14,14,7,0.317218,0.337576,0,2,1,349,0.247253,12
Mongol_invasion_of_Central_Asia,Mongol_invasion_of_Central_Asia,,0,16,16,0,16,16,7,0.306663,0.326532,0,1,1,350,0.266667,0
Shackleton_%28crater%29,Shackleton_%28crater%29,,1,12,13,1,12,13,7,0.295115,0.31201,35.205497,7,1,6,0.272727,12
Moorgate,Moorgate,,0,13,13,0,13,13,7,0.311181,0.330708,0,0,1,351,0.141026,5
Moorhen,Moorhen,,0,10,10,0,10,10,7,0.29221,0.307196,0,2,1,352,0.211111,12
Morris_dance,Morris_dance,,1,20,21,1,20,21,7,0.321134,0.343805,76.051085,0,1,6,0.209524,4
Onion_dome,Onion_dome,,3,6,9,3,6,9,7,0.283536,0.298503,59.586884,10,1,6,0.142857,8
Trans-Siberian_Railway,Trans-Siberian_Railway,,2,19,21,2,19,21,7,0.312592,0.332878,231.868365,10,1,6,0.221053,8
Mount_Baker,Mount_Baker,,3,8,11,3,8,11,7,0.311726,0.330575,148.934223,7,1,6,0.244444,5
Multiple_sequence_alignment,Multiple_sequence_alignment,,1,6,7,1,6,7,7,0.273919,0.287154,14.47757,11,1,6,0.466667,12
Music_of_Albania,Music_of_Albania,,0,14,14,0,14,14,7,0.312211,0.333309,0,10,1,353,0.318681,2
Music_of_Antigua_and_Barbuda,Music_of_Antigua_and_Barbuda,,5,8,13,5,8,13,7,0.290526,0.305628,79.814371,4,1,6,0.236364,2
Music_of_Trinidad_and_Tobago,Music_of_Trinidad_and_Tobago,,6,24,30,6,24,30,7,0.319414,0.342262,2035.935836,4,1,6,0.19,2
Music_of_Dominica,Music_of_Dominica,,5,14,19,5,14,19,7,0.29347,0.3104,1621.151849,4,1,6,0.175,2
Music_of_Martinique_and_Guadeloupe,Music_of_Martinique_and_Guadeloupe,,6,17,23,6,17,23,7,0.294858,0.313141,1626.552963,4,1,6,0.238562,2
Music_of_the_Lesser_Antilles,Music_of_the_Lesser_Antilles,,3,21,24,3,21,24,7,0.298132,0.315958,135.492867,5,1,6,0.115942,2
Music_of_New_Zealand,Music_of_New_Zealand,,1,16,17,1,16,17,7,0.317786,0.338335,77.529644,4,1,6,0.194853,2
Music_of_Italy,Music_of_Italy,,1,30,31,1,30,31,7,0.315683,0.338574,47.143507,4,1,6,0.137634,2
Music_of_the_Bahamas,Music_of_the_Bahamas,,4,24,28,4,24,28,7,0.331616,0.355577,370.599433,4,1,6,0.237319,2
Music_of_Thailand,Music_of_Thailand,,0,15,15,0,15,15,7,0.323546,0.345907,0,8,1,354,0.319048,2
Mustard_seed,Mustard_seed,,1,37,38,1,37,38,7,0.296215,0.316367,247.452176,11,1,6,0.211712,4
Myco-heterotrophy,Myco-heterotrophy,,1,2,3,1,2,3,8,0.252838,0.264445,1.472991,11,1,6,0.666667,12
Myxobolus_cerebralis,Myxobolus_cerebralis,,1,29,30,1,29,30,7,0.338059,0.362837,2998.198711,2,1,6,0.196552,12
War_in_Somalia_%282006%E2%80%93present%29,War_in_Somalia_%282006%E2%80%93present%29,,1,14,15,1,14,15,7,0.31211,0.332434,243.348212,5,1,6,0.252381,7
Nadia_Com%C4%83neci,Nadia_Com%C4%83neci,,1,12,13,1,12,13,7,0.313437,0.33393,38.288171,10,1,6,0.348485,11
Naked_Mole_Rat,Naked_Mole_Rat,,0,15,15,0,15,15,7,0.302657,0.32153,0,2,1,355,0.238095,12
Nanomedicine,Nanomedicine,,1,4,5,1,4,5,7,0.282559,0.294862,0,11,1,356,0.333333,12
The_Seagull,The_Seagull,,1,5,6,1,5,6,7,0.289923,0.305377,36.351464,10,1,6,0.066667,3
National_Anthem_of_Russia,National_Anthem_of_Russia,,1,11,12,1,11,12,7,0.305179,0.323562,3.171522,10,1,6,0.436364,2
The_Broads,The_Broads,,2,10,12,2,10,12,7,0.29275,0.309144,7577.35199,0,1,6,0.154545,5
Yorkshire_Dales,Yorkshire_Dales,,2,7,9,2,7,9,7,0.29275,0.30781,35.331335,2,1,6,0.196429,5
Sociocultural_evolution,Sociocultural_evolution,,2,66,68,2,66,68,7,0.357338,0.386682,949.975422,9,1,6,0.115106,7
Negros_Oriental,Negros_Oriental,,0,17,17,0,17,17,7,0.32352,0.344238,0,11,1,357,0.172794,5
Pinworm,Pinworm,,1,2,3,1,2,3,8,0.243483,0.252814,0,2,1,6,0.666667,12
Whipworm,Whipworm,,1,6,7,1,6,7,8,0.268264,0.280654,33.584961,2,1,6,0.285714,12
Nepenthes_rajah,Nepenthes_rajah,,0,41,41,0,41,41,7,0.339757,0.365033,0,2,1,358,0.084756,12
Nephron,Nephron,,0,4,4,0,4,4,7,0.278694,0.292844,0,11,1,359,0.166667,12
New_York_City_Subway_nomenclature,New_York_City_Subway_nomenclature,,0,5,5,0,5,5,7,0.3056,0.322611,0,10,1,360,0.2,8
Newshounds,Newshounds,,1,7,8,1,7,8,7,0.297746,0.314898,0,3,1,361,0.261905,4
Newsround,Newsround,,0,5,5,0,5,5,7,0.288941,0.303653,0,0,1,362,0.05,4
Space_Shuttle_Challenger,Space_Shuttle_Challenger,,8,5,13,8,5,13,7,0.294408,0.310472,262.301624,3,1,6,0.344444,12
Niccol%C3%B2_dell%27Abbate,Niccol%C3%B2_dell%27Abbate,,0,2,2,0,2,2,8,0.263774,0.275966,0,4,1,363,0,13
Raney_nickel,Raney_nickel,,1,21,22,1,21,22,7,0.31351,0.333404,41.851034,7,1,6,0.269048,12
Nicobar_Long-tailed_Macaque,Nicobar_Long-tailed_Macaque,,0,9,9,0,9,9,8,0.283003,0.297978,0,2,1,364,0.291667,12
Nigella,Nigella,,0,9,9,0,9,9,7,0.306038,0.325835,0,11,1,365,0.319444,12
Nine_Million_Bicycles,Nine_Million_Bicycles,,0,7,7,0,7,7,7,0.310252,0.328985,0,8,1,366,0.238095,2
The_Legend_of_Zelda_series,The_Legend_of_Zelda_series,,2,12,14,2,12,14,7,0.288028,0.303325,4782.966808,13,1,6,0.128205,4
Svart%C3%A1lfar,Svart%C3%A1lfar,,1,3,4,1,3,4,8,0.268477,0.281366,0.845931,1,1,6,0.166667,0
Northwest_Africa,Northwest_Africa,,1,27,28,1,27,28,7,0.324035,0.348389,46.783853,5,1,6,0.340456,5
Nostradamus,Nostradamus,,2,25,27,2,25,27,7,0.315486,0.336292,206.396652,9,1,6,0.103989,11
Timken_1111,Timken_1111,,1,3,4,1,3,4,7,0.263264,0.275234,0,3,1,6,0.416667,8
Oroonoko,Oroonoko,,2,25,27,2,25,27,7,0.324164,0.348479,772.876332,0,1,6,0.16,3
Novelty_%28locomotive%29,Novelty_%28locomotive%29,,1,5,6,1,5,6,7,0.296042,0.311679,160.141677,0,1,6,0.1,8
Nurse_sharks,Nurse_sharks,,1,8,9,1,8,9,7,0.289179,0.304238,5.495082,2,1,6,0.285714,12
Ohm,Ohm,,0,2,2,0,2,2,8,0.221949,0.229068,0,7,1,367,0.5,12
Ollanta_Humala,Ollanta_Humala,,1,17,18,1,17,18,7,0.306378,0.325739,17.942402,6,1,6,0.253676,11
Statue_of_Zeus_at_Olympia,Statue_of_Zeus_at_Olympia,,2,8,10,2,8,10,7,0.294751,0.310493,166.126621,1,1,6,0.138889,0
One_Flew_Over_the_Cuckoo%27s_Nest_%28novel%29,One_Flew_Over_the_Cuckoo%27s_Nest_%28novel%29,,0,8,8,0,8,8,7,0.306107,0.324137,0,11,1,368,0.25,3
One_Foot_in_the_Grave,One_Foot_in_the_Grave,,0,4,4,0,4,4,7,0.289168,0.303914,0,0,1,369,0.5,4
Opuntia_imbricata,Opuntia_imbricata,,0,6,6,0,6,6,8,0.286208,0.301151,0,2,1,370,0.233333,12
Ormulum,Ormulum,,0,7,7,0,7,7,8,0.261276,0.273966,0,0,1,371,0.285714,3
The_Magic_Flute,The_Magic_Flute,,3,9,12,3,9,12,7,0.293343,0.310761,373.879184,4,1,6,0.222222,3
Tim_Henman,Tim_Henman,,4,34,38,4,34,38,7,0.324814,0.348588,661.856277,12,1,6,0.139929,11
PRR_M1,PRR_M1,,0,2,2,0,2,2,7,0.267322,0.280719,0,10,1,372,0.5,8
Pikachu,Pikachu,,2,13,15,2,13,15,7,0.300563,0.316859,174.057226,13,1,6,0.085714,0
Urial,Urial,,1,9,10,1,9,10,7,0.299188,0.317175,67.931246,2,1,6,0.319444,12
Palazzo_Pitti,Palazzo_Pitti,,1,17,18,1,17,18,7,0.30557,0.325365,33.73101,4,1,6,0.202206,8
Palio_di_Siena,Palio_di_Siena,,0,5,5,0,5,5,7,0.277512,0.29108,0,3,1,373,0.15,5
Paricut%C3%ADn,Paricut%C3%ADn,,0,2,2,0,2,2,7,0.272495,0.284949,0,6,1,374,0.5,5
Social_contract_%28Malaysia%29,Social_contract_%28Malaysia%29,,2,8,10,2,8,10,7,0.284751,0.299336,34.519407,8,1,6,0.285714,7
Senate_of_Canada,Senate_of_Canada,,2,13,15,2,13,15,7,0.314556,0.334039,57.020966,3,1,6,0.238095,7
Rose-ringed_Parakeet,Rose-ringed_Parakeet,,1,27,28,1,27,28,7,0.326567,0.349195,183.741141,2,1,6,0.109788,12
Star_Trek__The_Original_Series,Star_Trek__The_Original_Series,,3,7,10,3,7,10,7,0.298395,0.316162,206.413995,13,1,6,0.25,4
Society_of_Merchant_Venturers,Society_of_Merchant_Venturers,,2,16,18,2,16,18,7,0.311942,0.33303,135.454228,0,1,6,0.191176,0
Peaceful_coexistence,Peaceful_coexistence,,1,15,16,1,15,16,7,0.316151,0.337348,17.855684,8,1,6,0.266667,7
Shenzhou_6,Shenzhou_6,,3,34,37,3,34,37,7,0.332431,0.356798,9957.32557,8,1,6,0.179832,12
Pere_Marquette_1225,Pere_Marquette_1225,,0,1,1,0,1,1,8,0.250448,0.25997,0,3,1,375,0,8
Perfect_number,Perfect_number,,1,4,5,1,4,5,8,0.266238,0.279016,0,9,1,6,0.5,6
Periodic_table_%28large_version%29,Periodic_table_%28large_version%29,,1,118,119,1,118,119,7,0.314288,0.344694,0,7,1,6,0.111401,12
Yagan,Yagan,,1,19,20,1,19,20,7,0.317513,0.338452,82.35822,12,1,6,0.131579,11
Phenylketonuria,Phenylketonuria,,0,9,9,0,9,9,7,0.297135,0.313567,0,11,1,376,0.111111,12
Phineas_Gage,Phineas_Gage,,0,3,3,0,3,3,7,0.27266,0.285042,0,6,1,377,0,12
Phla-Pher%C3%A1_languages,Phla-Pher%C3%A1_languages,,0,5,5,0,5,5,8,0.269292,0.282015,0,5,1,378,0.4,3
Phosphorus_trichloride,Phosphorus_trichloride,,3,10,13,3,10,13,7,0.289923,0.306643,262.497664,7,1,6,0.3,12
Phosphoryl_chloride,Phosphoryl_chloride,,0,7,7,0,7,7,7,0.27064,0.284102,0,7,1,379,0.333333,12
Wave%E2%80%93particle_duality,Wave%E2%80%93particle_duality,,1,25,26,1,25,26,7,0.308853,0.329129,40.306273,7,1,6,0.323333,12
Photosynthetic_reaction_centre,Photosynthetic_reaction_centre,,1,15,16,1,15,16,7,0.297498,0.316129,19.040223,7,1,6,0.2,12
Photovoltaic_array,Photovoltaic_array,,0,13,13,0,13,13,7,0.306709,0.324814,0,7,1,380,0.179487,8
Pied_Avocet,Pied_Avocet,,0,18,18,0,18,18,7,0.323727,0.3461,0,2,1,381,0.169935,12
Plains_Zebra,Plains_Zebra,,1,12,13,1,12,13,7,0.290235,0.307263,10.690913,2,1,6,0.257576,12
Proxima_Centauri,Proxima_Centauri,,3,6,9,3,6,9,7,0.289035,0.304028,118.21846,7,1,6,0.267857,12
Safflower,Safflower,,3,13,16,3,13,16,7,0.322309,0.34355,206.637665,11,1,6,0.171429,12
Plant_cell,Plant_cell,,0,5,5,0,5,5,8,0.260286,0.272299,0,11,1,382,0.65,12
Plateosaurus,Plateosaurus,,0,22,22,0,22,22,7,0.309589,0.329839,0,2,1,383,0.17316,12
Uluru,Uluru,,1,4,5,1,4,5,7,0.282174,0.295364,9.865154,7,1,6,0.1,5
Ringed_Plover,Ringed_Plover,,1,13,14,1,13,14,7,0.308453,0.328095,860.382564,2,1,6,0.211538,12
Tufted_Duck,Tufted_Duck,,1,14,15,1,14,15,7,0.324502,0.345048,36.341101,2,1,6,0.280952,12
Poison_gas_in_World_War_I,Poison_gas_in_World_War_I,,2,36,38,2,36,38,7,0.345403,0.371907,937.30749,10,1,6,0.205706,0
Polish%E2%80%93Muscovite_War_%281605%E2%80%931618%29,Polish%E2%80%93Muscovite_War_%281605%E2%80%931618%29,,0,23,23,0,23,23,7,0.308741,0.32953,0,10,1,384,0.227273,0
Stanis%C5%82aw_Koniecpolski,Stanis%C5%82aw_Koniecpolski,,3,15,18,3,15,18,7,0.30148,0.320642,43.638449,10,1,6,0.191667,11
Political_integration_of_India,Political_integration_of_India,,1,30,31,1,30,31,7,0.3148,0.337318,164.23814,8,1,6,0.250575,0
Pop_Idol,Pop_Idol,,0,2,2,0,2,2,8,0.279964,0.293691,0,13,1,385,0.5,4
Population_history_of_American_indigenous_peoples,Population_history_of_American_indigenous_peoples,,1,24,25,1,24,25,7,0.321491,0.345144,4637.694213,6,1,6,0.108696,0
Postman_Pat,Postman_Pat,,0,21,21,0,21,21,7,0.333142,0.355255,0,10,1,386,0.27619,4
Working_poor,Working_poor,,1,3,4,1,3,4,7,0.292328,0.308608,6.583639,9,1,6,0.166667,7
Prehistoric_man,Prehistoric_man,,0,36,36,0,36,36,7,0.327942,0.353194,0,1,1,387,0.157937,0
The_Curious_Incident_of_the_Dog_in_the_Night-time,The_Curious_Incident_of_the_Dog_in_the_Night-time,,1,14,15,1,14,15,7,0.309891,0.328776,147.122963,9,1,6,0.157143,3
Primula,Primula,,1,10,11,1,10,11,7,0.301704,0.319776,20.394891,11,1,6,0.109091,12
Scent_of_a_Woman,Scent_of_a_Woman,,1,3,4,1,3,4,7,0.295524,0.312324,1.26949,3,1,6,0.416667,4
Pro_Milone,Pro_Milone,,0,1,1,0,1,1,8,0.233933,0.242968,0,1,1,388,0,0
Project_MKULTRA,Project_MKULTRA,,0,19,19,0,19,19,7,0.313466,0.334037,0,3,1,389,0.19883,0
Psittacosaurus,Psittacosaurus,,0,29,29,0,29,29,7,0.32505,0.348114,0,2,1,390,0.181034,12
Pygmy_Hippopotamus,Pygmy_Hippopotamus,,0,13,13,0,13,13,7,0.293777,0.311139,0,5,1,391,0.275641,12
Quatermass_and_the_Pit,Quatermass_and_the_Pit,,1,29,30,1,29,30,7,0.340529,0.36345,158.93156,13,1,6,0.130542,4
Radhanite,Radhanite,,0,40,40,0,40,40,7,0.322953,0.348638,0,1,1,392,0.197436,0
Spacecraft_propulsion,Spacecraft_propulsion,,2,8,10,2,8,10,7,0.28709,0.302193,333.362811,7,1,6,0.133333,12
Raising_the_Flag_on_Iwo_Jima,Raising_the_Flag_on_Iwo_Jima,,0,14,14,0,14,14,7,0.308741,0.328558,0,3,1,393,0.241758,0
Rebecca_Helferich_Clarke,Rebecca_Helferich_Clarke,,0,16,16,0,16,16,7,0.32226,0.343841,0,4,1,394,0.175,11
Reed_Bunting,Reed_Bunting,,0,9,9,0,9,9,8,0.297768,0.314706,0,2,1,395,0.305556,12
Troop_sleeper,Troop_sleeper,,1,6,7,1,6,7,6,0.303648,0.321062,2.634661,3,1,6,0.366667,8
The_Country_Wife,The_Country_Wife,,3,9,12,3,9,12,7,0.298791,0.315286,193.141715,0,1,6,0.290909,3
Restoration_literature,Restoration_literature,,0,51,51,0,51,51,7,0.332459,0.359591,0,0,1,396,0.11451,3
Shoshone_National_Forest,Shoshone_National_Forest,,1,41,42,1,41,42,7,0.33618,0.360737,74.983692,7,1,6,0.120732,5
Revised_Standard_Version,Revised_Standard_Version,,0,5,5,0,5,5,7,0.282382,0.29703,0,1,1,397,0.55,14
Rhodium%28III%29_chloride,Rhodium%28III%29_chloride,,1,7,8,1,7,8,8,0.273383,0.287784,1.684171,7,1,6,0.285714,12
Riesling,Riesling,,2,11,13,2,11,13,7,0.301727,0.320125,6.319148,10,1,6,0.390909,4
Severn_crossing,Severn_crossing,,1,4,5,1,4,5,8,0.287457,0.303359,2.674074,0,1,6,0.583333,5
Roan_Antelope,Roan_Antelope,,0,8,8,0,8,8,8,0.279462,0.293853,0,2,1,398,0.339286,12
Rock_Bunting,Rock_Bunting,,0,12,12,0,12,12,7,0.310039,0.330229,0,2,1,399,0.257576,12
Roman_Vishniac,Roman_Vishniac,,0,55,55,0,55,55,7,0.348484,0.376593,0,10,1,400,0.147138,11
Rondane_National_Park,Rondane_National_Park,,0,21,21,0,21,21,7,0.312476,0.332062,0,7,1,401,0.066667,5
Royal_Grammar_School_Worcester,Royal_Grammar_School_Worcester,,0,16,16,0,16,16,7,0.298931,0.317003,0,0,1,402,0.120833,7
S-mine,S-mine,,0,14,14,0,14,14,7,0.317467,0.339131,0,10,1,403,0.489011,0
S._A._Andr%C3%A9e%27s_Arctic_balloon_expedition_of_1897,S._A._Andr%C3%A9e%27s_Arctic_balloon_expedition_of_1897,,0,22,22,0,22,22,7,0.312741,0.333312,0,10,1,404,0.112554,11
SD26,SD26,,0,5,5,0,5,5,7,0.285352,0.299829,0,7,1,405,0.2,8
SR-71_Blackbird,SR-71_Blackbird,,3,20,23,3,20,23,7,0.324866,0.346103,791.513236,3,1,6,0.106719,8
Samantha_Smith,Samantha_Smith,,0,21,21,0,21,21,6,0.326568,0.348327,0,10,1,406,0.202381,11
San_Diego_Electric_Railway,San_Diego_Electric_Railway,,2,8,10,2,8,10,7,0.304606,0.323387,24.37753,3,1,6,0.388889,8
San_Diego_and_Arizona_Railway,San_Diego_and_Arizona_Railway,,2,8,10,2,8,10,7,0.299675,0.317373,13.916222,3,1,6,0.410714,8
San_Francisco_garter_snake,San_Francisco_garter_snake,,0,9,9,0,9,9,7,0.305623,0.323067,0,2,1,407,0.263889,12
Sand_shark,Sand_shark,,0,5,5,0,5,5,7,0.281324,0.295081,0,2,1,408,0.45,12
Sandur,Sandur,,0,6,6,0,6,6,7,0.28109,0.295187,0,7,1,409,0.2,5
Santamar%C3%ADa_%28volcano%29,Santamar%C3%ADa_%28volcano%29,,0,11,11,0,11,11,7,0.300415,0.317294,0,7,1,410,0.181818,5
Sasha_%28DJ%29,Sasha_%28DJ%29,,0,11,11,0,11,11,7,0.304292,0.321885,0,0,1,411,0.272727,11
Sauropsid,Sauropsid,,0,16,16,0,16,16,8,0.285362,0.30076,0,2,1,412,0.429167,12
Saxicola,Saxicola,,0,4,4,0,4,4,8,0.253786,0.26536,0,2,1,413,0.916667,12
Scanian_%28linguistics%29,Scanian_%28linguistics%29,,0,9,9,0,9,9,7,0.292759,0.308658,0,10,1,414,0.152778,3
Scelidosaurus,Scelidosaurus,,1,13,14,1,13,14,7,0.315658,0.334158,14.478625,2,1,6,0.339744,12
Schuttern_Gospels,Schuttern_Gospels,,0,4,4,0,4,4,8,0.268899,0.281254,0,0,1,415,0.166667,14
Scooby-Doo,Scooby-Doo,,3,12,15,3,12,15,7,0.30043,0.317966,1837.706911,13,1,6,0.093407,4
Scotch_College%2C_Perth,Scotch_College%2C_Perth,,0,23,23,0,23,23,6,0.332159,0.355376,0,12,1,416,0.152174,7
Scott_Special,Scott_Special,,0,9,9,0,9,9,7,0.287487,0.303533,0,3,1,417,0.194444,8
Sears_Catalog_Home,Sears_Catalog_Home,,0,13,13,0,13,13,7,0.313466,0.33298,0,3,1,418,0.102564,0
Selena,Selena,,1,10,11,1,10,11,7,0.312519,0.331811,8.826201,3,1,6,0.363636,11
Ziad_Jarrah,Ziad_Jarrah,,1,25,26,1,25,26,7,0.332377,0.356114,56.081002,10,1,6,0.211667,11
Starship_Troopers,Starship_Troopers,,1,26,27,1,26,27,6,0.328605,0.352405,98.495662,9,1,6,0.149573,3
Shabo_language,Shabo_language,,0,2,2,0,2,2,7,0.277474,0.292264,0,5,1,419,0.5,3
Zebra_shark,Zebra_shark,,1,9,10,1,9,10,7,0.288849,0.30365,34.787881,2,1,6,0.222222,12
Sharon_Tate,Sharon_Tate,,0,19,19,0,19,19,7,0.32048,0.341722,0,3,1,420,0.210526,11
Shenzhou_spacecraft,Shenzhou_spacecraft,,1,6,7,1,6,7,7,0.278358,0.292412,5.621848,8,1,6,0.333333,12
Space_suit,Space_suit,,1,10,11,1,10,11,7,0.292096,0.307714,57.832294,7,1,6,0.063636,12
Shigin,Shigin,,0,4,4,0,4,4,8,0.277436,0.291848,0,8,1,421,0.166667,3
Shrimp_farm,Shrimp_farm,,0,50,50,0,50,50,7,0.348158,0.376776,0,8,1,422,0.196327,12
Sicilian_Baroque,Sicilian_Baroque,,0,29,29,0,29,29,7,0.329434,0.354096,0,4,1,423,0.184729,8
Sunset_Boulevard_%281950_film%29,Sunset_Boulevard_%281950_film%29,,1,16,17,1,16,17,7,0.310604,0.329856,173.595348,13,1,6,0.161765,4
Simca_Vedette,Simca_Vedette,,0,8,8,0,8,8,7,0.312789,0.332294,0,3,1,424,0.642857,8
Sino-German_cooperation_%281911-1941%29,Sino-German_cooperation_%281911-1941%29,,0,25,25,0,25,25,7,0.319719,0.342436,0,10,1,425,0.255,0
Sino-Roman_relations,Sino-Roman_relations,,0,28,28,0,28,28,7,0.314,0.336059,0,1,1,426,0.157407,0
Six-party_talks_concerning_North_Korea%27s_nuclear_program,Six-party_talks_concerning_North_Korea%27s_nuclear_program,,0,11,11,0,11,11,7,0.309755,0.329783,0,8,1,427,0.545455,0
Snaefell_Mountain_Railway,Snaefell_Mountain_Railway,,0,3,3,0,3,3,8,0.268472,0.280183,0,10,1,428,0,8
Snake_charming,Snake_charming,,0,19,19,0,19,19,7,0.308858,0.328568,0,8,1,429,0.152047,4
Soil_profile,Soil_profile,,1,1,2,1,1,2,8,0.241281,0.250541,0,7,1,6,0,5
Southern_Pacific_4449,Southern_Pacific_4449,,0,7,7,0,7,7,7,0.304475,0.322648,0,3,1,430,0.642857,8
Southern_Rockhopper_Penguin,Southern_Rockhopper_Penguin,,0,15,15,0,15,15,7,0.302341,0.319746,0,2,1,431,0.209524,12
Trapdoor_spider,Trapdoor_spider,,1,6,7,1,6,7,7,0.304103,0.321307,13.054095,2,1,6,0.309524,12
Spix%27s_Macaw,Spix%27s_Macaw,,0,7,7,0,7,7,8,0.283408,0.297531,0,2,1,432,0.452381,12
Sponsorship_Directdebit,Sponsorship_Directdebit,,0,2,2,0,2,2,1,1,1,0,14,2,433,0.5,0
Spotted_Flycatcher,Spotted_Flycatcher,,0,11,11,0,11,11,7,0.305968,0.325497,0,2,1,434,0.363636,12
St_Buryan,St_Buryan,,0,13,13,0,13,13,7,0.302567,0.320033,0,0,1,435,0.057692,5
St_Michael%27s_Mount,St_Michael%27s_Mount,,0,13,13,0,13,13,7,0.308882,0.328348,0,0,1,436,0.192308,5
Theatre_in_the_round,Theatre_in_the_round,,1,12,13,1,12,13,6,0.318435,0.338925,176.026274,3,1,6,0.262821,3
Stanis%C5%82aw_Lem,Stanis%C5%82aw_Lem,,0,19,19,0,19,19,7,0.311851,0.332247,0,9,1,437,0.116959,11
StarCraft,StarCraft,,0,7,7,0,7,7,7,0.273248,0.286578,0,13,1,438,0.142857,4
Star_Fox__Assault,Star_Fox__Assault,,0,8,8,0,8,8,7,0.299107,0.315229,0,13,1,439,0.178571,4
Stephen_Trigg,Stephen_Trigg,,0,6,6,0,6,6,7,0.296613,0.313379,0,3,1,440,0.4,11
Steve_Davis,Steve_Davis,,0,11,11,0,11,11,7,0.309306,0.328977,0,0,1,441,0.281818,11
Stickleback,Stickleback,,0,6,6,0,6,6,8,0.268953,0.281261,0,2,1,442,0.4,12
Storm_of_October_1804,Storm_of_October_1804,,0,6,6,0,6,6,7,0.298755,0.315812,0,3,1,443,0.433333,5
Stourbridge_Lion,Stourbridge_Lion,,0,5,5,0,5,5,7,0.305876,0.323453,0,3,1,444,0.2,8
Struthiomimus,Struthiomimus,,0,17,17,0,17,17,8,0.294845,0.311428,0,2,1,445,0.345588,12
Suburbs_of_Johannesburg,Suburbs_of_Johannesburg,,0,20,20,0,20,20,7,0.317442,0.339164,0,13,1,446,0.123684,5
Sudanic_languages,Sudanic_languages,,0,2,2,0,2,2,8,0.265466,0.278514,0,5,1,447,0.5,3
Summer_Hill%2C_New_South_Wales,Summer_Hill%2C_New_South_Wales,,0,8,8,0,8,8,7,0.296483,0.312646,0,12,1,448,0.160714,5
Voynich_manuscript,Voynich_manuscript,,1,45,46,1,45,46,7,0.349996,0.376676,210.638861,7,1,6,0.099034,3
Sunol_Water_Temple,Sunol_Water_Temple,,0,1,1,0,1,1,8,0.259271,0.271247,0,1,1,449,0,8
Sustainable_forestry,Sustainable_forestry,,0,3,3,0,3,3,8,0.264428,0.276026,0,11,1,450,0.333333,7
Swedish_allotment_system,Swedish_allotment_system,,0,7,7,0,7,7,7,0.293097,0.30972,0,10,1,451,0.452381,0
Swiss_Federal_Council,Swiss_Federal_Council,,1,17,18,1,17,18,7,0.305363,0.325799,836.63199,10,1,6,0.176471,7
Swissair_Flight_111,Swissair_Flight_111,,0,10,10,0,10,10,7,0.310561,0.328823,0,3,1,452,0.222222,0
Sydney_Riot_of_1879,Sydney_Riot_of_1879,,0,6,6,0,6,6,7,0.28985,0.304892,0,12,1,453,0.533333,0
Sylvanus_Morley,Sylvanus_Morley,,0,20,20,0,20,20,7,0.320506,0.341959,0,6,1,455,0.178947,0
Yuri_Knorosov,Yuri_Knorosov,,1,22,23,1,22,23,7,0.321876,0.344098,55.123721,10,1,454,0.160079,11
T._D._Judah,T._D._Judah,,0,1,1,0,1,1,8,0.257036,0.267956,0,3,1,456,0,8
Tacitean_studies,Tacitean_studies,,0,16,16,0,16,16,8,0.291622,0.308869,0,1,1,457,0.1375,0
Tagoi_language,Tagoi_language,,0,3,3,0,3,3,8,0.268472,0.282085,0,9,1,458,0.333333,3
Templon,Templon,,0,5,5,0,5,5,7,0.282973,0.297563,0,1,1,459,0.15,8
Terik,Terik,,0,1,1,0,1,1,8,0.271201,0.284177,0,5,1,460,0,5
The_Beatles_discography,The_Beatles_discography,,1,13,14,1,13,14,7,0.312206,0.331523,2.97674,4,1,6,0.339744,2
The_Catcher_in_the_Rye,The_Catcher_in_the_Rye,,0,8,8,0,8,8,7,0.308271,0.327343,0,3,1,461,0.303571,3
The_Catlins,The_Catlins,,0,14,14,0,14,14,7,0.302958,0.319373,0,2,1,462,0.115385,5
The_Children%27s_Machine,The_Children%27s_Machine,,0,31,31,0,31,31,7,0.325102,0.349024,0,13,1,463,0.111828,1
The_Famous_Five_%28characters%29,The_Famous_Five_%28characters%29,,1,15,16,1,15,16,7,0.301801,0.320348,0,13,1,464,0.180952,3
The_Frogs,The_Frogs,,0,2,2,0,2,2,8,0.24264,0.251927,0,1,1,465,0,3
The_King%27s_Regiment_%28Liverpool%29,The_King%27s_Regiment_%28Liverpool%29,,0,44,44,0,44,44,7,0.336347,0.364107,0,1,1,466,0.160677,0
Toy_Story,Toy_Story,,1,8,9,1,8,9,7,0.310556,0.328258,45.862234,13,1,6,0.160714,4
The_Oz_books,The_Oz_books,,0,6,6,0,6,6,7,0.293755,0.309275,0,13,1,467,0.066667,3
Where_Did_Our_Love_Go,Where_Did_Our_Love_Go,,1,2,3,1,2,3,8,0.262073,0.274277,2.411448,4,1,6,0,2
Therizinosaurus,Therizinosaurus,,0,17,17,0,17,17,7,0.298228,0.315024,0,2,1,468,0.279412,12
Theta,Theta,,0,4,4,0,4,4,8,0.273469,0.286032,0,9,1,469,0,3
Three_Mile_Island_accident,Three_Mile_Island_accident,,0,12,12,0,12,12,6,0.312163,0.330645,0,3,1,470,0.181818,8
Timeline_of_discovery_of_solar_system_planets_and_their_natural_satellites,Timeline_of_discovery_of_solar_system_planets_and_their_natural_satellites,,0,19,19,0,19,19,7,0.305186,0.323511,0,7,1,471,0.365497,12
Tin%28II%29_chloride,Tin%28II%29_chloride,,1,18,19,1,18,19,7,0.292243,0.309379,225.670563,7,1,6,0.281046,12
Tiridates_I_of_Armenia,Tiridates_I_of_Armenia,,0,3,3,0,3,3,7,0.285342,0.301063,0,10,1,472,0.333333,11
Titanosauridae,Titanosauridae,,0,39,39,0,39,39,7,0.327919,0.352907,0,2,1,473,0.163968,12
Tone_cluster,Tone_cluster,,0,3,3,0,3,3,8,0.252365,0.262785,0,4,1,474,0.833333,2
Toraja,Toraja,,0,27,27,0,27,27,7,0.324764,0.34782,0,9,1,475,0.146724,5
Duchenne_muscular_dystrophy,Duchenne_muscular_dystrophy,,1,0,1,1,0,1,0,0,0,0,11,1,5,0,12
Klinefelter%27s_syndrome,Klinefelter%27s_syndrome,,1,0,1,1,0,1,0,0,0,0,11,1,4,0,12
Trabancos_River,Trabancos_River,,0,26,26,0,26,26,7,0.317222,0.338185,0,2,1,476,0.078462,5
Trade_and_usage_of_saffron,Trade_and_usage_of_saffron,,0,47,47,0,47,47,7,0.348218,0.375056,0,11,1,477,0.156799,12
Treaty_of_Devol,Treaty_of_Devol,,0,13,13,0,13,13,7,0.303541,0.323018,0,1,1,478,0.384615,0
Triggerplant,Triggerplant,,0,14,14,0,14,14,7,0.322209,0.343011,0,8,1,479,0.192308,12
Trobairitz,Trobairitz,,0,2,2,0,2,2,8,0.258857,0.27027,0,0,1,480,1,2
Tropical_Storm_Bilis_%282006%29,Tropical_Storm_Bilis_%282006%29,,1,12,13,1,12,13,7,0.29496,0.312029,18.070756,8,1,481,0.530303,5
Typhoon_Saomai_%282006%29,Typhoon_Saomai_%282006%29,,1,10,11,1,10,11,7,0.301203,0.319375,34.612776,8,1,481,0.5,5
Tropical_Storm_Chris_%282006%29,Tropical_Storm_Chris_%282006%29,,0,20,20,0,20,20,7,0.30806,0.326629,0,3,1,482,0.142105,5
Tropical_Storm_Danielle_%281992%29,Tropical_Storm_Danielle_%281992%29,,0,4,4,0,4,4,7,0.301285,0.319314,0,3,1,483,0.333333,5
Tropical_Storm_Isabel_%281985%29,Tropical_Storm_Isabel_%281985%29,,0,13,13,0,13,13,7,0.31291,0.333295,0,3,1,484,0.365385,5
Tropical_Storm_Vamei,Tropical_Storm_Vamei,,0,6,6,0,6,6,8,0.278102,0.291802,0,8,1,485,0.533333,5
Turkish_literature,Turkish_literature,,0,29,29,0,29,29,7,0.312548,0.335408,0,1,1,486,0.133005,3
Turner_syndrome,Turner_syndrome,,0,3,3,0,3,3,8,0.275419,0.289838,0,11,1,487,0,12
Typhoon_Ewiniar_%282006%29,Typhoon_Ewiniar_%282006%29,,0,12,12,0,12,12,7,0.294566,0.311717,0,8,1,488,0.363636,5
United_States_Numbered_Highways,United_States_Numbered_Highways,,1,10,11,1,10,11,7,0.302447,0.320285,12.243013,3,1,6,0.322222,8
Uffington_White_Horse,Uffington_White_Horse,,0,8,8,0,8,8,7,0.306015,0.323788,0,2,1,489,0.160714,0
Umbrella_Cockatoo,Umbrella_Cockatoo,,0,6,6,0,6,6,8,0.276452,0.28958,0,2,1,490,0.433333,12
United_Kingdom_national_football_team,United_Kingdom_national_football_team,,0,17,17,0,17,17,7,0.31142,0.332218,0,0,1,491,0.338235,4
United_for_Peace_and_Justice,United_for_Peace_and_Justice,,0,14,14,0,14,14,7,0.310097,0.330512,0,3,1,492,0.247253,7
Upsilon_Andromedae_b,Upsilon_Andromedae_b,,3,14,17,3,14,17,7,0.282469,0.298694,16.741149,7,1,6,0.3375,12
Upsilon_Andromedae_c,Upsilon_Andromedae_c,,2,15,17,2,15,17,7,0.291236,0.307924,16.110827,7,1,6,0.447619,12
Upsilon_Andromedae_d,Upsilon_Andromedae_d,,2,17,19,2,17,19,7,0.294836,0.312898,42.831912,7,1,6,0.382353,12
Ursuline_Convent_Riots,Ursuline_Convent_Riots,,0,3,3,0,3,3,7,0.271111,0.284199,0,10,1,493,0,0
Vernon_Kell,Vernon_Kell,,0,7,7,0,7,7,7,0.306686,0.326111,0,10,1,494,0.52381,11
Wars_of_Castro,Wars_of_Castro,,0,9,9,0,9,9,7,0.293394,0.30988,0,0,1,495,0.458333,0
Warsaw_Uprising_%281794%29,Warsaw_Uprising_%281794%29,,0,4,4,0,4,4,7,0.279829,0.294796,0,10,1,496,0.5,0
Washington_streetcars,Washington_streetcars,,0,7,7,0,7,7,7,0.299372,0.316877,0,3,1,497,0.119048,8
Weather_map,Weather_map,,0,2,2,0,2,2,7,0.293841,0.309775,0,3,1,498,0.5,5
Westport_Country_Playhouse,Westport_Country_Playhouse,,0,8,8,0,8,8,7,0.278656,0.294193,0,13,1,499,0.214286,3
Weyauwega_derailment,Weyauwega_derailment,,0,4,4,0,4,4,7,0.295921,0.312171,0,7,1,500,0.25,0
Weyto_language,Weyto_language,,0,4,4,0,4,4,8,0.282441,0.297349,0,1,1,501,0.416667,3
White%27s_Tree_Frog,White%27s_Tree_Frog,,0,22,22,0,22,22,7,0.329568,0.350623,0,2,1,502,0.175325,12
White_Mountain_art,White_Mountain_art,,0,1,1,0,1,1,8,0.250525,0.260303,0,3,1,503,0,2
White_Wagtail,White_Wagtail,,0,11,11,0,11,11,7,0.308037,0.327629,0,2,1,504,0.254545,12
Whitethroat,Whitethroat,,0,11,11,0,11,11,7,0.309992,0.330273,0,2,1,505,0.263636,12
Wigeon,Wigeon,,0,15,15,0,15,15,7,0.320934,0.341256,0,2,1,506,0.228571,12
Wikispecies,Wikispecies,,1,3,4,1,3,4,7,0.251302,0.261474,0,13,1,6,1,1
Winfield_Scott_%28ship%29,Winfield_Scott_%28ship%29,,0,10,10,0,10,10,7,0.30411,0.32168,0,3,1,507,0.266667,8
Winston_Tunnel,Winston_Tunnel,,0,3,3,0,3,3,7,0.268596,0.281611,0,3,1,508,0.166667,8
Wolf_Brother,Wolf_Brother,,0,5,5,0,5,5,7,0.293585,0.309228,0,5,1,509,0.4,3
Woodruff,Woodruff,,0,13,13,0,13,13,7,0.312813,0.334343,0,2,1,510,0.237179,12
Wyndham_Robertson,Wyndham_Robertson,,0,6,6,0,6,6,7,0.272002,0.285377,0,3,1,511,0.333333,11
X-Men__The_Last_Stand,X-Men__The_Last_Stand,,0,13,13,0,13,13,7,0.317989,0.337177,0,3,1,512,0.083333,4
X_Window_System_protocols_and_architecture,X_Window_System_protocols_and_architecture,,0,5,5,0,5,5,8,0.255497,0.266458,0,13,1,513,0.35,1
X_Window_core_protocol,X_Window_core_protocol,,0,2,2,0,2,2,9,0.218846,0.225727,0,13,1,514,1,1
Xanadu_House,Xanadu_House,,0,14,14,0,14,14,7,0.309094,0.327715,0,13,1,515,0.126374,8
Yellowhammer,Yellowhammer,,0,13,13,0,13,13,7,0.305692,0.323846,0,2,1,516,0.211538,12
Yotsuya_Kaidan,Yotsuya_Kaidan,,0,2,2,0,2,2,7,0.263346,0.274642,0,8,1,517,1,3
You%27re_Still_the_One,You%27re_Still_the_One,,0,2,2,0,2,2,7,0.262987,0.273529,0,4,1,518,0,2
Yungay%2C_Peru,Yungay%2C_Peru,,0,4,4,0,4,4,7,0.280662,0.294352,0,6,1,519,0.583333,5
Zara_Yaqob,Zara_Yaqob,,0,6,6,0,6,6,7,0.296592,0.314325,0,1,1,520,0.533333,11
