Id,Label,timeset,indegree,outdegree,degree,weighted indegree,weighted outdegree,weighted degree,eccentricity,closnesscentrality,harmonicclosnesscentrality,betweenesscentrality,modularity_class,componentnumber,strongcompnum,clustering,subject,subject_number
%C3%81ed%C3%A1n_mac_Gabr%C3%A1in,%C3%81ed%C3%A1n_mac_Gabr%C3%A1in,,0,11,11,0,11,11,7,0.294438,0.311249,0,1,1,7,0.436364,12,12
Bede,Bede,,27,12,39,27,12,39,7,0.295287,0.312201,2871.53567,1,1,6,0.089339,7,7
Columba,Columba,,13,10,23,13,10,23,7,0.29197,0.308051,856.858978,1,1,6,0.181579,12,12
D%C3%A1l_Riata,D%C3%A1l_Riata,,14,18,32,14,18,32,7,0.305755,0.32393,1141.541464,1,1,6,0.178571,7,7
Great_Britain,Great_Britain,,180,35,215,180,35,215,7,0.330211,0.354422,58633.558854,1,1,6,0.040409,2,2
Ireland,Ireland,,319,71,390,319,71,390,7,0.354991,0.385597,116600.305506,1,1,6,0.028544,6,6
Isle_of_Man,Isle_of_Man,,49,48,97,49,48,97,7,0.343036,0.370051,21990.412041,1,1,6,0.093373,6,6
Monarchy,Monarchy,,87,113,200,87,113,200,7,0.361512,0.396551,34803.205324,8,1,6,0.06289,2,2
Orkney,Orkney,,26,35,61,26,35,61,7,0.32591,0.352085,7950.249807,1,1,6,0.100629,6,6
Picts,Picts,,20,24,44,20,24,44,7,0.304149,0.323463,5769.224726,1,1,6,0.147937,6,6
Scotland,Scotland,,338,112,450,338,112,450,6,0.36741,0.403231,172203.337436,1,1,6,0.032343,6,6
Wales,Wales,,168,57,225,168,57,225,7,0.341764,0.370717,59334.232056,1,1,6,0.037933,6,6
%C3%85land,%C3%85land,,0,19,19,0,19,19,7,0.319619,0.342442,0,13,1,8,0.289474,6,6
20th_century,20th_century,,306,93,399,306,93,399,6,0.369082,0.402458,171977.238779,4,1,6,0.031782,7,7
Baltic_Sea,Baltic_Sea,,57,54,111,57,54,111,7,0.344669,0.373126,12311.224586,13,1,6,0.142503,6,6
Crimean_War,Crimean_War,,31,25,56,31,25,56,7,0.318736,0.341437,11400.621581,1,1,6,0.121633,7,7
Currency,Currency,,291,22,313,291,22,313,7,0.318036,0.340052,33546.784609,8,1,6,0.083118,1,1
Euro,Euro,,97,50,147,97,50,147,6,0.335818,0.362946,11718.393108,8,1,6,0.113534,1,1
European_Union,European_Union,,248,133,381,248,133,381,6,0.36925,0.406537,97280.968931,8,1,6,0.072498,2,2
Finland,Finland,,155,73,228,155,73,228,6,0.355614,0.385907,43425.810825,13,1,6,0.068941,6,6
League_of_Nations,League_of_Nations,,60,77,137,60,77,137,7,0.360837,0.392874,18597.268678,13,1,6,0.119697,2,2
List_of_countries_by_system_of_government,List_of_countries_by_system_of_government,,246,207,453,246,207,453,6,0.376591,0.420301,93740.075543,8,1,6,0.108011,2,2
Nationality,Nationality,,27,16,43,27,16,43,7,0.314142,0.335506,1397.902659,3,1,6,0.082321,2,2
Parliamentary_system,Parliamentary_system,,60,75,135,60,75,135,7,0.348132,0.379533,24457.684609,8,1,6,0.115059,2,2
Police,Police,,35,62,97,35,62,97,6,0.350298,0.380945,8104.689919,13,1,6,0.08625,2,2
Russia,Russia,,520,105,625,520,105,625,6,0.364175,0.39836,200388.860591,13,1,6,0.037455,6,6
Stockholm,Stockholm,,43,20,63,43,20,63,7,0.315094,0.337373,6201.128745,13,1,6,0.075188,6,6
Sweden,Sweden,,293,96,389,293,96,389,7,0.360484,0.39363,117059.260085,13,1,6,0.04214,6,6
Time_zone,Time_zone,,351,39,390,351,39,390,6,0.347327,0.372755,56940.459768,8,1,6,0.065219,14,14
Tourism,Tourism,,147,63,210,147,63,210,6,0.35552,0.384517,62354.331931,8,1,6,0.043325,1,1
United_Kingdom,United_Kingdom,,972,168,1140,972,168,1140,7,0.383611,0.42358,893154.350053,1,1,6,0.020896,6,6
World_War_II,World_War_II,,751,119,870,751,119,870,6,0.361577,0.397829,326618.235435,13,1,6,0.024566,7,7
%C3%89douard_Manet,%C3%89douard_Manet,,0,20,20,0,20,20,7,0.315221,0.335831,0,4,1,9,0.168421,12,12
Absinthe,Absinthe,,6,36,42,6,36,42,6,0.337271,0.36221,5463.207684,6,1,6,0.131579,5,5
Beer,Beer,,50,53,103,50,53,103,7,0.349392,0.377938,22871.447578,6,1,6,0.061276,5,5
Claude_Monet,Claude_Monet,,12,12,24,12,12,24,7,0.311224,0.330061,541.219668,4,1,6,0.187747,12,12
Diego_Vel%C3%A1zquez,Diego_Vel%C3%A1zquez,,9,37,46,9,37,46,7,0.324918,0.349811,1436.773931,4,1,6,0.130122,12,12
Edgar_Allan_Poe,Edgar_Allan_Poe,,19,50,69,19,50,69,6,0.349182,0.376949,13506.293394,3,1,6,0.084375,12,12
France,France,,959,85,1044,959,85,1044,6,0.359557,0.391811,252912.128959,4,1,6,0.025133,6,6
Francisco_Goya,Francisco_Goya,,7,12,19,7,12,19,7,0.297258,0.314715,381.404135,4,1,6,0.127451,12,12
Germany,Germany,,743,169,912,743,169,912,6,0.380586,0.42072,408991.425363,13,1,6,0.028845,6,6
Impressionism,Impressionism,,23,20,43,23,20,43,7,0.31861,0.340282,3293.320063,4,1,6,0.144381,0,0
Italy,Italy,,550,85,635,550,85,635,7,0.35978,0.39289,149346.306319,4,1,6,0.034343,6,6
Landscape,Landscape,,13,5,18,13,5,18,7,0.300074,0.315985,1020.170424,4,1,6,0.058824,6,6
Netherlands,Netherlands,,342,116,458,342,116,458,6,0.36952,0.404843,132776.073197,8,1,6,0.057123,6,6
Painting,Painting,,40,73,113,40,73,113,7,0.346674,0.376439,20737.541724,4,1,6,0.069307,0,0
Paris,Paris,,308,112,420,308,112,420,6,0.370397,0.406397,163818.375654,4,1,6,0.03926,6,6
Photography,Photography,,40,9,49,40,9,49,7,0.308031,0.326351,6276.081573,9,1,6,0.042996,5,5
Raphael,Raphael,,28,24,52,28,24,52,7,0.316521,0.337371,7540.639842,4,1,6,0.119334,12,12
Renaissance,Renaissance,,122,63,185,122,63,185,7,0.335791,0.36418,38857.418571,4,1,6,0.066887,7,7
United_States_dollar,United_States_dollar,,182,42,224,182,42,224,7,0.330561,0.355791,42532.602286,11,1,6,0.025833,1,1
Washington%2C_D.C.,Washington%2C_D.C.,,171,69,240,171,69,240,6,0.349633,0.380238,51956.551173,11,1,6,0.046273,6,6
%C3%89ire,%C3%89ire,,0,8,8,0,8,8,7,0.300593,0.31759,0,1,1,10,0.553571,6,6
Canada,Canada,,571,63,634,571,63,634,7,0.345875,0.37492,195272.815533,11,1,6,0.021968,6,6
English_language,English_language,,598,118,716,598,118,716,6,0.364045,0.398948,295883.916826,3,1,6,0.026144,9,9
George_VI_of_the_United_Kingdom,George_VI_of_the_United_Kingdom,,23,39,62,23,39,62,6,0.341908,0.368693,3667.03844,1,1,6,0.157112,12,12
Northern_Ireland,Northern_Ireland,,84,46,130,84,46,130,7,0.336935,0.364835,17196.119637,1,1,6,0.090646,6,6
Ottawa,Ottawa,,31,32,63,31,32,63,7,0.324061,0.347776,4452.126821,11,1,6,0.094156,6,6
Republic_of_Ireland,Republic_of_Ireland,,128,54,182,128,54,182,6,0.352399,0.380747,44157.527485,1,1,6,0.093426,6,6
%C3%93engus_I_of_the_Picts,%C3%93engus_I_of_the_Picts,,0,10,10,0,10,10,7,0.295188,0.312344,0,1,1,11,0.333333,12,12
Durham,Durham,,10,15,25,10,15,25,7,0.314117,0.335973,666.5424,1,1,6,0.175325,6,6
England,England,,751,172,923,751,172,923,7,0.375858,0.417368,682814.430401,1,1,6,0.017194,6,6
Lion,Lion,,60,41,101,60,41,101,7,0.333772,0.360375,37381.778208,7,1,6,0.086813,14,14
Mercia,Mercia,,20,17,37,20,17,37,7,0.306587,0.325709,4380.189757,1,1,6,0.143145,7,7
Viking,Viking,,78,62,140,78,62,140,7,0.346466,0.376353,28753.283,1,1,6,0.09986,7,7
York,York,,35,16,51,35,16,51,7,0.314385,0.334748,4307.579228,1,1,6,0.05984,6,6
%E2%82%AC2_commemorative_coins,%E2%82%AC2_commemorative_coins,,0,47,47,0,47,47,7,0.344137,0.371563,0,13,1,13,0.182701,1,1
Athens,Athens,,85,85,170,85,85,170,6,0.352369,0.384373,38374.867222,3,1,6,0.10365,6,6
Atlantic_Ocean,Atlantic_Ocean,,250,125,375,250,125,375,6,0.368244,0.403515,178839.994419,11,1,6,0.040806,6,6
Austria,Austria,,232,48,280,232,48,280,7,0.33358,0.361506,43673.016916,13,1,6,0.055857,6,6
Belgium,Belgium,,230,61,291,230,61,291,7,0.341648,0.371531,70904.438989,8,1,6,0.062636,6,6
Berlin,Berlin,,138,79,217,138,79,217,7,0.358539,0.39044,38554.194701,13,1,6,0.071866,6,6
Brussels,Brussels,,66,43,109,66,43,109,7,0.34162,0.368379,17940.940242,4,1,6,0.090229,6,6
Cathedral_of_Magdeburg,Cathedral_of_Magdeburg,,1,21,22,1,21,22,7,0.313854,0.335315,14.697212,13,1,12,0.205628,4,4
Cereal,Cereal,,65,38,103,65,38,103,7,0.352093,0.378892,18810.563555,6,1,6,0.076087,14,14
Christopher_Columbus,Christopher_Columbus,,68,41,109,68,41,109,7,0.33902,0.364737,11708.541947,11,1,6,0.084894,12,12
Cologne,Cologne,,47,57,104,47,57,104,6,0.350844,0.380312,5988.810306,4,1,6,0.152559,6,6
Comet,Comet,,45,40,85,45,40,85,7,0.33295,0.357647,27098.542594,9,1,6,0.119863,14,14
Dresden,Dresden,,26,39,65,26,39,65,6,0.340243,0.367238,3532.216834,13,1,6,0.139141,6,6
Galileo_Galilei,Galileo_Galilei,,45,48,93,45,48,93,7,0.329969,0.355045,16730.550936,9,1,6,0.111389,12,12
Greece,Greece,,246,114,360,246,114,360,6,0.364765,0.400255,89925.372536,8,1,6,0.071,6,6
Hamburg,Hamburg,,39,60,99,39,60,99,6,0.350631,0.380817,8003.43703,13,1,6,0.132719,6,6
Harold_Macmillan,Harold_Macmillan,,17,35,52,17,35,52,7,0.334516,0.360219,1964.296706,1,1,6,0.207087,12,12
Heraldry,Heraldry,,42,9,51,42,9,51,7,0.293088,0.309653,2538.860072,1,1,6,0.091429,5,5
History,History,,75,18,93,75,18,93,7,0.312158,0.332903,6255.586013,3,1,6,0.044018,7,7
Luxembourg,Luxembourg,,86,38,124,86,38,124,7,0.33295,0.359014,4382.08412,8,1,6,0.159786,6,6
Maize,Maize,,73,49,122,73,49,122,7,0.345963,0.374668,26349.223328,6,1,6,0.078232,14,14
Miguel_de_Cervantes,Miguel_de_Cervantes,,14,12,26,14,12,26,7,0.303307,0.321133,859.219392,3,1,6,0.124506,12,12
Monaco,Monaco,,52,26,78,52,26,78,7,0.318886,0.34133,2837.518427,8,1,6,0.245501,6,6
Munich,Munich,,71,55,126,71,55,126,6,0.346822,0.375707,21860.784807,13,1,6,0.066831,6,6
Numismatics,Numismatics,,7,14,21,7,14,21,7,0.32213,0.343225,477.632065,13,1,6,0.238562,1,1
Nutrition,Nutrition,,17,51,68,17,51,68,7,0.327464,0.353475,7928.870333,6,1,6,0.083829,14,14
Pope_John_Paul_II,Pope_John_Paul_II,,50,114,164,50,114,164,7,0.365851,0.401947,33552.95618,13,1,6,0.100096,12,12
Portugal,Portugal,,324,52,376,324,52,376,7,0.341045,0.370154,59232.16197,8,1,6,0.060929,6,6
Rice,Rice,,60,99,159,60,99,159,7,0.36058,0.395104,32470.467757,6,1,6,0.080715,5,5
San_Marino,San_Marino,,33,101,134,33,101,134,7,0.350722,0.385325,5939.556462,8,1,6,0.247506,6,6
Sanssouci,Sanssouci,,3,24,27,3,24,27,7,0.32254,0.344864,172.504465,13,1,6,0.133333,4,4
Soviet_Union,Soviet_Union,,342,65,407,342,65,407,6,0.349483,0.379654,73389.542123,13,1,6,0.046387,7,7
Spain,Spain,,539,89,628,539,89,628,7,0.360324,0.394078,132033.756955,0,1,6,0.038878,6,6
Suffrage,Suffrage,,31,17,48,31,17,48,7,0.319615,0.341102,2543.242671,3,1,6,0.097132,2,2
Turin,Turin,,23,48,71,23,48,71,6,0.342833,0.370996,4660.378394,4,1,6,0.119712,6,6
United_Nations,United_Nations,,331,113,444,331,113,444,6,0.369891,0.404851,127769.63946,8,1,6,0.067582,2,2
United_States,United_States,,1551,294,1845,1551,294,1845,6,0.402342,0.451591,1982737.266721,11,1,6,0.013623,6,6
Vatican_City,Vatican_City,,67,33,100,67,33,100,7,0.320398,0.344839,7041.235849,8,1,6,0.191777,6,6
Wheat,Wheat,,59,31,90,59,31,90,7,0.336543,0.362379,9489.189343,6,1,6,0.089715,5,5
Zeus,Zeus,,43,29,72,43,29,72,7,0.316645,0.337449,14658.020658,3,1,6,0.081421,13,13
10th_century,10th_century,,65,26,91,65,26,91,7,0.323931,0.347635,11150.328147,4,1,6,0.114006,7,7
11th_century,11th_century,,57,48,105,57,48,105,7,0.336125,0.363152,13304.547085,4,1,6,0.124355,7,7
9th_century,9th_century,,72,45,117,72,45,117,7,0.336571,0.362634,13537.255378,4,1,6,0.109014,7,7
Algeria,Algeria,,101,54,155,101,54,155,7,0.343239,0.371434,16823.482225,8,1,6,0.153424,3,3
Black_Sea,Black_Sea,,76,24,100,76,24,100,7,0.315315,0.336578,7242.470637,2,1,6,0.101119,6,6
Byzantine_Empire,Byzantine_Empire,,131,79,210,131,79,210,7,0.337299,0.369377,40642.935184,2,1,6,0.095448,7,7
Dark_Ages,Dark_Ages,,25,24,49,25,24,49,7,0.329835,0.35353,2552.83357,4,1,6,0.152525,7,7
Dublin,Dublin,,68,43,111,68,43,111,6,0.345963,0.373027,21402.46704,1,1,6,0.076067,6,6
Great_Moravia,Great_Moravia,,7,21,28,7,21,28,7,0.300786,0.320421,1107.291659,13,1,6,0.367589,7,7
India,India,,611,81,692,611,81,692,7,0.358001,0.389852,237197.568915,10,1,6,0.030207,3,3
Khazars,Khazars,,18,57,75,18,57,75,7,0.327675,0.354852,15913.235531,2,1,6,0.166277,6,6
Maya_civilization,Maya_civilization,,32,42,74,32,42,74,7,0.332977,0.358661,14747.380668,0,1,6,0.083673,7,7
Mexico,Mexico,,274,67,341,274,67,341,7,0.354526,0.384183,80153.54501,0,1,6,0.039522,6,6
Myanmar,Myanmar,,104,46,150,104,46,150,7,0.346437,0.373411,17964.950762,10,1,6,0.124486,3,3
Philippines,Philippines,,173,48,221,173,48,221,7,0.339987,0.366836,39136.034632,10,1,6,0.060704,3,3
Poland,Poland,,288,61,349,288,61,349,6,0.349122,0.378577,55790.668058,13,1,6,0.061882,6,6
Solar_System,Solar_System,,99,58,157,99,58,157,7,0.324398,0.349848,55211.956824,9,1,6,0.099302,14,14
Time,Time,,45,42,87,45,42,87,7,0.326068,0.350853,16990.021565,9,1,6,0.079459,14,14
12th_century,12th_century,,85,45,130,85,45,130,7,0.338172,0.364793,28376.890243,4,1,6,0.077059,7,7
13th_century,13th_century,,84,34,118,84,34,118,7,0.321593,0.345916,17087.439885,4,1,6,0.081621,7,7
14th_century,14th_century,,71,31,102,71,31,102,7,0.325205,0.348923,10732.303954,4,1,6,0.105823,7,7
15th_century,15th_century,,100,57,157,100,57,157,7,0.340101,0.368694,37054.202428,4,1,6,0.080265,7,7
16th_century,16th_century,,125,91,216,125,91,216,7,0.35927,0.391866,73629.919937,4,1,6,0.059694,7,7
17th_century,17th_century,,127,87,214,127,87,214,7,0.35838,0.391051,57972.338397,4,1,6,0.058028,7,7
18th_century,18th_century,,172,95,267,172,95,267,6,0.365324,0.398878,121293.901863,4,1,6,0.042439,7,7
19th_century,19th_century,,286,167,453,286,167,453,6,0.385105,0.424708,312377.65839,4,1,6,0.030941,7,7
1st_century,1st_century,,46,37,83,46,37,83,7,0.32633,0.350352,6509.59772,4,1,6,0.153026,7,7
1st_century_BC,1st_century_BC,,36,32,68,36,32,68,7,0.321058,0.344434,3963.213382,4,1,6,0.212941,7,7
21st_century,21st_century,,34,155,189,34,155,189,6,0.389995,0.427553,102563.627875,4,1,6,0.082399,7,7
2nd_century,2nd_century,,31,28,59,31,28,59,7,0.325361,0.348757,8328.601333,4,1,6,0.260743,7,7
3rd_century,3rd_century,,32,33,65,32,33,65,7,0.328845,0.35324,3172.87901,4,1,6,0.234968,7,7
4th_century,4th_century,,48,31,79,48,31,79,7,0.327252,0.351265,5102.424389,4,1,6,0.172881,7,7
5th_century,5th_century,,54,36,90,54,36,90,7,0.336487,0.362585,6139.292903,4,1,6,0.162167,7,7
6th_century,6th_century,,44,44,88,44,44,88,7,0.334682,0.361286,6116.235232,4,1,6,0.170105,7,7
7th_century,7th_century,,63,41,104,63,41,104,7,0.334323,0.360065,17047.404164,4,1,6,0.138167,7,7
8th_century,8th_century,,52,45,97,52,45,97,7,0.340243,0.36669,10336.662693,4,1,6,0.131066,7,7
Battle_of_Hastings,Battle_of_Hastings,,15,12,27,15,12,27,7,0.297105,0.315035,523.739006,1,1,6,0.175889,7,7
Canute_the_Great,Canute_the_Great,,18,23,41,18,23,41,7,0.312905,0.334592,6911.068652,1,1,6,0.148841,12,12
China,China,,496,90,586,496,90,586,7,0.363555,0.396648,216126.006084,10,1,6,0.027281,3,3
Crusades,Crusades,,37,51,88,37,51,88,7,0.332023,0.359674,19155.716501,4,1,6,0.129357,13,13
Domesday_Book,Domesday_Book,,20,16,36,20,16,36,7,0.307261,0.326879,1359.669837,1,1,6,0.126882,7,7
East-West_Schism,East-West_Schism,,10,23,33,10,23,33,7,0.311583,0.333544,474.604625,4,1,6,0.267806,13,13
Edward_the_Confessor,Edward_the_Confessor,,25,18,43,25,18,43,8,0.300809,0.320179,1583.295649,1,1,6,0.163664,12,12
First_Crusade,First_Crusade,,18,29,47,18,29,47,7,0.310295,0.333043,3123.553026,4,1,6,0.164414,13,13
Ghana,Ghana,,85,24,109,85,24,109,6,0.334378,0.358009,6352.51551,8,1,6,0.19251,3,3
Jerusalem,Jerusalem,,86,40,126,86,40,126,7,0.326146,0.351267,25165.488069,2,1,6,0.081732,6,6
Leif_Ericson,Leif_Ericson,,3,15,18,3,15,18,7,0.318886,0.33925,213.135424,11,1,6,0.30719,12,12
Macbeth_of_Scotland,Macbeth_of_Scotland,,8,13,21,8,13,21,7,0.293811,0.311263,359.870008,1,1,6,0.209559,12,12
Mauritania,Mauritania,,68,27,95,68,27,95,7,0.323002,0.34665,1760.366268,8,1,6,0.311053,3,3
Nigeria,Nigeria,,106,67,173,106,67,173,7,0.356396,0.385946,24141.879614,8,1,6,0.119374,3,3
Norman_conquest_of_England,Norman_conquest_of_England,,8,24,32,8,24,32,7,0.317165,0.339706,664.162409,1,1,6,0.193122,7,7
North_America,North_America,,410,77,487,410,77,487,7,0.349603,0.379977,128923.740953,7,1,6,0.025007,6,6
Novel,Novel,,77,55,132,77,55,132,7,0.332105,0.359806,28704.310465,3,1,6,0.042316,9,9
William_I_of_England,William_I_of_England,,31,19,50,31,19,50,7,0.306055,0.326797,5568.8319,1,1,6,0.170513,12,12
Angkor_Wat,Angkor_Wat,,5,20,25,5,20,25,7,0.308947,0.32837,659.967659,10,1,6,0.156126,4,4
Croatia,Croatia,,93,126,219,93,126,219,7,0.351513,0.388442,12687.477538,8,1,6,0.165009,6,6
Francis_of_Assisi,Francis_of_Assisi,,9,17,26,9,17,26,7,0.304858,0.324283,11056.224425,4,1,6,0.120553,12,12
Frederick_II%2C_Holy_Roman_Emperor,Frederick_II%2C_Holy_Roman_Emperor,,10,23,33,10,23,33,7,0.308994,0.32971,727.798317,4,1,6,0.11828,12,12
Genghis_Khan,Genghis_Khan,,25,58,83,25,58,83,7,0.332677,0.360182,4051.426333,2,1,6,0.144597,12,12
Henry_II_of_England,Henry_II_of_England,,32,16,48,32,16,48,7,0.297716,0.315991,2454.671043,1,1,6,0.129501,12,12
Hungary,Hungary,,172,49,221,172,49,221,7,0.33235,0.360098,39151.127279,13,1,6,0.090699,6,6
Iceland,Iceland,,131,43,174,131,43,174,7,0.339844,0.366334,52113.63855,8,1,6,0.086945,6,6
Iran,Iran,,223,108,331,223,108,331,6,0.372166,0.406475,86172.125587,2,1,6,0.072378,6,6
Mongol_Empire,Mongol_Empire,,27,30,57,27,30,57,7,0.320449,0.343692,1764.373417,2,1,6,0.15404,7,7
Richard_I_of_England,Richard_I_of_England,,19,25,44,19,25,44,7,0.315757,0.339698,2067.05005,1,1,6,0.121622,12,12
Saladin,Saladin,,17,18,35,17,18,35,7,0.302673,0.322532,799.326318,2,1,6,0.136559,12,12
Second_Crusade,Second_Crusade,,9,26,35,9,26,35,7,0.309513,0.330376,1193.737728,4,1,6,0.216931,13,13
Serbia,Serbia,,85,129,214,85,129,214,7,0.352767,0.39,13972.327797,8,1,6,0.165504,6,6
The_Anarchy,The_Anarchy,,9,10,19,9,10,19,8,0.287824,0.305336,7036.271215,1,1,6,0.233333,7,7
Thomas_Becket,Thomas_Becket,,14,12,26,14,12,26,7,0.297062,0.314669,474.653686,1,1,6,0.130952,12,12
Angola,Angola,,80,21,101,80,21,101,7,0.310532,0.332672,1928.427361,8,1,6,0.177222,3,3
Arabic_language,Arabic_language,,197,57,254,197,57,254,7,0.325596,0.352729,37936.286358,2,1,6,0.065223,9,9
Asia,Asia,,357,137,494,357,137,494,7,0.361803,0.399296,183924.152757,7,1,6,0.035428,6,6
Bantu,Bantu,,29,13,42,29,13,42,7,0.301929,0.320864,1303.760093,8,1,6,0.195946,6,6
Buddhism,Buddhism,,144,50,194,144,50,194,7,0.325622,0.351649,55733.516627,10,1,6,0.070161,13,13
Cambodia,Cambodia,,85,37,122,85,37,122,7,0.331561,0.357629,13688.596922,8,1,6,0.13719,3,3
Dante_Alighieri,Dante_Alighieri,,40,15,55,40,15,55,7,0.310057,0.329358,2670.718615,4,1,6,0.102941,12,12
Europe,Europe,,933,159,1092,933,159,1092,7,0.377503,0.417676,568787.715582,7,1,6,0.02064,6,6
Holy_Roman_Empire,Holy_Roman_Empire,,97,44,141,97,44,141,7,0.319515,0.34527,22240.264594,4,1,6,0.111774,7,7
Islam,Islam,,295,90,385,295,90,385,7,0.36177,0.394333,131608.495592,2,1,6,0.059558,13,13
John_of_England,John_of_England,,23,29,52,23,29,52,7,0.317861,0.34015,6784.095377,1,1,6,0.108879,12,12
Laos,Laos,,65,31,96,65,31,96,7,0.324996,0.349427,4657.213734,8,1,6,0.177998,3,3
Magna_Carta,Magna_Carta,,30,40,70,30,40,70,7,0.322899,0.348526,10505.514993,1,1,6,0.106822,7,7
Malaysia,Malaysia,,146,56,202,146,56,202,7,0.355085,0.383426,44605.494558,10,1,6,0.090237,3,3
Marco_Polo,Marco_Polo,,21,23,44,21,23,44,7,0.313607,0.335334,2419.769591,10,1,6,0.089069,12,12
Norway,Norway,,218,62,280,218,62,280,7,0.350692,0.381102,54166.390892,13,1,6,0.055092,6,6
Thailand,Thailand,,149,33,182,149,33,182,7,0.330858,0.355676,25404.371789,10,1,6,0.079591,3,3
Thomas_Aquinas,Thomas_Aquinas,,25,23,48,25,23,48,7,0.308125,0.327313,4025.890036,3,1,6,0.103659,12,12
Abacus,Abacus,,9,9,18,9,9,18,7,0.300319,0.319478,1587.578115,3,1,6,0.139706,10,10
Aztec,Aztec,,38,18,56,38,18,56,7,0.307587,0.32601,5834.699551,0,1,6,0.064141,7,7
Black_Death,Black_Death,,48,61,109,48,61,109,7,0.351422,0.38185,23506.046429,4,1,6,0.08256,7,7
Buddha,Buddha,,46,10,56,46,10,56,7,0.290797,0.306986,1469.341019,10,1,6,0.111756,12,12
Christianity,Christianity,,343,49,392,343,49,392,7,0.325675,0.352924,66412.259372,2,1,6,0.040775,13,13
Edward_III_of_England,Edward_III_of_England,,37,31,68,37,31,68,7,0.314483,0.337694,3612.321051,1,1,6,0.129293,7,7
English_peasants%27_revolt_of_1381,English_peasants%27_revolt_of_1381,,6,10,16,6,10,16,7,0.294024,0.311555,151.91461,1,1,6,0.309091,7,7
Hundred_Years%27_War,Hundred_Years%27_War,,22,39,61,22,39,61,7,0.321848,0.346967,8086.345239,1,1,6,0.104706,7,7
Ibn_Battuta,Ibn_Battuta,,8,40,48,8,40,48,7,0.323337,0.349082,768.1741,2,1,6,0.121564,12,12
Lithuania,Lithuania,,98,37,135,98,37,135,7,0.335318,0.361325,5478.948039,8,1,6,0.188406,6,6
Ming_Dynasty,Ming_Dynasty,,34,19,53,34,19,53,7,0.316151,0.335926,2732.746843,10,1,6,0.136364,7,7
Niger,Niger,,65,44,109,65,44,109,7,0.338878,0.365904,4578.527708,8,1,6,0.260238,3,3
Ottoman_Empire,Ottoman_Empire,,164,84,248,164,84,248,7,0.346466,0.379511,37775.272374,2,1,6,0.088549,7,7
Pope,Pope,,92,31,123,92,31,123,7,0.31529,0.338884,8108.125408,4,1,6,0.084641,13,13
Singapore,Singapore,,116,62,178,116,62,178,7,0.346911,0.376587,21665.882589,10,1,6,0.095541,3,3
Timur,Timur,,19,43,62,19,43,62,7,0.32633,0.350706,2875.21762,2,1,6,0.147678,12,12
15th_Marine_Expeditionary_Unit,15th_Marine_Expeditionary_Unit,,1,24,25,1,24,25,7,0.327015,0.350479,40.141849,10,1,6,0.235507,7,7
2004_Indian_Ocean_earthquake,2004_Indian_Ocean_earthquake,,28,70,98,28,70,98,7,0.356709,0.388485,15774.789942,10,1,6,0.109065,6,6
Afghanistan,Afghanistan,,143,66,209,143,66,209,6,0.350996,0.380961,44109.090574,2,1,6,0.082504,3,3
Australia,Australia,,563,86,649,563,86,649,6,0.359493,0.391469,263974.55967,7,1,6,0.021702,6,6
California,California,,251,39,290,251,39,290,7,0.337468,0.361415,105608.490068,11,1,6,0.021599,6,6
East_Timor,East_Timor,,42,44,86,42,44,86,7,0.338878,0.366034,4890.702275,8,1,6,0.182648,3,3
Famine,Famine,,42,63,105,42,63,105,6,0.35465,0.383876,15510.119991,8,1,6,0.114306,6,6
Indian_Ocean,Indian_Ocean,,119,75,194,119,75,194,7,0.358096,0.389046,44785.5309,10,1,6,0.090956,6,6
Indonesia,Indonesia,,202,57,259,202,57,259,7,0.35366,0.381769,52443.009883,10,1,6,0.068867,3,3
Iraq,Iraq,,159,51,210,159,51,210,7,0.340129,0.367864,24016.068267,2,1,6,0.092706,6,6
Kuwait,Kuwait,,72,26,98,72,26,98,7,0.331751,0.354936,3086.126306,8,1,6,0.187053,6,6
Kuwait_City,Kuwait_City,,6,7,13,6,7,13,7,0.280554,0.296057,72.26738,2,1,6,0.25,6,6
Mogadishu,Mogadishu,,7,32,39,7,32,39,7,0.327622,0.352531,1146.73433,8,1,6,0.256757,6,6
Mount_Pinatubo,Mount_Pinatubo,,7,34,41,7,34,41,7,0.328872,0.352307,4390.846541,9,1,6,0.088905,6,6
Pakistan,Pakistan,,189,47,236,189,47,236,7,0.337383,0.364733,53000.204788,10,1,6,0.073323,3,3
Persian_Gulf,Persian_Gulf,,53,16,69,53,16,69,7,0.309797,0.329192,1496.781833,2,1,6,0.13384,6,6
Royal_Marines,Royal_Marines,,9,44,53,9,44,53,6,0.344143,0.371777,8173.34131,1,1,6,0.129677,7,7
Rwanda,Rwanda,,67,124,191,67,124,191,7,0.347834,0.384093,12793.443844,8,1,6,0.191656,3,3
Somalia,Somalia,,87,137,224,87,137,224,7,0.358476,0.395377,19160.661323,8,1,6,0.154567,3,3
Sri_Lanka,Sri_Lanka,,116,60,176,116,60,176,7,0.348342,0.377029,36560.852965,10,1,6,0.091374,3,3
Sumatra,Sumatra,,37,18,55,37,18,55,7,0.31211,0.332629,3467.583451,10,1,6,0.117772,6,6
Uganda,Uganda,,81,160,241,81,160,241,7,0.365258,0.403937,24324.34479,8,1,6,0.140029,3,3
Art,Art,,111,65,176,111,65,176,7,0.346733,0.375615,51441.136225,3,1,6,0.045268,0,0
Baghdad,Baghdad,,56,32,88,56,32,88,6,0.333827,0.358313,6656.129791,2,1,6,0.098772,6,6
Battle_of_Grunwald,Battle_of_Grunwald,,3,23,26,3,23,26,7,0.313074,0.335111,197.330246,13,1,6,0.26,7,7
Beijing,Beijing,,89,101,190,89,101,190,6,0.363131,0.396732,37797.105021,10,1,6,0.113759,6,6
Henry_VII_of_England,Henry_VII_of_England,,30,22,52,30,22,52,7,0.307541,0.32786,1962.132829,1,1,6,0.182317,12,12
Henry_V_of_England,Henry_V_of_England,,20,16,36,20,16,36,7,0.299409,0.318335,715.034702,1,1,6,0.186207,12,12
Inca_Empire,Inca_Empire,,30,19,49,30,19,49,7,0.312857,0.332547,2575.414154,0,1,6,0.106852,7,7
Jew,Jew,,268,86,354,268,86,354,7,0.361835,0.395172,66399.29336,13,1,6,0.055411,6,6
Joan_of_Arc,Joan_of_Arc,,7,23,30,7,23,30,7,0.315413,0.336849,6020.225382,4,1,6,0.112536,12,12
Johannes_Ockeghem,Johannes_Ockeghem,,2,5,7,2,5,7,7,0.286765,0.302154,92.75534,4,1,6,0.428571,12,12
Korea,Korea,,77,29,106,77,29,106,7,0.327569,0.352147,6379.190182,10,1,6,0.093092,3,3
Leonardo_da_Vinci,Leonardo_da_Vinci,,34,47,81,34,47,81,7,0.347178,0.373204,16108.349056,4,1,6,0.071401,12,12
Philosophy,Philosophy,,190,87,277,190,87,277,7,0.355022,0.387085,88356.474612,3,1,6,0.045379,13,13
Plato,Plato,,76,44,120,76,44,120,7,0.33148,0.35701,19108.296947,3,1,6,0.075195,12,12
Richard_III_of_England,Richard_III_of_England,,15,27,42,15,27,42,7,0.310556,0.332471,3919.493132,1,1,6,0.15625,12,12
Spanish_Inquisition,Spanish_Inquisition,,19,35,54,19,35,54,7,0.3251,0.349902,5995.007156,4,1,6,0.177551,13,13
Vasco_da_Gama,Vasco_da_Gama,,21,18,39,21,18,39,7,0.31588,0.337886,951.865818,10,1,6,0.16572,12,12
Wars_of_the_Roses,Wars_of_the_Roses,,17,29,46,17,29,46,7,0.311798,0.33393,5551.848499,1,1,6,0.202564,7,7
Zheng_He,Zheng_He,,8,39,47,8,39,47,7,0.340815,0.367245,1342.664567,10,1,6,0.182171,12,12
16_Cygni,16_Cygni,,2,8,10,2,8,10,8,0.273974,0.287954,4583.465648,9,1,6,0.416667,14,14
16_Cygni_Bb,16_Cygni_Bb,,1,12,13,1,12,13,7,0.297847,0.314944,97.479382,9,1,6,0.477273,14,14
Binary_star,Binary_star,,18,26,44,18,26,44,7,0.3089,0.32923,3036.013045,9,1,6,0.146154,14,14
Day,Day,,75,19,94,75,19,94,7,0.333059,0.354983,21198.936492,9,1,6,0.053512,5,5
Extrasolar_planet,Extrasolar_planet,,39,22,61,39,22,61,7,0.301951,0.319988,35018.69456,9,1,6,0.1642,14,14
Jupiter,Jupiter,,59,52,111,59,52,111,7,0.323802,0.348905,19571.096057,9,1,6,0.10972,14,14
Red_dwarf,Red_dwarf,,18,11,29,18,11,29,7,0.292391,0.308843,383.676718,9,1,6,0.269231,14,14
Sun,Sun,,183,74,257,183,74,257,7,0.351178,0.380655,105638.889661,9,1,6,0.053196,14,14
Earth,Earth,,269,118,387,269,118,387,6,0.372302,0.407951,291857.382612,9,1,6,0.038343,14,14
Planet,Planet,,76,45,121,76,45,121,7,0.321797,0.345534,73025.935368,9,1,6,0.104834,14,14
Season,Season,,27,30,57,27,30,57,6,0.336041,0.358983,11508.396036,9,1,6,0.116327,5,5
Star,Star,,97,68,165,97,68,165,7,0.322617,0.348475,58047.384569,9,1,6,0.080229,14,14
Water,Water,,191,131,322,191,131,322,6,0.377573,0.413744,182129.596494,9,1,6,0.039073,6,6
Akbar,Akbar,,11,16,27,11,16,27,7,0.297694,0.315934,2477.421785,2,1,6,0.15415,12,12
Amazon_River,Amazon_River,,20,31,51,20,31,51,7,0.330211,0.355551,2096.599178,0,1,6,0.174419,6,6
Amsterdam,Amsterdam,,63,38,101,63,38,101,7,0.33632,0.363458,8535.529054,4,1,6,0.10437,6,6
Anglicanism,Anglicanism,,39,55,94,39,55,94,7,0.335791,0.363002,24151.980935,1,1,6,0.116491,13,13
Babur,Babur,,11,15,26,11,15,26,7,0.302605,0.321431,383.567182,2,1,6,0.223684,12,12
Brazil,Brazil,,261,80,341,261,80,341,7,0.351788,0.383948,63303.001128,0,1,6,0.049331,3,3
British_East_India_Company,British_East_India_Company,,45,37,82,45,37,82,7,0.335208,0.360677,6710.847853,10,1,6,0.104505,1,1
Charles_V%2C_Holy_Roman_Emperor,Charles_V%2C_Holy_Roman_Emperor,,43,26,69,43,26,69,7,0.312303,0.334728,13703.903894,4,1,6,0.100121,12,12
Edward_VI_of_England,Edward_VI_of_England,,21,34,55,21,34,55,7,0.338426,0.362874,3001.400558,1,1,6,0.173232,7,7
Egypt,Egypt,,362,70,432,362,70,432,7,0.353382,0.383952,83409.807937,2,1,6,0.046447,3,3
Elizabeth_I_of_England,Elizabeth_I_of_England,,63,54,117,63,54,117,7,0.342196,0.36946,16600.922053,1,1,6,0.103728,12,12
Ferdinand_Magellan,Ferdinand_Magellan,,15,35,50,15,35,50,7,0.330642,0.355234,5471.886706,0,1,6,0.126263,12,12
Florida,Florida,,156,65,221,156,65,221,6,0.352982,0.381907,78562.052034,11,1,6,0.037553,6,6
Francis_Drake,Francis_Drake,,10,20,30,10,20,30,7,0.308923,0.328672,1129.715205,1,1,6,0.133846,12,12
Grand_Canyon,Grand_Canyon,,16,18,34,16,18,34,7,0.322027,0.34237,5949.055935,11,1,6,0.135484,6,6
Heliocentrism,Heliocentrism,,17,42,59,17,42,59,7,0.331372,0.356665,4590.10496,9,1,6,0.170612,14,14
Henry_VIII_of_England,Henry_VIII_of_England,,74,50,124,74,50,124,7,0.335846,0.361863,19718.87325,1,1,6,0.098026,12,12
Hern%C3%A1n_Cort%C3%A9s,Hern%C3%A1n_Cort%C3%A9s,,16,14,30,16,14,30,7,0.29741,0.31571,721.065838,0,1,6,0.181667,12,12
Italian_Renaissance,Italian_Renaissance,,13,55,68,13,55,68,7,0.33358,0.361767,7982.645331,4,1,6,0.133385,0,0
Ivan_IV_of_Russia,Ivan_IV_of_Russia,,5,10,15,5,10,15,7,0.310556,0.329104,213.053393,13,1,6,0.242857,12,12
Jacques_Cartier,Jacques_Cartier,,4,8,12,4,8,12,7,0.300118,0.31722,211.011127,11,1,6,0.138889,12,12
Japan,Japan,,573,98,671,573,98,671,6,0.36711,0.400226,273379.576694,10,1,6,0.02803,3,3
John_Calvin,John_Calvin,,18,21,39,18,21,39,7,0.313753,0.334432,3318.05748,4,1,6,0.113636,12,12
Juan_Sebasti%C3%A1n_Elcano,Juan_Sebasti%C3%A1n_Elcano,,2,14,16,2,14,16,7,0.303648,0.321863,38.113502,4,1,6,0.252381,12,12
Martin_Luther,Martin_Luther,,38,22,60,38,22,60,7,0.320525,0.343254,3049.509254,4,1,6,0.139413,12,12
Mary_I_of_England,Mary_I_of_England,,24,33,57,24,33,57,7,0.320525,0.344031,1705.661476,1,1,6,0.181776,12,12
Mary_I_of_Scotland,Mary_I_of_Scotland,,16,34,50,16,34,50,7,0.321669,0.345063,1534.610611,1,1,6,0.162021,12,12
Mona_Lisa,Mona_Lisa,,10,41,51,10,41,51,7,0.335485,0.361847,11324.412151,4,1,6,0.128019,0,0
Nicolaus_Copernicus,Nicolaus_Copernicus,,21,45,66,21,45,66,7,0.334406,0.36071,6168.988656,9,1,6,0.124351,12,12
Opera,Opera,,83,37,120,83,37,120,7,0.316719,0.340247,52035.314241,13,1,6,0.051932,9,9
Pacific_Ocean,Pacific_Ocean,,185,87,272,185,87,272,6,0.365555,0.398286,88413.989992,11,1,6,0.050163,6,6
Philip_II_of_Spain,Philip_II_of_Spain,,26,27,53,26,27,53,7,0.315168,0.338229,2850.290766,4,1,6,0.156977,12,12
Polish-Lithuanian_Commonwealth,Polish-Lithuanian_Commonwealth,,32,74,106,32,74,106,6,0.35759,0.388485,19252.430617,13,1,6,0.118371,7,7
Roman_Catholic_Church,Roman_Catholic_Church,,248,55,303,248,55,303,7,0.340672,0.36971,90924.306162,4,1,6,0.034493,13,13
Science,Science,,135,40,175,135,40,175,7,0.335235,0.359499,47600.512337,3,1,6,0.050139,5,5
Spanish_Armada,Spanish_Armada,,26,24,50,26,24,50,7,0.319893,0.342362,2402.931549,1,1,6,0.17019,7,7
Spanish_conquest_of_the_Inca_Empire,Spanish_conquest_of_the_Inca_Empire,,3,20,23,3,20,23,7,0.31187,0.331277,234.732941,0,1,6,0.261905,7,7
Suleiman_the_Magnificent,Suleiman_the_Magnificent,,7,41,48,7,41,48,7,0.319867,0.345232,354.658719,2,1,6,0.21401,12,12
Textile,Textile,,52,5,57,52,5,57,7,0.287212,0.301489,1443.941748,9,1,6,0.044444,0,0
Thomas_More,Thomas_More,,16,35,51,16,35,51,7,0.324087,0.348636,4417.165869,1,1,6,0.128461,12,12
Watch,Watch,,11,17,28,11,17,28,7,0.321823,0.342818,2793.820867,4,1,6,0.103261,4,4
William_Shakespeare,William_Shakespeare,,144,16,160,144,16,160,7,0.307751,0.327254,23523.209094,1,1,6,0.036247,12,12
William_the_Silent,William_the_Silent,,4,18,22,4,18,22,7,0.306471,0.326814,99.302149,4,1,6,0.331579,12,12
1755_Lisbon_earthquake,1755_Lisbon_earthquake,,4,23,27,4,23,27,7,0.323828,0.346272,206.783291,3,1,6,0.146667,7,7
Barbados,Barbados,,63,49,112,63,49,112,7,0.350601,0.378275,12880.581961,8,1,6,0.096566,3,3
Earthquake,Earthquake,,87,20,107,87,20,107,7,0.326488,0.348041,16961.599419,10,1,6,0.043657,6,6
Geology,Geology,,78,33,111,78,33,111,7,0.324892,0.347571,25802.767528,9,1,6,0.058545,6,6
Gottfried_Leibniz,Gottfried_Leibniz,,35,92,127,35,92,127,7,0.352215,0.384888,28109.947955,3,1,6,0.077016,12,12
Immanuel_Kant,Immanuel_Kant,,43,30,73,43,30,73,7,0.319842,0.342776,8282.925515,3,1,6,0.115722,12,12
Jean-Jacques_Rousseau,Jean-Jacques_Rousseau,,34,30,64,34,30,64,7,0.320601,0.343155,3734.26281,3,1,6,0.132801,12,12
Lisbon,Lisbon,,35,63,98,35,63,98,6,0.362255,0.391058,15073.391686,4,1,6,0.10162,6,6
Martinique,Martinique,,42,18,60,42,18,60,7,0.321007,0.343571,1533.372796,8,1,6,0.189562,3,3
Morocco,Morocco,,142,68,210,142,68,210,7,0.353013,0.38336,22181.790876,8,1,6,0.125481,3,3
North_Africa,North_Africa,,102,33,135,102,33,135,7,0.333087,0.359218,11740.67826,2,1,6,0.097635,6,6
Peter_Paul_Rubens,Peter_Paul_Rubens,,27,12,39,27,12,39,7,0.303739,0.32239,1020.259314,4,1,6,0.113445,12,12
Ren%C3%A9_Descartes,Ren%C3%A9_Descartes,,32,36,68,32,36,68,7,0.327358,0.352258,6872.298812,3,1,6,0.116152,12,12
The_Holocaust,The_Holocaust,,66,77,143,66,77,143,7,0.347416,0.379948,25306.036968,13,1,6,0.12688,7,7
Tsunami,Tsunami,,42,57,99,42,57,99,7,0.343822,0.372437,17382.656213,10,1,6,0.08419,6,6
Voltaire,Voltaire,,41,27,68,41,27,68,7,0.318711,0.341577,4248.921908,3,1,6,0.082514,12,12
Armand_Jean_du_Plessis%2C_Cardinal_Richelieu,Armand_Jean_du_Plessis%2C_Cardinal_Richelieu,,2,26,28,2,26,28,7,0.322694,0.346477,575.240669,4,1,6,0.198413,12,12
Bacteria,Bacteria,,107,41,148,107,41,148,7,0.319893,0.343421,43479.239007,7,1,6,0.061577,14,14
Banknote,Banknote,,18,16,34,18,16,34,7,0.327358,0.349209,1218.384786,10,1,6,0.188424,1,1
Baruch_Spinoza,Baruch_Spinoza,,17,38,55,17,38,55,7,0.324684,0.34871,2217.809886,3,1,6,0.169133,12,12
Bible,Bible,,149,21,170,149,21,170,7,0.311367,0.332929,19117.889105,2,1,6,0.031526,13,13
Blaise_Pascal,Blaise_Pascal,,23,25,48,23,25,48,7,0.316052,0.337375,5309.402928,3,1,6,0.108014,12,12
Calculus,Calculus,,27,29,56,27,29,56,7,0.315094,0.336942,16567.453427,3,1,6,0.145411,10,10
Cape_Town,Cape_Town,,37,49,86,37,49,86,7,0.34263,0.370441,10577.323832,12,1,6,0.097544,6,6
Charles_II_of_England,Charles_II_of_England,,72,49,121,72,49,121,7,0.342891,0.370854,21568.731769,1,1,6,0.087855,12,12
Charles_I_of_England,Charles_I_of_England,,64,41,105,64,41,105,6,0.336851,0.362321,10228.642877,1,1,6,0.120513,12,12
Constitutional_monarchy,Constitutional_monarchy,,72,32,104,72,32,104,7,0.329647,0.354457,11997.558169,8,1,6,0.118851,2,2
Finance,Finance,,46,8,54,46,8,54,7,0.277405,0.29127,14080.575036,3,1,6,0.058673,1,1
Glorious_Revolution,Glorious_Revolution,,39,25,64,39,25,64,7,0.314996,0.336176,3282.810762,1,1,6,0.141558,7,7
Henry_Purcell,Henry_Purcell,,15,14,29,15,14,29,7,0.287253,0.303292,9095.435633,1,1,6,0.178571,12,12
Isaac_Newton,Isaac_Newton,,80,56,136,80,56,136,7,0.33744,0.363847,35690.513176,9,1,6,0.078022,12,12
James_II_of_England,James_II_of_England,,43,38,81,43,38,81,7,0.31861,0.342646,7147.083453,1,1,6,0.13214,12,12
James_I_of_England,James_I_of_England,,49,33,82,49,33,82,7,0.315954,0.338518,5813.648173,1,1,6,0.132867,12,12
Johann_Sebastian_Bach,Johann_Sebastian_Bach,,30,23,53,30,23,53,7,0.31841,0.339805,8719.713233,13,1,6,0.102525,12,12
Johannes_Kepler,Johannes_Kepler,,29,34,63,29,34,63,7,0.330993,0.3553,9142.305896,9,1,6,0.121961,12,12
John_Locke,John_Locke,,46,39,85,46,39,85,7,0.336991,0.362262,34174.774427,3,1,6,0.118286,12,12
John_Milton,John_Milton,,23,13,36,23,13,36,7,0.299919,0.318094,5131.364769,1,1,6,0.114583,12,12
Louis_XIV_of_France,Louis_XIV_of_France,,34,46,80,34,46,80,7,0.33993,0.368137,7668.141982,4,1,6,0.113078,12,12
Mary_II_of_England,Mary_II_of_England,,22,26,48,22,26,48,7,0.308571,0.330238,1513.703004,1,1,6,0.246088,12,12
Mississippi_River,Mississippi_River,,57,26,83,57,26,83,7,0.324113,0.347036,7801.14261,11,1,6,0.074245,6,6
New_York_City,New_York_City,,317,71,388,317,71,388,6,0.35602,0.387009,93180.530046,11,1,6,0.031026,6,6
New_Zealand,New_Zealand,,301,86,387,301,86,387,6,0.369722,0.401324,152676.354553,7,1,6,0.035595,6,6
Oliver_Cromwell,Oliver_Cromwell,,48,32,80,48,32,80,7,0.324814,0.348936,7374.590843,1,1,6,0.087387,12,12
Persian_Empire,Persian_Empire,,84,61,145,84,61,145,7,0.337833,0.367882,19417.724544,2,1,6,0.107776,7,7
Peter_I_of_Russia,Peter_I_of_Russia,,16,10,26,16,10,26,7,0.294879,0.312158,293.442692,13,1,6,0.235178,12,12
Philosophiae_Naturalis_Principia_Mathematica,Philosophiae_Naturalis_Principia_Mathematica,,8,17,25,8,17,25,8,0.297957,0.31623,1460.313247,9,1,6,0.184783,7,7
Qing_Dynasty,Qing_Dynasty,,39,27,66,39,27,66,7,0.321262,0.34304,3278.523513,10,1,6,0.135919,7,7
South_Africa,South_Africa,,311,101,412,311,101,412,7,0.364045,0.398272,138110.314451,12,1,6,0.040887,3,3
Speed_of_light,Speed_of_light,,38,43,81,38,43,81,7,0.339332,0.364646,21837.117092,9,1,6,0.116769,14,14
Taiwan,Taiwan,,93,34,127,93,34,127,7,0.329969,0.354652,10530.07778,10,1,6,0.078315,3,3
Tea,Tea,,49,72,121,49,72,121,7,0.351696,0.382318,18109.143743,10,1,6,0.099982,5,5
Telescope,Telescope,,61,23,84,61,23,84,7,0.318036,0.339063,17966.000463,9,1,6,0.094561,4,4
Thomas_Hobbes,Thomas_Hobbes,,30,26,56,30,26,56,7,0.321593,0.343889,7703.244855,3,1,6,0.113061,12,12
William_Harvey,William_Harvey,,7,7,14,7,7,14,7,0.295697,0.31233,1516.757432,1,1,6,0.153846,12,12
William_III_of_England,William_III_of_England,,42,39,81,42,39,81,7,0.325309,0.349879,7218.311384,1,1,6,0.141408,12,12
1896_Summer_Olympics,1896_Summer_Olympics,,2,27,29,2,27,29,7,0.329433,0.353789,35.919181,4,1,6,0.307692,5,5
Athletics_%28track_and_field%29,Athletics_%28track_and_field%29,,25,7,32,25,7,32,7,0.289406,0.305825,361.153031,1,1,6,0.078629,5,5
British_Empire,British_Empire,,142,129,271,142,129,271,6,0.377397,0.414155,73378.119645,1,1,6,0.081508,7,7
Cricket,Cricket,,89,27,116,89,27,116,7,0.328845,0.352683,25911.102925,1,1,6,0.066468,5,5
Cyprus,Cyprus,,106,59,165,106,59,165,7,0.353013,0.382057,25859.80283,8,1,6,0.140296,6,6
Eastern_Orthodox_Church,Eastern_Orthodox_Church,,57,34,91,57,34,91,7,0.335041,0.361534,8653.76649,2,1,6,0.130864,13,13
Football_%28soccer%29,Football_%28soccer%29,,220,21,241,220,21,241,7,0.324372,0.346845,22571.264746,1,1,6,0.047356,5,5
Greek_War_of_Independence,Greek_War_of_Independence,,11,24,35,11,24,35,7,0.316743,0.339569,709.973859,3,1,6,0.255385,7,7
London,London,,587,102,689,587,102,689,7,0.360227,0.395852,309249.5638,1,1,6,0.018761,6,6
Olympic_Games,Olympic_Games,,80,116,196,80,116,196,6,0.371654,0.406981,68538.385242,13,1,6,0.092934,5,5
Roman_Empire,Roman_Empire,,228,53,281,228,53,281,6,0.338652,0.367218,48025.700659,4,1,6,0.059194,7,7
Slovakia,Slovakia,,86,34,120,86,34,120,7,0.320348,0.345495,5578.416467,8,1,6,0.189134,6,6
Sport,Sport,,63,15,78,63,15,78,7,0.32144,0.342864,5450.313581,3,1,6,0.067207,5,5
Switzerland,Switzerland,,249,45,294,249,45,294,6,0.341764,0.369244,40362.700203,13,1,6,0.053154,6,6
Adam_Smith,Adam_Smith,,38,27,65,38,27,65,7,0.317587,0.33983,5497.282141,3,1,6,0.138365,12,12
Alexander_Hamilton,Alexander_Hamilton,,23,23,46,23,23,46,7,0.317041,0.339354,1956.709361,11,1,6,0.154521,12,12
American_Revolutionary_War,American_Revolutionary_War,,49,28,77,49,28,77,7,0.330561,0.354488,9325.814864,11,1,6,0.105383,7,7
Anne_of_Great_Britain,Anne_of_Great_Britain,,29,32,61,29,32,61,7,0.317214,0.340323,12309.711869,1,1,6,0.203997,12,12
Antoine_Lavoisier,Antoine_Lavoisier,,17,26,43,17,26,43,7,0.323363,0.346629,3287.384602,9,1,6,0.09919,12,12
Antonio_Vivaldi,Antonio_Vivaldi,,11,19,30,11,19,30,7,0.30408,0.323095,1191.364316,13,1,6,0.14,12,12
Benjamin_Franklin,Benjamin_Franklin,,32,29,61,32,29,61,6,0.333114,0.356783,13851.960777,11,1,6,0.078054,12,12
Capital,Capital,,181,64,245,181,64,245,6,0.342196,0.372422,48496.353031,0,1,6,0.046306,2,2
Carl_Friedrich_Gauss,Carl_Friedrich_Gauss,,17,20,37,17,20,37,7,0.325231,0.347797,7288.8159,3,1,6,0.143145,12,12
Carolus_Linnaeus,Carolus_Linnaeus,,218,23,241,218,23,241,7,0.323647,0.345162,38391.034834,7,1,6,0.024119,12,12
Catherine_II_of_Russia,Catherine_II_of_Russia,,9,24,33,9,24,33,7,0.311822,0.332771,1309.533109,13,1,6,0.160215,12,12
David_Hume,David_Hume,,32,36,68,32,36,68,7,0.329996,0.355542,4546.55617,3,1,6,0.133766,12,12
Delhi,Delhi,,43,41,84,43,41,84,7,0.332513,0.358587,6752.008729,10,1,6,0.09589,6,6
Edmond_Halley,Edmond_Halley,,10,20,30,10,20,30,7,0.314483,0.33466,1828.283157,9,1,6,0.169231,14,14
Edmund_Burke,Edmund_Burke,,15,42,57,15,42,57,7,0.339304,0.366422,3263.566545,3,1,6,0.138367,12,12
Edward_Jenner,Edward_Jenner,,5,4,9,5,4,9,7,0.284891,0.299309,10393.546009,7,1,6,0.107143,12,12
Emanuel_Swedenborg,Emanuel_Swedenborg,,5,28,33,5,28,33,7,0.321491,0.344845,4340.273504,3,1,6,0.109677,12,12
Frederick_II_of_Prussia,Frederick_II_of_Prussia,,8,35,43,8,35,43,7,0.325622,0.350087,4298.347285,13,1,6,0.102853,12,12
Freetown,Freetown,,6,18,24,6,18,24,7,0.331155,0.3542,809.288812,11,1,6,0.199134,6,6
French_Revolution,French_Revolution,,99,19,118,99,19,118,7,0.310413,0.330851,6460.950022,4,1,6,0.062436,7,7
George_III_of_the_United_Kingdom,George_III_of_the_United_Kingdom,,39,53,92,39,53,92,7,0.350722,0.378998,17489.427042,1,1,6,0.126424,12,12
George_Washington,George_Washington,,54,21,75,54,21,75,7,0.317786,0.338927,7271.13003,11,1,6,0.108625,12,12
Industrial_Revolution,Industrial_Revolution,,87,60,147,87,60,147,6,0.349724,0.377968,49035.294038,3,1,6,0.07468,7,7
James_Cook,James_Cook,,29,47,76,29,47,76,7,0.347178,0.373525,17088.125027,7,1,6,0.077148,12,12
James_Watt,James_Watt,,7,15,22,7,15,22,7,0.31058,0.330016,2184.844534,1,1,6,0.140351,12,12
Joseph_Haydn,Joseph_Haydn,,14,13,27,14,13,27,7,0.306494,0.325402,967.714373,13,1,6,0.219368,12,12
Leonhard_Euler,Leonhard_Euler,,20,33,53,20,33,53,7,0.314044,0.336613,6722.553709,3,1,6,0.101932,12,12
Napoleon_I_of_France,Napoleon_I_of_France,,118,48,166,118,48,166,7,0.348941,0.376651,26941.013369,4,1,6,0.083471,12,12
Napoleonic_Wars,Napoleonic_Wars,,67,40,107,67,40,107,7,0.336459,0.362356,11079.845872,1,1,6,0.096263,7,7
Nepal,Nepal,,73,37,110,73,37,110,7,0.33851,0.364507,7676.679068,10,1,6,0.113507,3,3
Photosynthesis,Photosynthesis,,51,25,76,51,25,76,7,0.309135,0.329789,14976.013804,9,1,6,0.099534,14,14
Piano,Piano,,59,18,77,59,18,77,7,0.311367,0.331706,12186.392925,11,1,6,0.055627,11,11
President_of_the_United_States,President_of_the_United_States,,163,57,220,163,57,220,7,0.325753,0.352496,73329.452471,11,1,6,0.059443,2,2
Prime_Minister_of_the_United_Kingdom,Prime_Minister_of_the_United_Kingdom,,62,37,99,62,37,99,7,0.321695,0.346058,15355.77571,1,1,6,0.121876,2,2
Saint_Petersburg,Saint_Petersburg,,76,87,163,76,87,163,7,0.354867,0.387891,27751.130697,13,1,6,0.095843,6,6
Sierra_Leone,Sierra_Leone,,67,39,106,67,39,106,7,0.337946,0.365047,11160.871137,8,1,6,0.207733,3,3
Smallpox,Smallpox,,38,46,84,38,46,84,7,0.34558,0.373703,22940.06086,0,1,6,0.084586,14,14
South_America,South_America,,244,99,343,244,99,343,7,0.36648,0.399303,121695.32585,0,1,6,0.045498,6,6
Steam_engine,Steam_engine,,25,21,46,25,21,46,7,0.320576,0.342218,3986.318692,9,1,6,0.082321,4,4
Steel,Steel,,118,51,169,118,51,169,6,0.353845,0.38164,51737.229595,9,1,6,0.064503,14,14
Sydney,Sydney,,69,37,106,69,37,106,7,0.341188,0.367448,19233.124304,12,1,6,0.070295,6,6
Thomas_Gainsborough,Thomas_Gainsborough,,11,11,22,11,11,22,7,0.305478,0.323387,1170.11726,4,1,6,0.180147,12,12
Thomas_Jefferson,Thomas_Jefferson,,58,34,92,58,34,92,7,0.324996,0.347735,28747.927946,11,1,6,0.092447,12,12
Vitus_Bering,Vitus_Bering,,2,8,10,2,8,10,8,0.292983,0.309442,26.866909,13,1,6,0.177778,12,12
War_of_the_Spanish_Succession,War_of_the_Spanish_Succession,,18,21,39,18,21,39,7,0.31199,0.333544,750.023531,4,1,6,0.186553,7,7
William_Hogarth,William_Hogarth,,15,22,37,15,22,37,7,0.316003,0.337326,9243.003363,1,1,6,0.08172,12,12
Wolfgang_Amadeus_Mozart,Wolfgang_Amadeus_Mozart,,35,32,67,35,32,67,7,0.310532,0.331918,27304.898388,13,1,6,0.10902,9,9
1928_Okeechobee_Hurricane,1928_Okeechobee_Hurricane,,7,17,24,7,17,24,7,0.320576,0.341883,253.297493,11,1,6,0.242424,6,6
Africa,Africa,,477,212,689,477,212,689,6,0.381158,0.424523,510047.101561,8,1,6,0.030103,6,6
Dominica,Dominica,,44,30,74,44,30,74,7,0.339077,0.36396,6236.274166,8,1,6,0.186061,3,3
Galveston_Hurricane_of_1900,Galveston_Hurricane_of_1900,,4,26,30,4,26,30,7,0.328872,0.351692,377.62862,11,1,6,0.169516,6,6
Guadeloupe,Guadeloupe,,46,32,78,46,32,78,7,0.336935,0.361448,3956.228764,8,1,6,0.149257,3,3
Latin_America,Latin_America,,107,94,201,107,94,201,6,0.35369,0.38698,33425.882196,0,1,6,0.08418,6,6
Montserrat,Montserrat,,25,26,51,25,26,51,7,0.334075,0.358484,3402.680766,8,1,6,0.15314,3,3
Norfolk,Norfolk,,29,31,60,29,31,60,7,0.321491,0.344769,13705.892905,1,1,6,0.078808,6,6
Puerto_Rico,Puerto_Rico,,79,60,139,79,60,139,7,0.35524,0.384409,26993.103013,11,1,6,0.083552,3,3
The_Bahamas,The_Bahamas,,62,27,89,62,27,89,7,0.326962,0.350545,26608.79252,11,1,6,0.085082,3,3
Toronto,Toronto,,76,46,122,76,46,122,7,0.337103,0.363146,10962.043241,11,1,6,0.062572,6,6
Tropical_cyclone,Tropical_cyclone,,100,84,184,100,84,184,6,0.358602,0.390215,93185.801124,11,1,6,0.06989,6,6
United_States_Virgin_Islands,United_States_Virgin_Islands,,16,30,46,16,30,46,7,0.332268,0.356921,6197.178234,11,1,6,0.163898,6,6
1973_oil_crisis,1973_oil_crisis,,17,51,68,17,51,68,7,0.346911,0.375085,7272.149204,2,1,6,0.14359,7,7
Arab-Israeli_conflict,Arab-Israeli_conflict,,14,25,39,14,25,39,7,0.323621,0.347305,458.143813,2,1,6,0.296825,2,2
BBC,BBC,,173,40,213,173,40,213,6,0.343734,0.371181,50892.964548,1,1,6,0.033155,5,5
Bretton_Woods_system,Bretton_Woods_system,,11,50,61,11,50,61,6,0.341533,0.369799,1717.401683,11,1,6,0.181373,1,1
Chile,Chile,,122,72,194,122,72,194,6,0.35819,0.389332,31017.599496,0,1,6,0.083155,3,3
Coal,Coal,,123,61,184,123,61,184,7,0.350177,0.377888,67417.685215,9,1,6,0.055948,6,6
Cold_War,Cold_War,,166,39,205,166,39,205,6,0.334544,0.36036,30896.586001,13,1,6,0.07073,7,7
Electronics,Electronics,,48,14,62,48,14,62,7,0.302109,0.319359,8541.491666,9,1,6,0.073729,4,4
Ethanol,Ethanol,,50,44,94,50,44,94,7,0.332241,0.357647,16739.43089,9,1,6,0.075158,14,14
Gold,Gold,,179,85,264,179,85,264,6,0.362547,0.394898,122924.464532,9,1,6,0.043402,14,14
Israel,Israel,,236,169,405,236,169,405,7,0.377362,0.417643,91307.380023,2,1,6,0.076752,6,6
Libya,Libya,,103,60,163,103,60,163,6,0.353228,0.383157,13265.13718,8,1,6,0.1405,3,3
Market,Market,,42,8,50,42,8,50,7,0.284551,0.299863,1867.620893,3,1,6,0.055504,1,1
Middle_East,Middle_East,,209,83,292,209,83,292,7,0.354061,0.386727,47809.767363,2,1,6,0.066391,6,6
Mineral,Mineral,,121,37,158,121,37,158,7,0.306564,0.327548,22383.78653,9,1,6,0.065217,6,6
Natural_gas,Natural_gas,,81,41,122,81,41,122,7,0.335846,0.36271,29937.822011,9,1,6,0.079086,14,14
Newspaper,Newspaper,,39,34,73,39,34,73,7,0.341476,0.366854,9214.905052,3,1,6,0.095238,2,2
Nuclear_power,Nuclear_power,,26,51,77,26,51,77,6,0.354402,0.382593,16113.632084,9,1,6,0.132091,4,4
People%27s_Republic_of_China,People%27s_Republic_of_China,,285,87,372,285,87,372,6,0.348941,0.380846,90369.669829,10,1,6,0.061776,3,3
Petroleum,Petroleum,,170,76,246,170,76,246,6,0.361383,0.392378,83894.714842,9,1,6,0.056272,6,6
Qatar,Qatar,,59,41,100,59,41,100,7,0.341303,0.367002,13655.558089,8,1,6,0.199943,6,6
Richard_Nixon,Richard_Nixon,,49,55,104,49,55,104,7,0.330077,0.357487,8806.444242,11,1,6,0.097103,12,12
Saudi_Arabia,Saudi_Arabia,,110,160,270,110,160,270,6,0.366646,0.405686,40837.818139,8,1,6,0.124149,6,6
Supply_and_demand,Supply_and_demand,,22,12,34,22,12,34,7,0.309749,0.328189,4361.893381,3,1,6,0.112644,1,1
Syria,Syria,,154,66,220,154,66,220,7,0.349724,0.379778,31686.593281,2,1,6,0.082953,6,6
United_Arab_Emirates,United_Arab_Emirates,,59,18,77,59,18,77,7,0.313389,0.334319,1298.00986,8,1,6,0.262704,6,6
Venezuela,Venezuela,,95,51,146,95,51,146,7,0.340501,0.367929,14312.912693,0,1,6,0.10241,3,3
Wood_fuel,Wood_fuel,,1,18,19,1,18,19,6,0.324658,0.34572,43.746049,9,1,6,0.152047,2,2
Yom_Kippur_War,Yom_Kippur_War,,14,50,64,14,50,64,7,0.334406,0.361923,4363.49052,2,1,6,0.215852,7,7
1980_eruption_of_Mount_St._Helens,1980_eruption_of_Mount_St._Helens,,3,43,46,3,43,46,7,0.335041,0.360325,557.373794,9,1,6,0.09899,6,6
Animal,Animal,,492,29,521,492,29,521,7,0.314752,0.335809,129201.304972,7,1,6,0.016495,14,14
Apple,Apple,,23,68,91,23,68,91,7,0.35978,0.390144,25570.100369,6,1,6,0.072719,5,5
Avalanche,Avalanche,,10,16,26,10,16,26,7,0.320956,0.341607,383.880962,9,1,6,0.120553,6,6
Carbon_dioxide,Carbon_dioxide,,115,48,163,115,48,163,6,0.340415,0.366099,46429.293705,9,1,6,0.067511,14,14
Columbia_River,Columbia_River,,16,22,38,16,22,38,7,0.324996,0.346553,1150.28337,11,1,6,0.153782,6,6
Denver%2C_Colorado,Denver%2C_Colorado,,21,18,39,21,18,39,7,0.317786,0.337324,3712.812587,11,1,6,0.107143,6,6
Earth%27s_atmosphere,Earth%27s_atmosphere,,116,27,143,116,27,143,7,0.323208,0.344944,17342.590847,9,1,6,0.066857,6,6
Emotion,Emotion,,17,13,30,17,13,30,7,0.296844,0.313798,1371.271914,3,1,6,0.102564,14,14
Energy,Energy,,85,61,146,85,61,146,7,0.330292,0.358005,53701.074355,9,1,6,0.063745,14,14
Flood,Flood,,49,44,93,49,44,93,7,0.347148,0.374789,18525.115731,9,1,6,0.063445,6,6
Forest,Forest,,65,9,74,65,9,74,7,0.31187,0.33032,4902.654723,7,1,6,0.062335,14,14
Gas,Gas,,72,5,77,72,5,77,7,0.277272,0.290334,1666.609054,9,1,6,0.069234,14,14
Glacier,Glacier,,63,43,106,63,43,106,7,0.340186,0.367426,28458.269876,9,1,6,0.066971,6,6
Human,Human,,165,137,302,165,137,302,7,0.371313,0.408722,183093.873088,3,1,6,0.037009,14,14
Ice,Ice,,40,21,61,40,21,61,7,0.317488,0.337061,3240.597597,9,1,6,0.093831,14,14
Jimmy_Carter,Jimmy_Carter,,36,66,102,36,66,102,7,0.349875,0.381509,14585.892061,11,1,6,0.11024,12,12
Magma,Magma,,35,17,52,35,17,52,7,0.302312,0.320578,3273.962533,9,1,6,0.116327,6,6
Minnesota,Minnesota,,56,62,118,56,62,118,6,0.352246,0.38034,45356.83412,11,1,6,0.051832,6,6
Moon,Moon,,133,48,181,133,48,181,6,0.344523,0.371148,62747.029596,9,1,6,0.052398,14,14
Mount_St._Helens,Mount_St._Helens,,8,24,32,8,24,32,7,0.322386,0.344039,3035.41817,11,1,6,0.146825,6,6
Nuclear_weapon,Nuclear_weapon,,73,32,105,73,32,105,6,0.341648,0.366942,24658.560108,9,1,6,0.09691,7,7
Ocean,Ocean,,76,43,119,76,43,119,7,0.330885,0.356455,32202.098177,9,1,6,0.061629,6,6
Oregon,Oregon,,41,32,73,41,32,73,7,0.337861,0.361448,11012.40984,11,1,6,0.061072,6,6
Potato,Potato,,43,26,69,43,26,69,7,0.323724,0.347156,17251.903092,6,1,6,0.094246,5,5
Radio,Radio,,102,32,134,102,32,134,7,0.326146,0.347971,35958.100136,9,1,6,0.031587,4,4
Rain,Rain,,53,33,86,53,33,86,7,0.343007,0.368005,10769.230239,9,1,6,0.089078,6,6
Seattle%2C_Washington,Seattle%2C_Washington,,36,54,90,36,54,90,7,0.343356,0.370945,14770.484433,11,1,6,0.057061,6,6
Snow,Snow,,59,25,84,59,25,84,7,0.326409,0.349598,15425.589032,9,1,6,0.056444,6,6
Sound,Sound,,35,5,40,35,5,40,8,0.261363,0.273048,2618.483406,5,1,6,0.039118,14,14
Transport,Transport,,61,30,91,61,30,91,7,0.331697,0.354981,15380.376008,11,1,6,0.058003,4,4
Tree,Tree,,62,41,103,62,41,103,7,0.323828,0.346675,30335.833614,6,1,6,0.043978,14,14
U.S._state,U.S._state,,77,46,123,77,46,123,7,0.333251,0.359454,20597.668199,11,1,6,0.081404,6,6
United_States_Congress,United_States_Congress,,65,43,108,65,43,108,7,0.324554,0.348989,12286.534869,11,1,6,0.082346,2,2
Volcano,Volcano,,129,67,196,129,67,196,6,0.346289,0.374864,132085.392478,9,1,6,0.048602,6,6
Wave,Wave,,30,10,40,30,10,40,7,0.277633,0.291858,1597.822565,9,1,6,0.138138,14,14
Wind,Wind,,33,21,54,33,21,54,7,0.316818,0.337129,9015.650426,9,1,6,0.050151,6,6
Yellowstone_National_Park,Yellowstone_National_Park,,18,29,47,18,29,47,7,0.339531,0.363582,15745.672338,7,1,6,0.118467,6,6
1997_Pacific_hurricane_season,1997_Pacific_hurricane_season,,1,16,17,1,16,17,7,0.308717,0.3282,24.503329,11,1,14,0.286765,6,6
Caribbean_Sea,Caribbean_Sea,,59,21,80,59,21,80,7,0.319037,0.340528,4587.410388,11,1,6,0.123944,6,6
El_Ni%C3%B1o-Southern_Oscillation,El_Ni%C3%B1o-Southern_Oscillation,,21,32,53,21,32,53,7,0.323311,0.346661,2367.700786,0,1,6,0.144706,6,6
El_Salvador,El_Salvador,,39,38,77,39,38,77,7,0.329835,0.355536,8365.042558,0,1,6,0.161692,3,3
Guam,Guam,,43,26,69,43,26,69,7,0.331507,0.35544,4358.511099,11,1,6,0.117512,6,6
Johnston_Atoll,Johnston_Atoll,,8,7,15,8,7,15,7,0.304172,0.322522,454.030018,11,1,6,0.247253,6,6
Meteorology,Meteorology,,38,22,60,38,22,60,7,0.323079,0.344747,6128.789421,9,1,6,0.08246,6,6
Nicaragua,Nicaragua,,76,47,123,76,47,123,7,0.347476,0.375319,17025.676277,0,1,6,0.087999,3,3
Palmyra_Atoll,Palmyra_Atoll,,4,15,19,4,15,19,7,0.317861,0.337998,773.156141,11,1,6,0.20915,6,6
Wake_Island,Wake_Island,,11,25,36,11,25,36,7,0.328792,0.35162,3188.894384,11,1,6,0.16221,6,6
Abraham_Lincoln,Abraham_Lincoln,,62,35,97,62,35,97,7,0.321746,0.344493,16429.721641,11,1,6,0.111003,12,12
Aleksandr_Pushkin,Aleksandr_Pushkin,,10,12,22,10,12,22,7,0.295804,0.313372,615.260012,13,1,6,0.194737,12,12
Alexander_Graham_Bell,Alexander_Graham_Bell,,8,19,27,8,19,27,7,0.329005,0.350833,3557.800984,11,1,6,0.119565,12,12
Alfred_Nobel,Alfred_Nobel,,6,15,21,6,15,21,7,0.306124,0.324726,2533.043908,13,1,6,0.102941,12,12
American_Civil_War,American_Civil_War,,145,34,179,145,34,179,7,0.323905,0.347963,27078.801426,11,1,6,0.046278,7,7
Andrew_Jackson,Andrew_Jackson,,22,16,38,22,16,38,7,0.297847,0.315281,2244.737866,11,1,6,0.185484,12,12
Anthropology,Anthropology,,54,42,96,54,42,96,7,0.337468,0.364521,15056.420767,3,1,6,0.06803,6,6
Anton%C3%ADn_Dvo%C5%99%C3%A1k,Anton%C3%ADn_Dvo%C5%99%C3%A1k,,7,21,28,7,21,28,7,0.316249,0.336913,1411.83778,11,1,6,0.11,12,12
Bah%C3%A1%27%C3%AD_Faith,Bah%C3%A1%27%C3%AD_Faith,,41,36,77,41,36,77,7,0.333279,0.358455,6676.059175,2,1,6,0.135911,13,13
Benjamin_Disraeli%2C_1st_Earl_of_Beaconsfield,Benjamin_Disraeli%2C_1st_Earl_of_Beaconsfield,,22,21,43,22,21,43,7,0.31223,0.334041,1110.375076,1,1,6,0.207207,12,12
Bolivia,Bolivia,,68,61,129,68,61,129,7,0.346851,0.375693,15457.497973,0,1,6,0.095189,3,3
Brothers_Grimm,Brothers_Grimm,,8,6,14,8,6,14,7,0.287865,0.303786,187.333436,3,1,6,0.204545,12,12
Charles_Darwin,Charles_Darwin,,56,56,112,56,56,112,7,0.350419,0.37928,45522.774215,7,1,6,0.066366,12,12
Charles_Dickens,Charles_Dickens,,38,24,62,38,24,62,7,0.330346,0.354196,20841.411382,1,1,6,0.08635,12,12
Colombia,Colombia,,97,33,130,97,33,130,7,0.327437,0.3519,6641.892512,0,1,6,0.110698,3,3
Costa_Rica,Costa_Rica,,44,37,81,44,37,81,7,0.336655,0.362583,9093.087612,0,1,6,0.126174,3,3
Cuba,Cuba,,165,71,236,165,71,236,6,0.349453,0.379983,48072.403801,11,1,6,0.074762,3,3
Dmitri_Mendeleev,Dmitri_Mendeleev,,9,22,31,9,22,31,7,0.313947,0.335589,3672.891516,9,1,6,0.156923,12,12
Ecuador,Ecuador,,75,42,117,75,42,117,7,0.334931,0.36138,18512.331774,0,1,6,0.113295,3,3
Erie_Canal,Erie_Canal,,10,16,26,10,16,26,6,0.316003,0.334957,2307.410411,11,1,6,0.202381,6,6
Ethiopia,Ethiopia,,134,129,263,134,129,263,7,0.358761,0.395192,47447.48841,8,1,6,0.101329,3,3
Evolution,Evolution,,116,71,187,116,71,187,7,0.341332,0.369049,101741.815848,7,1,6,0.046728,14,14
Felix_Mendelssohn,Felix_Mendelssohn,,16,25,41,16,25,41,7,0.31662,0.338979,3526.942035,13,1,6,0.166667,12,12
First_Transcontinental_Railroad,First_Transcontinental_Railroad,,12,26,38,12,26,38,7,0.316422,0.337833,7031.391674,11,1,6,0.151515,4,4
Florence_Nightingale,Florence_Nightingale,,7,26,33,7,26,33,7,0.330723,0.354679,1500.621842,1,1,6,0.122581,12,12
Fr%C3%A9d%C3%A9ric_Chopin,Fr%C3%A9d%C3%A9ric_Chopin,,11,34,45,11,34,45,7,0.33048,0.356377,2357.186246,13,1,6,0.17395,12,12
Franz_Schubert,Franz_Schubert,,12,13,25,12,13,25,7,0.291655,0.307901,2354.466416,13,1,6,0.21345,12,12
Friedrich_Nietzsche,Friedrich_Nietzsche,,27,49,76,27,49,76,7,0.327569,0.353849,13813.892358,3,1,6,0.103107,12,12
Fyodor_Dostoevsky,Fyodor_Dostoevsky,,18,26,44,18,26,44,7,0.301614,0.321379,3655.767992,3,1,6,0.106061,12,12
Giuseppe_Verdi,Giuseppe_Verdi,,9,26,35,9,26,35,7,0.317239,0.33889,882.847591,4,1,6,0.134073,9,9
Great_Lakes,Great_Lakes,,46,23,69,46,23,69,6,0.320779,0.342312,11231.964893,11,1,6,0.083616,6,6
Gregor_Mendel,Gregor_Mendel,,17,12,29,17,12,29,7,0.301502,0.318808,2672.026625,7,1,6,0.151667,12,12
Guatemala,Guatemala,,52,40,92,52,40,92,7,0.340472,0.365962,13216.938518,0,1,6,0.125475,3,3
Henrik_Ibsen,Henrik_Ibsen,,15,11,26,15,11,26,7,0.314166,0.334173,872.405968,13,1,6,0.104743,12,12
Henry_James,Henry_James,,14,41,55,14,41,55,7,0.341591,0.368474,3811.59413,3,1,6,0.105171,12,12
Honduras,Honduras,,48,44,92,48,44,92,7,0.338822,0.365,12822.331605,0,1,6,0.10679,3,3
International_Red_Cross_and_Red_Crescent_Movement,International_Red_Cross_and_Red_Crescent_Movement,,6,85,91,6,85,91,7,0.3619,0.395468,7920.410143,13,1,6,0.197395,2,2
J._M._W._Turner,J._M._W._Turner,,12,18,30,12,18,30,7,0.308078,0.328442,7899.811131,1,1,6,0.155172,12,12
James_Clerk_Maxwell,James_Clerk_Maxwell,,27,27,54,27,27,54,7,0.311033,0.331924,10792.652577,9,1,6,0.136715,12,12
Jane_Austen,Jane_Austen,,17,23,40,17,23,40,7,0.315437,0.336808,9948.598099,1,1,6,0.148674,12,12
Jesus,Jesus,,116,59,175,116,59,175,7,0.329915,0.357865,34867.221646,2,1,6,0.045538,12,12
Karl_Marx,Karl_Marx,,50,63,113,50,63,113,7,0.340844,0.370155,14391.064641,3,1,6,0.094737,12,12
Leo_Tolstoy,Leo_Tolstoy,,22,29,51,22,29,51,7,0.320576,0.343735,4598.233513,3,1,6,0.089323,12,12
Literature,Literature,,80,44,124,80,44,124,7,0.330777,0.355744,25558.136712,3,1,6,0.06659,9,9
London_Underground,London_Underground,,27,11,38,27,11,38,7,0.298308,0.315706,6971.384009,1,1,6,0.063814,4,4
Louis_Pasteur,Louis_Pasteur,,10,15,25,10,15,25,7,0.316942,0.336025,1881.750671,7,1,6,0.098814,12,12
Ludwig_van_Beethoven,Ludwig_van_Beethoven,,29,12,41,29,12,41,7,0.29428,0.311482,1390.012848,13,1,6,0.141176,12,12
Manifest_Destiny,Manifest_Destiny,,9,52,61,9,52,61,7,0.337159,0.364478,10067.558064,11,1,6,0.140351,7,7
Marie_Curie,Marie_Curie,,10,17,27,10,17,27,7,0.322488,0.344525,4322.890326,9,1,6,0.164502,12,12
Mark_Twain,Mark_Twain,,33,17,50,33,17,50,6,0.314459,0.333851,26257.451572,11,1,6,0.055042,12,12
Mediterranean_Sea,Mediterranean_Sea,,192,61,253,192,61,253,7,0.336963,0.366014,35337.976932,2,1,6,0.060004,6,6
Michael_Faraday,Michael_Faraday,,15,16,31,15,16,31,7,0.3112,0.330456,4425.743898,9,1,6,0.185185,12,12
Music,Music,,99,24,123,99,24,123,7,0.31264,0.333576,20783.37073,3,1,6,0.049428,11,11
Natural_selection,Natural_selection,,44,16,60,44,16,60,7,0.300809,0.318555,10926.506041,7,1,6,0.093469,14,14
Niccol%C3%B2_Paganini,Niccol%C3%B2_Paganini,,6,14,20,6,14,20,7,0.302357,0.320236,281.329302,4,1,6,0.279412,12,12
Nikola_Tesla,Nikola_Tesla,,15,53,68,15,53,68,6,0.345786,0.373166,9183.812021,9,1,6,0.09918,12,12
Oil_refinery,Oil_refinery,,19,18,37,19,18,37,7,0.322771,0.343875,6233.909129,9,1,6,0.087395,1,1
Otto_von_Bismarck,Otto_von_Bismarck,,9,26,35,9,26,35,6,0.333498,0.357297,710.032901,4,1,6,0.201426,12,12
Panama,Panama,,66,28,94,66,28,94,7,0.325701,0.349612,3875.566538,0,1,6,0.104272,3,3
Peru,Peru,,124,93,217,124,93,217,7,0.354092,0.38816,73561.354428,0,1,6,0.069389,3,3
Politics,Politics,,91,56,147,91,56,147,6,0.341045,0.369047,20121.203908,3,1,6,0.080776,2,2
Postage_stamp,Postage_stamp,,23,18,41,23,18,41,7,0.326199,0.348074,2225.902348,11,1,6,0.053306,5,5
Pyotr_Ilyich_Tchaikovsky,Pyotr_Ilyich_Tchaikovsky,,17,21,38,17,21,38,7,0.324424,0.345741,2859.676792,13,1,6,0.121212,12,12
Red_Sea,Red_Sea,,57,32,89,57,32,89,7,0.322565,0.347257,8161.639285,2,1,6,0.106812,6,6
Religion,Religion,,168,47,215,168,47,215,7,0.333005,0.359136,43690.394267,3,1,6,0.04416,13,13
Richard_Wagner,Richard_Wagner,,34,43,77,34,43,77,7,0.329567,0.356229,17980.54028,13,1,6,0.102644,9,9
Robert_Schumann,Robert_Schumann,,16,15,31,16,15,31,7,0.289861,0.307024,797.675542,13,1,6,0.240942,12,12
Romania,Romania,,151,58,209,151,58,209,7,0.338313,0.367549,24147.15306,13,1,6,0.121475,6,6
Romanticism,Romanticism,,76,40,116,76,40,116,7,0.331074,0.355894,19376.066263,3,1,6,0.06495,7,7
S%C3%B8ren_Kierkegaard,S%C3%B8ren_Kierkegaard,,9,31,40,9,31,40,7,0.315462,0.338664,2972.720484,3,1,6,0.150568,12,12
Samuel_Taylor_Coleridge,Samuel_Taylor_Coleridge,,21,22,43,21,22,43,7,0.322642,0.344368,8649.713204,1,1,6,0.106061,12,12
Scramble_for_Africa,Scramble_for_Africa,,20,134,154,20,134,154,6,0.369217,0.406409,11931.425728,8,1,6,0.125048,7,7
Shaka,Shaka,,2,3,5,2,3,5,7,0.283022,0.297301,18.624757,12,1,6,0.333333,12,12
Sitting_Bull,Sitting_Bull,,3,8,11,3,8,11,7,0.303784,0.321613,1687.803451,11,1,6,0.177778,12,12
Slavery,Slavery,,118,102,220,118,102,220,7,0.367943,0.402411,45195.031552,2,1,6,0.062608,2,2
Socialism,Socialism,,99,41,140,99,41,140,7,0.327649,0.353801,15288.442149,3,1,6,0.078851,2,2
Southern_Africa,Southern_Africa,,35,57,92,35,57,92,7,0.340959,0.370038,12701.392084,8,1,6,0.135601,6,6
Suez_Canal,Suez_Canal,,45,25,70,45,25,70,7,0.330561,0.355244,7327.728887,2,1,6,0.148087,4,4
Telephone,Telephone,,43,14,57,43,14,57,7,0.314166,0.333771,6052.463105,11,1,6,0.0587,4,4
Telephone_exchange,Telephone_exchange,,2,3,5,2,3,5,7,0.290714,0.306581,20.263267,11,1,6,0.416667,4,4
The_Origin_of_Species,The_Origin_of_Species,,15,20,35,15,20,35,7,0.322386,0.34236,3094.576606,7,1,6,0.149015,14,14
Tibet,Tibet,,62,29,91,62,29,91,7,0.316818,0.339158,7512.388357,10,1,6,0.080586,3,3
Ulysses_S._Grant,Ulysses_S._Grant,,26,33,59,26,33,59,7,0.318636,0.341832,6058.589152,11,1,6,0.136968,12,12
Uruguay,Uruguay,,56,25,81,56,25,81,7,0.327543,0.351199,1978.98771,0,1,6,0.147723,3,3
Victor_Hugo,Victor_Hugo,,12,31,43,12,31,43,7,0.31846,0.341754,1132.804883,4,1,6,0.119048,12,12
Victoria_of_the_United_Kingdom,Victoria_of_the_United_Kingdom,,77,50,127,77,50,127,7,0.336991,0.364638,32274.802092,1,1,6,0.060897,12,12
Vincent_van_Gogh,Vincent_van_Gogh,,18,29,47,18,29,47,7,0.324476,0.346705,10339.590902,4,1,6,0.126597,12,12
Walt_Whitman,Walt_Whitman,,12,15,27,12,15,27,6,0.312086,0.3321,4842.628981,3,1,6,0.130435,12,12
William_Ewart_Gladstone,William_Ewart_Gladstone,,20,40,60,20,40,60,7,0.330561,0.357631,2542.773235,1,1,6,0.133107,12,12
World_War_I,World_War_I,,404,82,486,404,82,486,6,0.355365,0.387806,142652.083569,13,1,6,0.037545,7,7
Zionism,Zionism,,25,74,99,25,74,99,7,0.358222,0.390279,5067.914675,13,1,6,0.153899,13,13
Zulu,Zulu,,14,15,29,14,15,29,7,0.30982,0.330183,3401.160575,12,1,6,0.268775,6,6
1_Ceres,1_Ceres,,12,32,44,12,32,44,7,0.320272,0.341739,2089.563654,9,1,6,0.191597,14,14
3_Juno,3_Juno,,5,9,14,5,9,14,7,0.294944,0.311589,44.794751,9,1,6,0.462121,14,14
4_Vesta,4_Vesta,,7,21,28,7,21,28,7,0.309159,0.328796,263.338803,9,1,6,0.289855,14,14
90377_Sedna,90377_Sedna,,8,16,24,8,16,24,7,0.316917,0.336134,986.379997,9,1,6,0.342105,14,14
Asteroid,Asteroid,,56,19,75,56,19,75,7,0.304606,0.322952,13723.436512,9,1,6,0.094742,14,14
Cerium,Cerium,,13,29,42,13,29,42,7,0.309253,0.330857,733.529528,9,1,6,0.256629,14,14
Cornell_University,Cornell_University,,26,68,94,26,68,94,7,0.358666,0.388368,24093.959788,11,1,6,0.080252,2,2
Definition_of_planet,Definition_of_planet,,9,31,40,9,31,40,7,0.307144,0.327234,426.283921,9,1,6,0.341355,14,14
Eris_%28dwarf_planet%29,Eris_%28dwarf_planet%29,,6,23,29,6,23,29,7,0.310961,0.330547,164.133864,9,1,6,0.318841,14,14
Fresh_water,Fresh_water,,31,11,42,31,11,42,7,0.298571,0.315403,2776.791834,9,1,6,0.0503,6,6
Gravitation,Gravitation,,114,27,141,114,27,141,7,0.324814,0.346724,27536.826668,9,1,6,0.075678,14,14
Hubble_Space_Telescope,Hubble_Space_Telescope,,46,44,90,46,44,90,7,0.343181,0.368651,18701.670555,9,1,6,0.097232,14,14
Kuiper_belt,Kuiper_belt,,13,13,26,13,13,26,8,0.283556,0.298702,586.626503,9,1,6,0.334211,14,14
Mars,Mars,,51,60,111,51,60,111,7,0.337918,0.365251,38171.959081,9,1,6,0.098794,14,14
Milan,Milan,,76,31,107,76,31,107,7,0.32254,0.346391,13227.479339,4,1,6,0.078723,6,6
Palladium,Palladium,,18,36,54,18,36,54,7,0.326278,0.351754,1805.698721,9,1,6,0.200798,14,14
Pluto,Pluto,,21,32,53,21,32,53,7,0.320677,0.341778,5525.243087,9,1,6,0.208974,14,14
Roman_mythology,Roman_mythology,,28,9,37,28,9,37,8,0.289737,0.3052,1564.241714,9,1,6,0.147312,13,13
Ultraviolet,Ultraviolet,,85,34,119,85,34,119,7,0.311128,0.333139,29477.104207,9,1,6,0.054178,14,14
Venus,Venus,,37,63,100,37,63,100,7,0.349453,0.377517,21486.483624,9,1,6,0.098752,14,14
Augustus,Augustus,,39,14,53,39,14,53,7,0.295653,0.314778,1652.37172,4,1,6,0.132747,12,12
Boudica,Boudica,,5,22,27,5,22,27,7,0.308078,0.329007,6196.938717,1,1,6,0.110672,12,12
Claudius,Claudius,,16,13,29,16,13,29,7,0.289882,0.307664,695.540956,4,1,6,0.155797,12,12
Josephus,Josephus,,9,13,22,9,13,22,7,0.306587,0.325854,610.399953,2,1,6,0.176316,7,7
Mount_Vesuvius,Mount_Vesuvius,,6,25,31,6,25,31,7,0.32633,0.348745,2602.023925,4,1,6,0.108466,6,6
Paul_of_Tarsus,Paul_of_Tarsus,,37,10,47,37,10,47,7,0.288705,0.306164,1382.881019,2,1,6,0.070825,12,12
Pompeii,Pompeii,,23,13,36,23,13,36,7,0.30367,0.321399,1244.593353,4,1,6,0.094697,7,7
Anno_Domini,Anno_Domini,,62,36,98,62,36,98,7,0.329058,0.355185,10179.205156,2,1,6,0.106785,7,7
Cleopatra_VII,Cleopatra_VII,,17,18,35,17,18,35,7,0.303579,0.322507,2828.461336,4,1,6,0.17734,12,12
Julius_Caesar,Julius_Caesar,,49,21,70,49,21,70,7,0.305294,0.326768,11172.252582,4,1,6,0.068868,12,12
Mark_Antony,Mark_Antony,,16,19,35,16,19,35,7,0.315781,0.338475,1146.486084,4,1,6,0.2,12,12
Rome,Rome,,215,71,286,215,71,286,7,0.349935,0.381916,58746.643627,4,1,6,0.046048,6,6
Virgil,Virgil,,29,30,59,29,30,59,7,0.33005,0.354644,7979.506228,4,1,6,0.107744,12,12
2-6-0,2-6-0,,2,4,6,2,4,6,7,0.301614,0.319044,141.705048,11,1,6,0.3,4,4
4-4-0,4-4-0,,8,10,18,8,10,18,7,0.286887,0.303301,11427.501871,11,1,6,0.082418,4,4
4-6-0,4-6-0,,5,5,10,5,5,10,7,0.298373,0.315212,238.638543,11,1,6,0.180556,4,4
2-8-0,2-8-0,,2,6,8,2,6,8,7,0.300608,0.318713,2202.258809,11,1,6,0.380952,4,4
Pennsylvania_Railroad,Pennsylvania_Railroad,,28,14,42,28,14,42,7,0.3112,0.330991,7321.424368,11,1,6,0.085976,4,4
2003_Atlantic_hurricane_season,2003_Atlantic_hurricane_season,,8,18,26,8,18,26,7,0.303103,0.321873,14100.61169,11,1,6,0.207895,6,6
2004_Atlantic_hurricane_season,2004_Atlantic_hurricane_season,,15,40,55,15,40,55,7,0.320044,0.343387,15052.071345,11,1,6,0.213178,6,6
2005_Atlantic_hurricane_season,2005_Atlantic_hurricane_season,,26,56,82,26,56,82,7,0.333114,0.359026,45482.085001,11,1,6,0.128904,6,6
Banana,Banana,,42,60,102,42,60,102,7,0.348342,0.378055,13147.534095,6,1,6,0.078071,5,5
Bermuda,Bermuda,,45,35,80,45,35,80,7,0.343007,0.369868,10347.558911,11,1,6,0.106257,3,3
Dominican_Republic,Dominican_Republic,,64,31,95,64,31,95,7,0.332923,0.358019,3576.185789,11,1,6,0.118904,3,3
Gulf_of_Mexico,Gulf_of_Mexico,,59,21,80,59,21,80,7,0.332813,0.354303,16045.334261,11,1,6,0.096894,6,6
Haiti,Haiti,,84,25,109,84,25,109,7,0.325283,0.349558,4672.36685,11,1,6,0.145382,3,3
Tropical_Storm_Ana_%282003%29,Tropical_Storm_Ana_%282003%29,,3,6,9,3,6,9,7,0.291613,0.307446,1943.025701,11,1,6,0.357143,6,6
Tropical_Storm_Henri_%282003%29,Tropical_Storm_Henri_%282003%29,,1,12,13,1,12,13,7,0.315339,0.335589,54.176059,11,1,6,0.333333,6,6
Tropical_Storm_Larry_%282003%29,Tropical_Storm_Larry_%282003%29,,1,8,9,1,8,9,7,0.299741,0.317576,17.862661,11,1,6,0.357143,6,6
Tropical_Storm_Odette_%282003%29,Tropical_Storm_Odette_%282003%29,,1,13,14,1,13,14,7,0.289592,0.304846,10.345829,11,1,6,0.269231,6,6
Canal,Canal,,41,23,64,41,23,64,6,0.329219,0.35192,5302.182777,11,1,6,0.061495,4,4
Cape_Verde,Cape_Verde,,62,28,90,62,28,90,7,0.33205,0.356728,6447.15375,8,1,6,0.237342,3,3
Cayman_Islands,Cayman_Islands,,22,22,44,22,22,44,7,0.325518,0.347708,11322.64544,8,1,6,0.156545,3,3
Grenada,Grenada,,40,34,74,40,34,74,7,0.339958,0.366098,7415.172436,8,1,6,0.143625,3,3
Hurricane_Alex_%282004%29,Hurricane_Alex_%282004%29,,2,6,8,2,6,8,7,0.282548,0.296894,4589.78007,11,1,6,0.380952,6,6
Hurricane_Camille,Hurricane_Camille,,9,22,31,9,22,31,7,0.322668,0.344456,721.408832,11,1,6,0.298419,6,6
Hurricane_Charley,Hurricane_Charley,,7,21,28,7,21,28,7,0.319691,0.34148,3978.634286,11,1,6,0.355731,6,6
Hurricane_Georges,Hurricane_Georges,,6,19,25,6,19,25,7,0.317712,0.338783,499.598092,11,1,6,0.300725,6,6
Hurricane_Ivan,Hurricane_Ivan,,15,33,48,15,33,48,6,0.323131,0.345819,2850.158692,11,1,6,0.234234,6,6
Hurricane_Katrina,Hurricane_Katrina,,49,54,103,49,54,103,7,0.341131,0.368922,37700.302046,11,1,6,0.100402,6,6
Hurricane_Mitch,Hurricane_Mitch,,10,33,43,10,33,43,7,0.324918,0.348091,5552.236404,11,1,6,0.268939,6,6
Jamaica,Jamaica,,89,44,133,89,44,133,6,0.348491,0.376406,14223.73865,11,1,6,0.104062,3,3
Labor_Day_Hurricane_of_1935,Labor_Day_Hurricane_of_1935,,9,20,29,9,20,29,7,0.314752,0.335334,10928.634182,11,1,6,0.298701,6,6
Richmond%2C_Virginia,Richmond%2C_Virginia,,23,45,68,23,45,68,6,0.35133,0.378157,8907.74214,11,1,6,0.102279,6,6
Tropical_Storm_Bonnie_%282004%29,Tropical_Storm_Bonnie_%282004%29,,2,26,28,2,26,28,6,0.322822,0.345087,32.069005,11,1,6,0.232308,6,6
Tropical_Storm_Matthew_%282004%29,Tropical_Storm_Matthew_%282004%29,,2,7,9,2,7,9,7,0.305271,0.323599,5.175517,11,1,6,0.571429,6,6
Turks_and_Caicos_Islands,Turks_and_Caicos_Islands,,20,22,42,20,22,42,7,0.326646,0.349279,2178.631545,11,1,6,0.207681,3,3
West_Virginia,West_Virginia,,34,35,69,34,35,69,6,0.329326,0.353235,10146.117467,11,1,6,0.078814,6,6
2005_Sumatra_earthquake,2005_Sumatra_earthquake,,2,21,23,2,21,23,7,0.307261,0.327334,55.774971,10,1,6,0.281385,6,6
Agriculture,Agriculture,,241,57,298,241,57,298,7,0.341045,0.369765,103737.438758,6,1,6,0.042581,5,5
Antarctica,Antarctica,,104,64,168,104,64,168,7,0.359238,0.388824,86236.391397,7,1,6,0.055603,6,6
Arctic,Arctic,,53,28,81,53,28,81,7,0.326251,0.348481,28220.150577,7,1,6,0.088022,6,6
Bangladesh,Bangladesh,,99,50,149,99,50,149,7,0.339077,0.366786,30107.689212,10,1,6,0.100117,3,3
Bay_of_Bengal,Bay_of_Bengal,,24,8,32,24,8,32,7,0.284691,0.299646,373.367097,10,1,6,0.188406,6,6
Bill_Clinton,Bill_Clinton,,64,67,131,64,67,131,7,0.332213,0.360694,26122.03604,11,1,6,0.07707,12,12
Biodiversity,Biodiversity,,60,40,100,60,40,100,7,0.343967,0.370519,23837.324752,7,1,6,0.081685,14,14
Cholera,Cholera,,38,29,67,38,29,67,7,0.335235,0.360469,9780.154966,0,1,6,0.056068,14,14
Dune,Dune,,10,28,38,10,28,38,7,0.330372,0.353035,3187.440535,9,1,6,0.070635,6,6
George_H._W._Bush,George_H._W._Bush,,32,46,78,32,46,78,7,0.334571,0.361748,5589.139707,11,1,6,0.122837,12,12
George_W._Bush,George_W._Bush,,114,84,198,114,84,198,7,0.357118,0.38965,48642.537094,11,1,6,0.065899,12,12
Great_Barrier_Reef,Great_Barrier_Reef,,11,16,27,11,16,27,7,0.312495,0.330981,4075.724693,7,1,6,0.115,6,6
Infrastructure,Infrastructure,,47,11,58,47,11,58,7,0.302199,0.320314,3077.34066,8,1,6,0.045739,1,1
Kerala,Kerala,,26,37,63,26,37,63,7,0.322822,0.345606,19279.624144,10,1,6,0.068013,6,6
Kofi_Annan,Kofi_Annan,,21,34,55,21,34,55,7,0.337636,0.363549,1224.677916,8,1,6,0.186531,12,12
Krakatoa,Krakatoa,,4,24,28,4,24,28,7,0.322232,0.344841,580.862011,10,1,6,0.17,6,6
Lake_Toba,Lake_Toba,,5,13,18,5,13,18,7,0.300007,0.31748,1917.243871,10,1,6,0.258333,6,6
Maldives,Maldives,,43,34,77,43,34,77,7,0.333553,0.359131,3414.677875,8,1,6,0.229193,3,3
Modern_history,Modern_history,,2,100,102,2,100,102,6,0.376696,0.410146,712.268538,3,1,6,0.118618,7,7
Natural_disaster,Natural_disaster,,16,64,80,16,64,80,6,0.35524,0.38515,5431.56776,9,1,6,0.098568,6,6
Radar,Radar,,43,24,67,43,24,67,7,0.31529,0.336729,7415.882027,9,1,6,0.036298,4,4
Royal_Navy,Royal_Navy,,97,64,161,97,64,161,7,0.355552,0.384495,42825.019043,1,1,6,0.066616,7,7
Salt,Salt,,76,29,105,76,29,105,7,0.316472,0.338858,12582.091731,9,1,6,0.057346,14,14
Seawater,Seawater,,15,25,40,15,25,40,7,0.310699,0.330777,3792.504988,9,1,6,0.108734,6,6
South_China_Sea,South_China_Sea,,20,22,42,20,22,42,7,0.313874,0.335316,723.124246,10,1,6,0.190731,6,6
Tokyo,Tokyo,,73,41,114,73,41,114,6,0.345521,0.373273,15027.580212,10,1,6,0.103267,6,6
Vegetation,Vegetation,,20,5,25,20,5,25,8,0.276799,0.290761,753.458681,7,1,6,0.031667,14,14
Belize,Belize,,40,43,83,40,43,83,7,0.349152,0.376363,6095.939642,8,1,6,0.124547,3,3
Citrus,Citrus,,33,23,56,33,23,56,7,0.325649,0.348541,14633.434942,6,1,6,0.089539,14,14
Coffee,Coffee,,59,28,87,59,28,87,7,0.323363,0.346817,7229.387899,8,1,6,0.081173,5,5
Houston%2C_Texas,Houston%2C_Texas,,45,43,88,45,43,88,7,0.340758,0.366558,20047.898673,11,1,6,0.062346,6,6
Hurricane_Andrew,Hurricane_Andrew,,15,23,38,15,23,38,7,0.324113,0.345616,2750.771352,11,1,6,0.223545,6,6
Hurricane_Dennis,Hurricane_Dennis,,3,20,23,3,20,23,7,0.310271,0.330207,6770.21478,11,1,6,0.357895,6,6
Hurricane_Epsilon_%282005%29,Hurricane_Epsilon_%282005%29,,4,5,9,4,5,9,7,0.28638,0.301461,51.388803,11,1,6,0.404762,6,6
Hurricane_Floyd,Hurricane_Floyd,,6,14,20,6,14,20,7,0.31662,0.337874,302.720113,11,1,6,0.287582,6,6
Hurricane_Lenny,Hurricane_Lenny,,4,17,21,4,17,21,7,0.31001,0.329743,464.819019,11,1,6,0.210526,6,6
Hurricane_Philippe_%282005%29,Hurricane_Philippe_%282005%29,,1,5,6,1,5,6,7,0.292159,0.309095,5.05422,11,1,6,0.3,6,6
Hurricane_Vince_%282005%29,Hurricane_Vince_%282005%29,,1,6,7,1,6,7,7,0.291634,0.308281,0.903883,11,1,6,0.666667,6,6
International_Space_Station,International_Space_Station,,39,22,61,39,22,61,7,0.325126,0.346728,14315.74344,11,1,6,0.099216,14,14
Refining,Refining,,2,8,10,2,8,10,7,0.285473,0.300232,78.542334,9,1,6,0.111111,1,1
Tropical_Storm_Delta_%282005%29,Tropical_Storm_Delta_%282005%29,,1,8,9,1,8,9,7,0.292813,0.309002,13.844625,11,1,6,0.178571,6,6
Tropical_Storm_Franklin_%282005%29,Tropical_Storm_Franklin_%282005%29,,1,8,9,1,8,9,7,0.299409,0.317241,3.650799,11,1,6,0.535714,6,6
Tropical_Storm_Harvey_%282005%29,Tropical_Storm_Harvey_%282005%29,,1,5,6,1,5,6,7,0.296172,0.31334,3.650799,11,1,6,0.6,6,6
Tropical_Storm_Lee_%282005%29,Tropical_Storm_Lee_%282005%29,,1,6,7,1,6,7,7,0.295697,0.313124,4.795728,11,1,6,0.4,6,6
Tropical_Storm_Zeta_%282005%29,Tropical_Storm_Zeta_%282005%29,,1,4,5,1,4,5,7,0.27552,0.288496,0,11,1,6,0.75,6,6
Vegetable,Vegetable,,43,25,68,43,25,68,7,0.316645,0.337543,11732.477062,6,1,6,0.070148,14,14
2005_Hertfordshire_Oil_Storage_Terminal_fire,2005_Hertfordshire_Oil_Storage_Terminal_fire,,0,10,10,0,10,10,7,0.31068,0.329725,0,1,1,15,0.333333,7,7
Library,Library,,33,60,93,33,60,93,6,0.352154,0.381997,13822.444111,2,1,6,0.07048,5,5
M1_motorway,M1_motorway,,7,15,22,7,15,22,7,0.306703,0.325886,151.489022,1,1,6,0.383333,4,4
Ozone,Ozone,,32,43,75,32,43,75,7,0.316397,0.339482,7203.666871,9,1,6,0.104697,6,6
Pollution,Pollution,,46,41,87,46,41,87,6,0.349152,0.375193,16198.697745,9,1,6,0.079193,2,2
2005_Kashmir_earthquake,2005_Kashmir_earthquake,,5,12,17,5,12,17,7,0.29963,0.31673,591.066176,10,1,6,0.195833,6,6
Karachi,Karachi,,20,30,50,20,30,50,7,0.316991,0.339984,1097.204301,10,1,6,0.157505,6,6
Kashmir_region,Kashmir_region,,30,18,48,30,18,48,7,0.310866,0.330696,2581.087181,10,1,6,0.12622,6,6
Measles,Measles,,11,16,27,11,16,27,7,0.311271,0.330894,1030.313832,0,1,6,0.133846,14,14
Muhammad,Muhammad,,41,37,78,41,37,78,7,0.315364,0.338882,7323.052458,2,1,6,0.118951,12,12
Winter,Winter,,58,40,98,58,40,98,7,0.35243,0.37751,44542.173376,9,1,6,0.055184,6,6
2005_Lake_Tanganyika_earthquake,2005_Lake_Tanganyika_earthquake,,0,15,15,0,15,15,7,0.299682,0.317751,0,8,1,16,0.347619,6,6
African_Great_Lakes,African_Great_Lakes,,10,22,32,10,22,32,7,0.30408,0.324545,1431.733551,8,1,6,0.231527,6,6
Burundi,Burundi,,55,33,88,55,33,88,7,0.325753,0.351448,3152.783825,8,1,6,0.244673,3,3
Democratic_Republic_of_the_Congo,Democratic_Republic_of_the_Congo,,79,145,224,79,145,224,7,0.360933,0.399209,32338.638216,8,1,6,0.143462,6,6
East_Africa,East_Africa,,47,47,94,47,47,94,7,0.337524,0.365177,10452.806915,8,1,6,0.174641,6,6
Great_Rift_Valley,Great_Rift_Valley,,28,20,48,28,20,48,7,0.310318,0.330504,5185.353765,8,1,6,0.195195,6,6
Kenya,Kenya,,105,133,238,105,133,238,7,0.372029,0.40922,50895.555916,8,1,6,0.126075,3,3
Lake_Tanganyika,Lake_Tanganyika,,23,11,34,23,11,34,7,0.293555,0.311359,985.891761,8,1,6,0.237154,6,6
Second_Congo_War,Second_Congo_War,,13,53,66,13,53,66,7,0.340443,0.368885,2672.749722,8,1,6,0.181704,7,7
Tanzania,Tanzania,,95,122,217,95,122,217,7,0.359972,0.395883,28119.891145,8,1,6,0.145672,3,3
Zinc,Zinc,,68,36,104,68,36,104,7,0.33148,0.357323,18022.913142,9,1,6,0.095409,14,14
Bangkok,Bangkok,,20,29,49,20,29,49,7,0.327994,0.352128,1465.316032,10,1,6,0.161205,6,6
Jakarta,Jakarta,,29,31,60,29,31,60,6,0.339304,0.364521,4040.417697,10,1,6,0.17911,6,6
John_Howard,John_Howard,,13,25,38,13,25,38,6,0.337665,0.362222,1201.970526,11,1,6,0.189076,12,12
Kuala_Lumpur,Kuala_Lumpur,,20,9,29,20,9,29,7,0.309324,0.327177,769.235483,10,1,6,0.117725,6,6
Madagascar,Madagascar,,104,151,255,104,151,255,7,0.367676,0.406498,30484.417205,8,1,6,0.132747,3,3
Mauritius,Mauritius,,75,40,115,75,40,115,7,0.346555,0.373132,18041.54461,8,1,6,0.191414,3,3
Seychelles,Seychelles,,54,30,84,54,30,84,7,0.329139,0.354054,3274.087446,8,1,6,0.272727,6,6
AIDS,AIDS,,77,40,117,77,40,117,7,0.34703,0.374801,18620.411101,8,1,6,0.083883,14,14
Alzheimer%27s_disease,Alzheimer%27s_disease,,13,9,22,13,9,22,7,0.295201,0.311505,2582.801792,6,1,6,0.065359,14,14
Atonality,Atonality,,4,10,14,4,10,14,7,0.301772,0.320111,106.848826,13,1,6,0.275641,11,11
Automobile,Automobile,,86,31,117,86,31,117,7,0.341965,0.367146,25275.643586,11,1,6,0.066039,4,4
Birth_control,Birth_control,,19,22,41,19,22,41,7,0.320931,0.343111,7673.908024,3,1,6,0.104552,14,14
Cancer,Cancer,,96,34,130,96,34,130,7,0.341275,0.365164,39781.306237,9,1,6,0.033058,14,14
Communism,Communism,,175,59,234,175,59,234,7,0.342399,0.373074,29547.014776,13,1,6,0.071432,2,2
Computer,Computer,,87,36,123,87,36,123,7,0.305087,0.325476,132678.259238,5,1,6,0.037281,8,8
Cubism,Cubism,,19,11,30,19,11,30,7,0.301502,0.3186,865.51679,4,1,6,0.162393,0,0
Existentialism,Existentialism,,16,23,39,16,23,39,7,0.311918,0.333622,3027.891936,3,1,6,0.145161,13,13
Expressionism,Expressionism,,14,12,26,14,12,26,7,0.29983,0.317585,706.534176,4,1,6,0.124506,0,0
Fascism,Fascism,,52,43,95,52,43,95,7,0.326646,0.352837,8251.178696,13,1,6,0.107799,2,2
Fashion,Fashion,,18,26,44,18,26,44,7,0.317488,0.339435,8439.743052,3,1,6,0.094657,5,5
Film,Film,,140,19,159,140,19,159,7,0.320956,0.341219,36910.808554,3,1,6,0.022461,5,5
Integrated_circuit,Integrated_circuit,,25,23,48,25,23,48,7,0.305248,0.325048,6532.558605,9,1,6,0.106312,14,14
Internet,Internet,,121,33,154,121,33,154,7,0.334378,0.359055,54999.437915,5,1,6,0.041615,8,8
Jazz,Jazz,,80,26,106,80,26,106,7,0.324113,0.346417,35591.870257,11,1,6,0.0657,11,11
Jet_engine,Jet_engine,,15,11,26,15,11,26,7,0.30367,0.32155,5784.135761,9,1,6,0.112648,4,4
Mass_media,Mass_media,,54,48,102,54,48,102,7,0.338567,0.365016,36546.926093,3,1,6,0.05731,5,5
Moore%27s_Law,Moore%27s_Law,,1,16,17,1,16,17,7,0.293194,0.310374,632.511701,9,1,6,0.150735,8,8
Nationalism,Nationalism,,79,108,187,79,108,187,7,0.364864,0.400771,28624.673767,3,1,6,0.097919,2,2
Nazism,Nazism,,122,50,172,122,50,172,7,0.338228,0.366324,22918.94247,13,1,6,0.068534,7,7
Nitrogen,Nitrogen,,109,46,155,109,46,155,7,0.324814,0.350509,31442.10665,9,1,6,0.074185,14,14
Physics,Physics,,128,107,235,128,107,235,7,0.352675,0.385922,109431.660121,9,1,6,0.059788,14,14
Quantum_mechanics,Quantum_mechanics,,62,41,103,62,41,103,7,0.313486,0.336236,18136.9842,9,1,6,0.113117,14,14
Russian_Revolution_of_1917,Russian_Revolution_of_1917,,46,18,64,46,18,64,7,0.304514,0.324433,10128.147329,13,1,6,0.173655,7,7
Scurvy,Scurvy,,17,20,37,17,20,37,7,0.314239,0.334724,7362.610813,6,1,6,0.079637,14,14
Technology,Technology,,70,38,108,70,38,108,7,0.328525,0.352426,17402.514245,3,1,6,0.052475,9,9
Television,Television,,158,21,179,158,21,179,7,0.312158,0.331513,21488.924485,11,1,6,0.028254,5,5
Tobacco_smoking,Tobacco_smoking,,25,40,65,25,40,65,6,0.345462,0.371004,15870.519977,11,1,6,0.075706,14,14
Trench_warfare,Trench_warfare,,18,50,68,18,50,68,6,0.345727,0.373018,6313.068848,13,1,6,0.117967,7,7
Vietnam_War,Vietnam_War,,89,31,120,89,31,120,7,0.323414,0.347491,9257.829375,11,1,6,0.066126,7,7
Vitamin,Vitamin,,30,27,57,30,27,57,7,0.323182,0.345999,17450.034222,6,1,6,0.067177,14,14
War,War,,83,43,126,83,43,126,7,0.326094,0.351838,28030.879153,3,1,6,0.062816,7,7
African_Union,African_Union,,38,89,127,38,89,127,7,0.334213,0.36559,8421.637028,8,1,6,0.231579,2,2
Archbishop_of_Canterbury,Archbishop_of_Canterbury,,70,26,96,70,26,96,7,0.311128,0.333016,6534.750446,1,1,6,0.11506,12,12
Argentina,Argentina,,189,163,352,189,163,352,6,0.386537,0.425308,160259.125139,0,1,6,0.059543,3,3
Ariel_Sharon,Ariel_Sharon,,8,28,36,8,28,36,7,0.327411,0.351884,1331.404799,2,1,6,0.170363,12,12
Arnold_Schwarzenegger,Arnold_Schwarzenegger,,10,18,28,10,18,28,7,0.322951,0.344732,2620.237083,11,1,6,0.14,12,12
Bill_Gates,Bill_Gates,,15,26,41,15,26,41,7,0.331534,0.354677,5573.65114,5,1,6,0.080297,12,12
Black_hole,Black_hole,,17,25,42,17,25,42,7,0.311463,0.330643,2926.131705,9,1,6,0.222816,14,14
Blade_Runner,Blade_Runner,,4,32,36,4,32,36,7,0.336459,0.360219,2647.483853,3,1,6,0.088235,5,5
C%C3%B4te_d%27Ivoire,C%C3%B4te_d%27Ivoire,,62,44,106,62,44,106,7,0.331182,0.357509,8264.787809,8,1,6,0.244078,3,3
Capitalism,Capitalism,,87,47,134,87,47,134,6,0.340072,0.366802,26709.96853,3,1,6,0.092568,2,2
Cassini-Huygens,Cassini-Huygens,,14,18,32,14,18,32,7,0.307214,0.325474,1015.972838,9,1,6,0.17328,14,14
Civilization,Civilization,,58,121,179,58,121,179,7,0.36751,0.40288,39132.650439,2,1,6,0.073913,2,2
Comet_Halley,Comet_Halley,,8,19,27,8,19,27,7,0.312327,0.331836,3206.584882,9,1,6,0.126812,14,14
Condoleezza_Rice,Condoleezza_Rice,,15,91,106,15,91,106,7,0.361351,0.394937,7256.734484,2,1,6,0.136238,12,12
Darfur_conflict,Darfur_conflict,,12,30,42,12,30,42,7,0.315954,0.339916,1723.090022,8,1,6,0.154356,7,7
Democracy,Democracy,,153,44,197,153,44,197,7,0.339901,0.368063,27454.25404,3,1,6,0.073295,2,2
Denmark,Denmark,,230,51,281,230,51,281,7,0.340787,0.369327,51022.408886,13,1,6,0.061147,6,6
Doctor_Who,Doctor_Who,,37,49,86,37,49,86,7,0.344963,0.372852,19622.387928,1,1,6,0.084388,5,5
Economics,Economics,,106,38,144,106,38,144,7,0.335291,0.359791,26753.512974,3,1,6,0.054978,1,1
Education,Education,,72,39,111,72,39,111,7,0.332023,0.356958,39130.995699,3,1,6,0.066026,2,2
Fidel_Castro,Fidel_Castro,,23,46,69,23,46,69,7,0.343705,0.371405,2826.412921,0,1,6,0.122356,12,12
Georgia_%28country%29,Georgia_%28country%29,,84,180,264,84,180,264,6,0.373331,0.414743,25642.38778,8,1,6,0.151052,6,6
Global_warming,Global_warming,,71,32,103,71,32,103,6,0.338228,0.362079,23858.509392,9,1,6,0.070735,2,2
Globalization,Globalization,,27,40,67,27,40,67,7,0.338002,0.365201,10657.469991,3,1,6,0.096262,1,1
Google,Google,,23,22,45,23,22,45,7,0.323518,0.345371,6559.661959,5,1,6,0.060395,8,8
Gordon_Brown,Gordon_Brown,,12,19,31,12,19,31,7,0.320855,0.343184,5830.832184,1,1,6,0.19709,12,12
HIV,HIV,,48,16,64,48,16,64,7,0.323466,0.34584,3825.993081,8,1,6,0.102825,14,14
Harry_Potter,Harry_Potter,,20,27,47,20,27,47,6,0.338878,0.361659,11185.823232,1,1,6,0.068106,9,9
Homestar_Runner,Homestar_Runner,,5,12,17,5,12,17,7,0.294729,0.310431,2716.53751,10,1,6,0.040441,5,5
Homo_floresiensis,Homo_floresiensis,,2,23,25,2,23,25,7,0.31959,0.341789,196.083629,7,1,6,0.14,14,14
Jaws_%28film%29,Jaws_%28film%29,,9,11,20,9,11,20,7,0.307144,0.325025,3611.684333,13,1,6,0.120833,5,5
King_Kong_%282005_film%29,King_Kong_%282005_film%29,,4,15,19,4,15,19,7,0.317314,0.337605,5132.09058,7,1,6,0.176471,5,5
Kyrgyzstan,Kyrgyzstan,,51,40,91,51,40,91,7,0.331996,0.357783,5342.548072,8,1,6,0.179475,3,3
Lance_Armstrong,Lance_Armstrong,,5,10,15,5,10,15,7,0.306078,0.32453,872.849699,4,1,6,0.204545,12,12
Latvia,Latvia,,72,78,150,72,78,150,7,0.342196,0.374012,6027.660285,8,1,6,0.251281,6,6
Lebanon,Lebanon,,114,192,306,114,192,306,7,0.377925,0.420834,31581.261947,8,1,6,0.129211,6,6
Linus_Torvalds,Linus_Torvalds,,10,14,24,10,14,24,7,0.304652,0.321326,5825.154223,5,1,6,0.099415,12,12
Linux,Linux,,45,12,57,45,12,57,8,0.26059,0.273329,15548.168881,5,1,6,0.086275,8,8
Madrid,Madrid,,67,71,138,67,71,138,7,0.337721,0.367913,15674.573239,0,1,6,0.079935,6,6
Mahmoud_Abbas,Mahmoud_Abbas,,6,24,30,6,24,30,7,0.325231,0.349266,160.665876,2,1,6,0.240741,12,12
Malaria,Malaria,,57,40,97,57,40,97,7,0.338539,0.36515,9385.507651,8,1,6,0.077759,14,14
Malta,Malta,,93,39,132,93,39,132,7,0.332241,0.35872,5492.85517,8,1,6,0.15247,6,6
Mars_Exploration_Rover,Mars_Exploration_Rover,,7,22,29,7,22,29,7,0.316743,0.338383,2480.139828,9,1,6,0.066138,14,14
Mars_Reconnaissance_Orbiter,Mars_Reconnaissance_Orbiter,,5,14,19,5,14,19,8,0.291571,0.30903,626.554959,9,1,6,0.132353,14,14
Mercury_%28planet%29,Mercury_%28planet%29,,39,53,92,39,53,92,7,0.337805,0.364269,14534.582792,9,1,6,0.129038,14,14
Montenegro,Montenegro,,46,88,134,46,88,134,6,0.352032,0.385155,3711.761878,8,1,6,0.326768,6,6
Neptune,Neptune,,25,22,47,25,22,47,7,0.310532,0.330296,3351.565062,9,1,6,0.188734,14,14
New_Delhi,New_Delhi,,24,11,35,24,11,35,7,0.305225,0.32423,666.235005,10,1,6,0.120265,6,6
North_Korea,North_Korea,,72,33,105,72,33,105,7,0.330723,0.355668,6436.362668,8,1,6,0.158863,3,3
Osama_bin_Laden,Osama_bin_Laden,,15,48,63,15,48,63,7,0.341476,0.368831,2659.237044,2,1,6,0.18663,12,12
Pope_Benedict_XVI,Pope_Benedict_XVI,,22,50,72,22,50,72,7,0.33358,0.361742,3563.014749,13,1,6,0.120192,12,12
Poverty,Poverty,,65,55,120,65,55,120,7,0.338623,0.366988,30599.255092,3,1,6,0.056969,2,2
Richard_Stallman,Richard_Stallman,,14,23,37,14,23,37,7,0.314532,0.335713,11879.886373,5,1,6,0.082661,12,12
Rowan_Williams,Rowan_Williams,,9,16,25,9,16,25,7,0.313074,0.332799,636.070031,1,1,6,0.228947,12,12
Salt_Lake_City%2C_Utah,Salt_Lake_City%2C_Utah,,15,45,60,15,45,60,7,0.336711,0.363997,2902.580596,11,1,6,0.089562,6,6
Senegal,Senegal,,82,23,105,82,23,105,7,0.314069,0.336179,2827.05071,8,1,6,0.231868,3,3
September_11%2C_2001_attacks,September_11%2C_2001_attacks,,72,48,120,72,48,120,6,0.347714,0.375493,23337.31951,11,1,6,0.090724,7,7
Solar_eclipse,Solar_eclipse,,24,22,46,24,22,46,7,0.321516,0.342891,5440.503833,9,1,6,0.091768,14,14
South_Korea,South_Korea,,134,39,173,134,39,173,7,0.336823,0.363606,13158.833046,10,1,6,0.09211,3,3
Space_Shuttle_Columbia_disaster,Space_Shuttle_Columbia_disaster,,8,17,25,8,17,25,7,0.311439,0.3311,3086.441644,11,1,6,0.15,14,14
Sri_Lankan_Civil_War,Sri_Lankan_Civil_War,,3,17,20,3,17,20,7,0.317712,0.339143,76.398998,10,1,6,0.230994,2,2
Star_Trek__Deep_Space_Nine,Star_Trek__Deep_Space_Nine,,7,14,21,7,14,21,7,0.31954,0.339017,5869.097436,11,1,6,0.091912,5,5
Star_Wars,Star_Wars,,27,33,60,27,33,60,7,0.337159,0.360517,33509.100272,13,1,6,0.07089,5,5
Stargate_SG-1,Stargate_SG-1,,11,50,61,11,50,61,6,0.349905,0.377635,3839.391681,0,1,6,0.153107,5,5
Stephen_Harper,Stephen_Harper,,9,16,25,9,16,25,7,0.306402,0.325614,640.561681,11,1,6,0.168421,12,12
Stephen_Hawking,Stephen_Hawking,,13,35,48,13,35,48,7,0.34697,0.371952,8520.58523,9,1,6,0.107294,12,12
Sudan,Sudan,,123,132,255,123,132,255,7,0.354588,0.390514,36759.223993,8,1,6,0.137054,3,3
Terrorism,Terrorism,,53,29,82,53,29,82,7,0.329005,0.353608,8761.31511,3,1,6,0.097569,2,2
The_Lord_of_the_Rings_film_trilogy,The_Lord_of_the_Rings_film_trilogy,,12,14,26,12,14,26,7,0.304766,0.322061,7933.257501,11,1,6,0.089474,5,5
Tony_Blair,Tony_Blair,,44,87,131,44,87,131,7,0.35962,0.393186,28842.552401,1,1,6,0.104534,12,12
Tour_de_France,Tour_de_France,,12,20,32,12,20,32,7,0.319792,0.341537,16219.63142,4,1,6,0.284615,5,5
Transit_of_Venus,Transit_of_Venus,,7,33,40,7,33,40,7,0.333032,0.357032,2072.729409,9,1,6,0.098348,14,14
Tuberculosis,Tuberculosis,,73,32,105,73,32,105,6,0.343414,0.369417,18456.356862,11,1,6,0.046364,14,14
Turkey,Turkey,,249,172,421,249,172,421,6,0.369116,0.410574,87011.576673,8,1,6,0.080071,6,6
U2,U2,,22,32,54,22,32,54,6,0.334378,0.359394,6454.925969,11,1,6,0.123265,11,11
Ukraine,Ukraine,,171,58,229,171,58,229,7,0.332677,0.36123,19499.191849,13,1,6,0.099267,6,6
World_Health_Organization,World_Health_Organization,,57,45,102,57,45,102,7,0.332895,0.35951,10867.444124,8,1,6,0.086359,2,2
Cai_Lun,Cai_Lun,,2,5,7,2,5,7,7,0.292222,0.308612,4.665596,4,1,6,0.309524,12,12
Hadrian%27s_Wall,Hadrian%27s_Wall,,14,17,31,14,17,31,7,0.30923,0.329219,630.591227,1,1,6,0.12963,7,7
Ptolemy,Ptolemy,,46,26,72,46,26,72,7,0.330184,0.354375,12746.475542,9,1,6,0.085482,12,12
Citizenship,Citizenship,,34,24,58,34,24,58,7,0.32012,0.342393,3005.746739,3,1,6,0.070707,2,2
Glasses,Glasses,,7,21,28,7,21,28,7,0.334571,0.356342,4879.086815,9,1,6,0.090769,4,4
4-2-0,4-2-0,,4,4,8,4,4,8,7,0.290152,0.306124,113.154966,11,1,6,0.095238,4,4
Chicago_and_North_Western_Railway,Chicago_and_North_Western_Railway,,7,7,14,7,7,14,7,0.297345,0.314587,5242.115392,11,1,6,0.212121,4,4
Robert_Stephenson,Robert_Stephenson,,7,10,17,7,10,17,7,0.300898,0.318398,1110.441274,1,1,6,0.147436,7,7
6-2-0,6-2-0,,1,3,4,1,3,4,7,0.30148,0.318735,72.375186,11,1,6,0.25,4,4
47_Ursae_Majoris,47_Ursae_Majoris,,3,16,19,3,16,19,7,0.296562,0.314717,9234.624657,9,1,6,0.45,14,14
47_Ursae_Majoris_b,47_Ursae_Majoris_b,,2,13,15,2,13,15,7,0.291089,0.308413,37.84217,9,1,6,0.423077,14,14
47_Ursae_Majoris_c,47_Ursae_Majoris_c,,2,11,13,2,11,13,8,0.276346,0.291374,1.085206,9,1,6,0.518182,14,14
Helium,Helium,,69,73,142,69,73,142,7,0.351605,0.382259,38717.600122,9,1,6,0.106323,14,14
Hydrogen,Hydrogen,,155,56,211,155,56,211,7,0.31841,0.343801,59902.033931,9,1,6,0.07793,14,14
Iron,Iron,,204,57,261,204,57,261,7,0.336739,0.365078,73746.610055,9,1,6,0.05018,6,6
Planetary_habitability,Planetary_habitability,,11,52,63,11,52,63,7,0.324035,0.349256,24826.98296,9,1,6,0.178463,14,14
Saturn,Saturn,,23,38,61,23,38,61,7,0.319565,0.342196,3017.55395,9,1,6,0.198701,14,14
Ammonia,Ammonia,,53,57,110,53,57,110,7,0.343268,0.37115,25279.905879,9,1,6,0.105353,14,14
Cloud,Cloud,,30,21,51,30,21,51,7,0.304149,0.321991,4634.933482,9,1,6,0.098551,6,6
Gas_giant,Gas_giant,,32,19,51,32,19,51,7,0.303534,0.322485,2375.356915,9,1,6,0.193939,14,14
Aluminium,Aluminium,,107,80,187,107,80,187,7,0.345227,0.376267,50410.870803,9,1,6,0.084752,14,14
Ceres_%28dwarf_planet%29,Ceres_%28dwarf_planet%29,,6,32,38,6,32,38,7,0.320272,0.341739,842.907519,9,1,6,0.21371,14,14
Crust_%28geology%29,Crust_%28geology%29,,38,9,47,38,9,47,7,0.286948,0.30215,1626.647296,9,1,6,0.138792,6,6
Metal,Metal,,108,43,151,108,43,151,7,0.318285,0.341856,32892.465964,9,1,6,0.088014,14,14
Metamorphic_rock,Metamorphic_rock,,17,13,30,17,13,30,7,0.292983,0.309403,1469.937604,9,1,6,0.108262,6,6
Nickel,Nickel,,51,35,86,51,35,86,7,0.328312,0.352503,12833.881269,9,1,6,0.123658,14,14
Alchemy,Alchemy,,53,91,144,53,91,144,7,0.363587,0.396091,44037.761973,9,1,6,0.071925,14,14
Armenia,Armenia,,99,186,285,99,186,285,6,0.376836,0.418323,34895.339422,8,1,6,0.128337,6,6
Augustine_of_Hippo,Augustine_of_Hippo,,42,21,63,42,21,63,7,0.307891,0.32801,4478.022298,3,1,6,0.078966,12,12
Christian_monasticism,Christian_monasticism,,6,26,32,6,26,32,7,0.318761,0.341431,6697.846549,2,1,6,0.128307,13,13
First_Council_of_Nicaea,First_Council_of_Nicaea,,6,22,28,6,22,28,7,0.308125,0.329782,383.19434,2,1,6,0.218462,13,13
55_Cancri,55_Cancri,,8,23,31,8,23,31,7,0.299299,0.317371,20790.444785,9,1,6,0.33,14,14
55_Cancri_b,55_Cancri_b,,5,14,19,5,14,19,7,0.280398,0.296039,26.386001,9,1,6,0.3875,14,14
55_Cancri_c,55_Cancri_c,,4,13,17,4,13,17,8,0.281254,0.296534,13.4552,9,1,6,0.480769,14,14
55_Cancri_d,55_Cancri_d,,4,15,19,4,15,19,7,0.292644,0.309991,118.071498,9,1,6,0.366667,14,14
55_Cancri_e,55_Cancri_e,,2,16,18,2,16,18,7,0.292328,0.308713,21.690601,9,1,6,0.429167,14,14
Binoculars,Binoculars,,14,7,21,14,7,21,7,0.312785,0.331523,2885.913361,9,1,6,0.092105,4,4
Upsilon_Andromedae,Upsilon_Andromedae,,6,20,26,6,20,26,7,0.296627,0.314391,13894.970923,9,1,6,0.311688,14,14
Tide,Tide,,38,14,52,38,14,52,7,0.296432,0.312921,7202.350347,9,1,6,0.082908,6,6
Heat,Heat,,48,24,72,48,24,72,7,0.30383,0.32362,9862.613936,9,1,6,0.086558,14,14
Attila_the_Hun,Attila_the_Hun,,15,35,50,15,35,50,7,0.325048,0.350132,2123.144449,4,1,6,0.161425,12,12
Backgammon,Backgammon,,7,31,38,7,31,38,7,0.331209,0.356266,799.420903,4,1,6,0.181818,5,5
Chess,Chess,,38,24,62,38,24,62,7,0.319817,0.34267,5603.107117,10,1,6,0.078901,5,5
Franks,Franks,,48,26,74,48,26,74,7,0.317811,0.340958,4993.184764,4,1,6,0.155757,7,7
King_Arthur,King_Arthur,,23,27,50,23,27,50,7,0.31657,0.338206,4474.394354,1,1,6,0.098057,7,7
Language,Language,,110,24,134,110,24,134,7,0.313996,0.335745,28188.400014,3,1,6,0.037121,9,9
Vietnam,Vietnam,,146,54,200,146,54,200,7,0.342978,0.371173,24771.30255,10,1,6,0.083825,3,3
English_poetry,English_poetry,,9,45,54,9,45,54,7,0.338313,0.364946,9013.302213,1,1,6,0.125566,9,9
Heraclius,Heraclius,,10,11,21,10,11,21,8,0.292075,0.309305,200.899553,2,1,6,0.300654,12,12
Lake_Chad,Lake_Chad,,8,12,20,8,12,20,7,0.305708,0.324711,321.04287,8,1,6,0.2,6,6
Library_of_Alexandria,Library_of_Alexandria,,9,10,19,9,10,19,7,0.290818,0.306456,1409.004491,2,1,6,0.068627,7,7
Qur%27an,Qur%27an,,53,23,76,53,23,76,7,0.315437,0.337976,2961.570629,2,1,6,0.11194,13,13
Shinto,Shinto,,15,22,37,15,22,37,7,0.315168,0.335832,2776.081335,10,1,6,0.133333,13,13
Sutton_Hoo,Sutton_Hoo,,4,14,18,4,14,18,7,0.298483,0.315951,3172.063096,1,1,6,0.133987,7,7
Taoism,Taoism,,37,23,60,37,23,60,7,0.311176,0.331722,6833.89846,10,1,6,0.143529,13,13
Abbasid,Abbasid,,29,17,46,29,17,46,7,0.299056,0.317739,892.049089,2,1,6,0.162021,7,7
Battle_of_Tours,Battle_of_Tours,,5,26,31,5,26,31,7,0.317438,0.34049,565.136091,4,1,6,0.224138,7,7
Charlemagne,Charlemagne,,57,49,106,57,49,106,7,0.33235,0.358911,12910.545398,4,1,6,0.101748,12,12
Du_Fu,Du_Fu,,4,27,31,4,27,31,7,0.31851,0.340656,732.545424,10,1,6,0.097701,12,12
Rhine,Rhine,,43,53,96,43,53,96,7,0.33554,0.362418,15538.518549,4,1,6,0.123377,6,6
Arctic_Ocean,Arctic_Ocean,,36,24,60,36,24,60,7,0.331209,0.353859,8856.269536,9,1,6,0.153623,6,6
Alfred_the_Great,Alfred_the_Great,,21,29,50,21,29,50,7,0.319464,0.342617,6078.469038,1,1,6,0.144019,12,12
Bulgaria,Bulgaria,,110,145,255,110,145,255,6,0.374988,0.412872,22693.95153,8,1,6,0.146868,6,6
Danube,Danube,,43,37,80,43,37,80,7,0.31583,0.33984,2500.455616,13,1,6,0.205069,6,6
Gunpowder,Gunpowder,,24,7,31,24,7,31,7,0.298703,0.315017,1648.663674,9,1,6,0.098291,14,14
Vulgar_Latin,Vulgar_Latin,,10,21,31,10,21,31,7,0.307168,0.32783,1318.462342,4,1,6,0.196923,9,9
Western_Roman_Empire,Western_Roman_Empire,,28,49,77,28,49,77,7,0.323363,0.3502,3462.04928,4,1,6,0.193371,6,6
A._E._J._Collins,A._E._J._Collins,,0,9,9,0,9,9,7,0.302747,0.320455,0,1,1,17,0.333333,12,12
Bristol,Bristol,,62,62,124,62,62,124,7,0.348671,0.379447,40829.257503,1,1,6,0.077194,6,6
The_Ashes,The_Ashes,,6,14,20,6,14,20,7,0.311463,0.331712,2805.250086,1,1,6,0.156863,5,5
ABO_blood_group_system,ABO_blood_group_system,,2,20,22,2,20,22,7,0.322591,0.344956,3096.0095,7,1,6,0.17381,14,14
Ape,Ape,,12,20,32,12,20,32,7,0.318711,0.340958,1053.704464,7,1,6,0.130542,14,14
Blood_type,Blood_type,,6,5,11,6,5,11,8,0.263829,0.276439,4768.459347,7,1,6,0.088889,14,14
Bonobo,Bonobo,,9,15,24,9,15,24,7,0.323905,0.345577,755.75132,7,1,6,0.155844,14,14
Chimpanzee,Chimpanzee,,25,24,49,25,24,49,7,0.323389,0.345181,5170.141238,7,1,6,0.081313,14,14
Gorilla,Gorilla,,16,15,31,16,15,31,7,0.300163,0.31905,6491.555243,7,1,6,0.114532,14,14
Hong_Kong,Hong_Kong,,129,68,197,129,68,197,6,0.35838,0.387876,33439.806088,10,1,6,0.066404,3,3
Plant,Plant,,185,70,255,185,70,255,7,0.331047,0.358813,102816.106949,6,1,6,0.038537,14,14
AC_DC,AC_DC,,0,28,28,0,28,28,6,0.335179,0.359186,0,11,1,18,0.222222,11,11
Bluegrass_music,Bluegrass_music,,9,9,18,9,9,18,7,0.285835,0.302047,761.404659,11,1,6,0.229167,11,11
Glasgow,Glasgow,,61,55,116,61,55,116,6,0.352185,0.381048,28281.135353,1,1,6,0.081117,6,6
Guitar,Guitar,,54,17,71,54,17,71,7,0.301368,0.319994,4542.1285,11,1,6,0.059674,11,11
Hip_hop_music,Hip_hop_music,,50,48,98,50,48,98,7,0.341102,0.368696,13143.590064,11,1,6,0.10572,11,11
Iron_Maiden,Iron_Maiden,,14,12,26,14,12,26,7,0.320398,0.341297,1093.232732,11,1,6,0.215415,11,11
Melbourne,Melbourne,,60,70,130,60,70,130,6,0.358476,0.389048,31346.034492,12,1,6,0.05725,6,6
Perth%2C_Western_Australia,Perth%2C_Western_Australia,,34,35,69,34,35,69,7,0.33424,0.35865,12069.496858,12,1,6,0.084856,6,6
Queen_%28band%29,Queen_%28band%29,,15,51,66,15,51,66,6,0.347655,0.376011,15418.597949,11,1,6,0.143073,11,11
Superman,Superman,,20,33,53,20,33,53,7,0.340586,0.365035,10526.240654,9,1,6,0.088435,5,5
The_Beatles,The_Beatles,,61,60,121,61,60,121,6,0.352583,0.382116,41368.391477,11,1,6,0.076909,11,11
Brain,Brain,,54,54,108,54,54,108,7,0.325283,0.35101,36858.120048,7,1,6,0.049342,14,14
Cameroon,Cameroon,,83,32,115,83,32,115,7,0.336125,0.361162,7549.86245,8,1,6,0.179985,3,3
DNA,DNA,,100,31,131,100,31,131,7,0.320246,0.340549,42897.366665,7,1,6,0.048675,14,14
Eye,Eye,,54,31,85,54,31,85,7,0.304606,0.325491,31280.590635,7,1,6,0.0491,14,14
Fungus,Fungus,,38,20,58,38,20,58,7,0.310295,0.329503,6035.002199,7,1,6,0.115918,14,14
Gabon,Gabon,,59,19,78,59,19,78,7,0.311894,0.333546,1767.554768,8,1,6,0.298806,3,3
Genetics,Genetics,,68,27,95,68,27,95,7,0.31583,0.335803,15531.640976,7,1,6,0.06881,14,14
Meningitis,Meningitis,,9,15,24,9,15,24,7,0.316743,0.336594,1523.060891,7,1,6,0.090909,14,14
Sub-Saharan_Africa,Sub-Saharan_Africa,,48,74,122,48,74,122,7,0.335707,0.365553,10464.917773,8,1,6,0.159787,6,6
Virus,Virus,,34,28,62,34,28,62,7,0.3093,0.329573,9429.167421,7,1,6,0.082579,14,14
Zimbabwe,Zimbabwe,,86,63,149,86,63,149,7,0.350783,0.381287,18385.903811,8,1,6,0.117235,3,3
AK-47,AK-47,,6,35,41,6,35,41,7,0.333059,0.359395,461.579524,13,1,6,0.22378,7,7
Albania,Albania,,85,139,224,85,139,224,6,0.363457,0.401126,11342.492164,8,1,6,0.186,6,6
Burkina_Faso,Burkina_Faso,,62,39,101,62,39,101,7,0.329032,0.354149,6152.069576,8,1,6,0.225868,3,3
Chromium,Chromium,,34,35,69,34,35,69,7,0.320449,0.345172,3808.847138,9,1,6,0.130055,14,14
Mozambique,Mozambique,,98,162,260,98,162,260,7,0.359748,0.400021,16997.844382,8,1,6,0.142244,3,3
Russian_language,Russian_language,,128,65,193,128,65,193,7,0.344611,0.374809,27971.850471,13,1,6,0.081884,9,9
Spanish_language,Spanish_language,,200,79,279,200,79,279,7,0.356898,0.388672,50575.412154,0,1,6,0.06376,9,9
Yugoslavia,Yugoslavia,,53,49,102,53,49,102,7,0.337215,0.364798,6254.121315,13,1,6,0.182731,7,7
ALCO_FA,ALCO_FA,,2,6,8,2,6,8,7,0.292602,0.308698,92.523889,11,1,6,0.309524,4,4
Canadian_Pacific_Railway,Canadian_Pacific_Railway,,17,47,64,17,47,64,6,0.339759,0.366761,37359.662722,11,1,6,0.105519,4,4
ASCII,ASCII,,10,5,15,10,5,15,8,0.248255,0.258507,1457.510037,5,1,6,0.042857,8,8
AT%26T,AT%26T,,15,10,25,15,10,25,7,0.306912,0.325154,4706.300371,11,1,6,0.09058,1,1
Markup_language,Markup_language,,5,4,9,5,4,9,8,0.251006,0.261634,3102.418415,5,1,6,0.097222,8,8
Microsoft_Windows,Microsoft_Windows,,43,8,51,43,8,51,8,0.248027,0.259483,5963.664477,5,1,6,0.091362,8,8
Perl,Perl,,12,7,19,12,7,19,8,0.260155,0.271388,1222.777214,5,1,6,0.216912,8,8
Dallas%2C_Texas,Dallas%2C_Texas,,29,39,68,29,39,68,7,0.337721,0.362837,9453.088893,11,1,6,0.097312,6,6
Employment,Employment,,64,15,79,64,15,79,7,0.313002,0.332822,6765.169952,3,1,6,0.033493,1,1
Industry,Industry,,99,18,117,99,18,117,7,0.310485,0.3301,8557.095434,5,1,6,0.048198,1,1
San_Francisco%2C_California,San_Francisco%2C_California,,42,26,68,42,26,68,6,0.32962,0.353388,12329.358301,11,1,6,0.08007,6,6
United_States_Constitution,United_States_Constitution,,47,25,72,47,25,72,7,0.322719,0.345534,5759.022842,11,1,6,0.115819,2,2
ATLAS_experiment,ATLAS_experiment,,0,17,17,0,17,17,7,0.286968,0.303967,0,9,1,20,0.154412,14,14
Argon,Argon,,45,31,76,45,31,76,7,0.301055,0.321753,3737.798876,9,1,6,0.210999,14,14
Central_processing_unit,Central_processing_unit,,25,11,36,25,11,36,7,0.278664,0.293057,3928.469184,5,1,6,0.051136,8,8
Electric_charge,Electric_charge,,42,25,67,42,25,67,7,0.298549,0.317108,10135.60362,9,1,6,0.129412,14,14
Electron,Electron,,181,22,203,181,22,203,7,0.293343,0.312493,26364.298208,9,1,6,0.082011,14,14
Hawking_radiation,Hawking_radiation,,7,11,18,7,11,18,7,0.298022,0.314793,473.875999,9,1,6,0.245833,14,14
Lead,Lead,,97,30,127,97,30,127,7,0.310437,0.331659,24365.467525,9,1,6,0.078093,14,14
List_of_particles,List_of_particles,,1,11,12,1,11,12,8,0.268312,0.284083,15.032536,9,1,19,0.378788,14,14
Magnet,Magnet,,17,10,27,17,10,27,7,0.296367,0.312131,2182.884644,9,1,6,0.115385,14,14
Momentum,Momentum,,25,9,34,25,9,34,7,0.290401,0.306926,1024.999844,9,1,6,0.211494,14,14
Photon,Photon,,45,36,81,45,36,81,7,0.306564,0.326787,11837.4363,9,1,6,0.139183,14,14
Proton,Proton,,44,10,54,44,10,54,7,0.280457,0.295674,658.368628,9,1,6,0.157971,14,14
Silicon,Silicon,,59,43,102,59,43,102,7,0.320297,0.344451,9983.271322,9,1,6,0.127731,14,14
Statistics,Statistics,,46,22,68,46,22,68,7,0.308406,0.328674,7667.64339,3,1,6,0.07481,10,10
String_theory,String_theory,,13,25,38,13,25,38,7,0.296649,0.315244,2380.206877,9,1,6,0.163866,14,14
A_Christmas_Carol,A_Christmas_Carol,,5,17,22,5,17,22,7,0.320171,0.340769,824.459667,3,1,6,0.119883,9,9
Animation,Animation,,24,3,27,24,3,27,8,0.263008,0.274579,5775.779484,3,1,6,0.041311,5,5
Bob_Marley,Bob_Marley,,6,27,33,6,27,33,7,0.340443,0.365238,793.434047,11,1,6,0.168966,12,12
Country,Country,,82,19,101,82,19,101,7,0.334323,0.356609,8186.558187,3,1,6,0.123185,6,6
Greek_mythology,Greek_mythology,,70,55,125,70,55,125,7,0.332868,0.360019,40475.57665,3,1,6,0.054054,13,13
Looney_Tunes,Looney_Tunes,,8,14,22,8,14,22,7,0.306055,0.325504,1790.380621,11,1,6,0.115789,5,5
Scrooge_McDuck,Scrooge_McDuck,,4,23,27,4,23,27,7,0.325231,0.348081,1411.8569,2,1,6,0.143116,5,5
Theatre,Theatre,,55,17,72,55,17,72,7,0.322719,0.344029,21562.03528,13,1,6,0.054561,9,9
A_Tale_of_a_Tub,A_Tale_of_a_Tub,,3,16,19,3,16,19,7,0.298264,0.315877,101.94258,1,1,6,0.111111,9,9
Church_of_England,Church_of_England,,90,34,124,90,34,124,7,0.317587,0.34057,11927.410857,1,1,6,0.095248,13,13
Medicine,Medicine,,97,45,142,97,45,142,7,0.349362,0.375993,40077.795386,3,1,6,0.056558,14,14
Religious_Society_of_Friends,Religious_Society_of_Friends,,22,23,45,22,23,45,6,0.333333,0.357585,13430.922521,1,1,6,0.087045,13,13
A_Wrinkle_in_Time,A_Wrinkle_in_Time,,0,14,14,0,14,14,7,0.313007,0.332976,0,0,1,21,0.230769,9,9
Albert_Einstein,Albert_Einstein,,89,87,176,89,87,176,6,0.360068,0.392703,77255.241691,9,1,6,0.067703,12,12
Euclid,Euclid,,29,11,40,29,11,40,7,0.30472,0.323073,4707.496858,3,1,6,0.12521,12,12
Gautama_Buddha,Gautama_Buddha,,23,18,41,23,18,41,7,0.29413,0.31209,2742.42619,10,1,6,0.147727,12,12
German_language,German_language,,225,77,302,225,77,302,7,0.349694,0.381662,70539.653019,13,1,6,0.053738,9,9
Latin,Latin,,443,29,472,443,29,472,7,0.328952,0.352757,97233.331674,4,1,6,0.026727,9,9
Mahatma_Gandhi,Mahatma_Gandhi,,39,40,79,39,40,79,7,0.340158,0.366443,18147.613815,10,1,6,0.116237,12,12
Portuguese_language,Portuguese_language,,109,56,165,109,56,165,7,0.344376,0.372955,24315.915494,0,1,6,0.081481,9,9
A_cappella,A_cappella,,8,11,19,8,11,19,7,0.291152,0.307687,1184.751822,11,1,6,0.052288,11,11
Amish,Amish,,6,21,27,6,21,27,7,0.329165,0.351546,2175.210532,3,1,6,0.132308,6,6
Gregorian_chant,Gregorian_chant,,8,21,29,8,21,29,7,0.302831,0.321667,774.156348,4,1,6,0.088624,11,11
Hindi,Hindi,,55,37,92,55,37,92,7,0.33744,0.362842,6921.988435,10,1,6,0.131369,9,9
Judaism,Judaism,,145,47,192,145,47,192,7,0.346407,0.374493,61701.778949,2,1,6,0.086002,13,13
Musical_instrument,Musical_instrument,,48,8,56,48,8,56,8,0.265976,0.279169,3072.636421,11,1,6,0.09102,11,11
Rapping,Rapping,,12,16,28,12,16,28,7,0.3093,0.32956,1096.170977,11,1,6,0.164615,11,11
Renaissance_music,Renaissance_music,,7,7,14,7,7,14,8,0.271734,0.287194,817.386497,4,1,6,0.151515,11,11
Aachen,Aachen,,20,33,53,20,33,53,7,0.339787,0.365218,4682.858159,4,1,6,0.17602,6,6
Button,Button,,3,13,16,3,13,16,8,0.301368,0.32025,959.675107,9,1,6,0.080952,4,4
Chinese_language,Chinese_language,,121,47,168,121,47,168,7,0.339105,0.367411,29570.080755,10,1,6,0.070423,9,9
Dutch_language,Dutch_language,,103,52,155,103,52,155,6,0.347178,0.374905,53201.605191,4,1,6,0.07265,9,9
Flanders,Flanders,,38,45,83,38,45,83,7,0.332431,0.358965,12884.876709,4,1,6,0.120305,6,6
French_language,French_language,,314,85,399,314,85,399,7,0.348342,0.380117,80879.847807,8,1,6,0.04398,9,9
List_of_countries,List_of_countries,,63,244,307,63,244,307,6,0.375197,0.422246,27698.304446,8,1,6,0.100663,6,6
Middle_Ages,Middle_Ages,,239,69,308,239,69,308,7,0.34423,0.37586,91905.384201,4,1,6,0.045078,7,7
Tobacco,Tobacco,,60,48,108,60,48,108,7,0.354805,0.382394,18334.409114,6,1,6,0.08297,14,14
Aardvark,Aardvark,,3,20,23,3,20,23,7,0.312929,0.3351,686.912954,7,1,6,0.183983,14,14
Afrikaans,Afrikaans,,20,42,62,20,42,62,6,0.342167,0.368784,4751.552183,12,1,6,0.169173,9,9
Ant,Ant,,27,31,58,27,31,58,7,0.322258,0.345629,7120.576953,7,1,6,0.098824,14,14
Anteater,Anteater,,4,8,12,4,8,12,8,0.281919,0.296353,3109.656292,7,1,6,0.377778,14,14
Bandicoot,Bandicoot,,3,7,10,3,7,10,7,0.282548,0.296209,38.950364,7,1,6,0.4,14,14
Binomial_nomenclature,Binomial_nomenclature,,295,12,307,295,12,307,7,0.302019,0.319505,24315.092643,7,1,6,0.013592,14,14
Chordate,Chordate,,338,8,346,338,8,346,8,0.264898,0.278488,6079.937838,7,1,6,0.018013,14,14
Fruit,Fruit,,109,41,150,109,41,150,7,0.321465,0.345625,46840.63123,6,1,6,0.039971,5,5
Mammal,Mammal,,199,42,241,199,42,241,7,0.327464,0.351763,108792.190283,7,1,6,0.036944,14,14
Miocene,Miocene,,38,22,60,38,22,60,7,0.320855,0.342118,4702.107214,7,1,6,0.064536,6,6
Pig,Pig,,39,11,50,39,11,50,7,0.288295,0.302992,5969.505957,7,1,6,0.044866,14,14
Pliocene,Pliocene,,18,31,49,18,31,49,7,0.325022,0.347076,4170.186866,7,1,6,0.066489,6,6
Scientific_classification,Scientific_classification,,519,25,544,519,25,544,7,0.308665,0.328418,79844.992351,7,1,6,0.014274,14,14
Aarhus,Aarhus,,2,25,27,2,25,27,7,0.330993,0.354245,92.340834,13,1,6,0.249231,6,6
Archaeology,Archaeology,,77,43,120,77,43,120,7,0.350359,0.377046,18693.036277,2,1,6,0.058722,7,7
Badminton,Badminton,,17,20,37,17,20,37,7,0.322976,0.346414,1985.530818,10,1,6,0.160504,5,5
Copenhagen,Copenhagen,,45,23,68,45,23,68,7,0.328365,0.350767,9265.695558,13,1,6,0.082437,6,6
Engineering,Engineering,,72,20,92,72,20,92,7,0.307377,0.326999,12575.716338,3,1,6,0.042271,4,4
Humanities,Humanities,,16,66,82,16,66,82,7,0.350965,0.380273,4960.184845,3,1,6,0.104561,2,2
Abac%C3%A1,Abac%C3%A1,,0,7,7,0,7,7,7,0.289581,0.305649,0,6,1,22,0.190476,14,14
Arithmetic,Arithmetic,,21,10,31,21,10,31,7,0.293152,0.310365,8784.050487,3,1,6,0.106838,10,10
Hebrew_language,Hebrew_language,,105,30,135,105,30,135,7,0.331806,0.356562,15980.518839,2,1,6,0.076218,9,9
Mesopotamia,Mesopotamia,,94,60,154,94,60,154,7,0.342688,0.371884,31374.243834,2,1,6,0.07412,7,7
Abadan,Abadan,,1,11,12,1,11,12,7,0.29833,0.314929,19.548524,2,1,6,0.172727,6,6
Chemistry,Chemistry,,81,49,130,81,49,130,7,0.324814,0.350627,31850.679494,9,1,6,0.071788,14,14
Tehran,Tehran,,22,38,60,22,38,60,7,0.338087,0.36434,4132.988321,2,1,6,0.102694,6,6
Abbadid,Abbadid,,0,8,8,0,8,8,7,0.297484,0.315984,0,2,1,23,0.267857,7,7
Poetry,Poetry,,84,39,123,84,39,123,7,0.320931,0.345674,48938.438101,3,1,6,0.040987,9,9
Abbas_I_of_Persia,Abbas_I_of_Persia,,0,14,14,0,14,14,7,0.311564,0.331151,0,2,1,24,0.230769,12,12
Caspian_Sea,Caspian_Sea,,41,17,58,41,17,58,7,0.310247,0.32968,2917.603196,2,1,6,0.137835,6,6
Euphrates,Euphrates,,29,21,50,29,21,50,7,0.306541,0.32681,1016.580098,2,1,6,0.227439,6,6
Indus_River,Indus_River,,19,24,43,19,24,43,7,0.315929,0.33679,6117.482336,10,1,6,0.126856,6,6
Mosque,Mosque,,59,68,127,59,68,127,7,0.352644,0.383114,14465.167176,2,1,6,0.102731,13,13
Tigris,Tigris,,24,14,38,24,14,38,7,0.31385,0.334214,705.033295,2,1,6,0.25,6,6
Aristotle,Aristotle,,105,37,142,105,37,142,7,0.32497,0.34903,28962.119297,3,1,6,0.067548,12,12
Damascus,Damascus,,41,36,77,41,36,77,7,0.328233,0.354453,11379.474173,2,1,6,0.143327,6,6
Maghreb,Maghreb,,14,22,36,14,22,36,7,0.314483,0.336321,823.678487,2,1,6,0.270161,6,6
Mecca,Mecca,,32,9,41,32,9,41,7,0.292539,0.309539,1059.967642,2,1,6,0.113492,13,13
Sultan,Sultan,,27,28,55,27,28,55,7,0.308102,0.329334,9518.454911,8,1,6,0.160816,2,2
Abbey,Abbey,,10,18,28,10,18,28,7,0.311511,0.331731,728.788699,1,1,6,0.12,13,13
Abbot,Abbot,,15,21,36,15,21,36,7,0.304835,0.324437,2502.821194,1,1,6,0.100806,13,13
Cattle,Cattle,,75,43,118,75,43,118,7,0.340758,0.367364,23086.451581,7,1,6,0.054778,5,5
Dorset,Dorset,,32,43,75,32,43,75,7,0.337974,0.363567,13958.201465,1,1,6,0.047954,6,6
Nile,Nile,,66,33,99,66,33,99,7,0.319137,0.342897,10505.802909,2,1,6,0.091096,6,6
Westminster_Abbey,Westminster_Abbey,,79,52,131,79,52,131,7,0.335818,0.362593,33336.70429,1,1,6,0.088848,4,4
Z%C3%BCrich,Z%C3%BCrich,,20,20,40,20,20,40,7,0.30982,0.330372,2427.708607,4,1,6,0.076613,6,6
Abbey_Theatre,Abbey_Theatre,,8,16,24,8,16,24,6,0.321823,0.343632,4905.569433,1,1,6,0.271053,9,9
Edward_VII_of_the_United_Kingdom,Edward_VII_of_the_United_Kingdom,,31,48,79,31,48,79,7,0.332759,0.360192,5112.473603,1,1,6,0.122795,12,12
Irish_theatre,Irish_theatre,,1,19,20,1,19,20,7,0.324736,0.347404,32.726826,1,1,6,0.222222,9,9
John_Millington_Synge,John_Millington_Synge,,6,20,26,6,20,26,7,0.318811,0.340274,345.21624,1,1,6,0.197464,12,12
Manchester,Manchester,,79,93,172,79,93,172,6,0.363066,0.396571,51127.479587,1,1,6,0.067896,6,6
Samuel_Beckett,Samuel_Beckett,,14,31,45,14,31,45,7,0.326646,0.351162,2652.333451,3,1,6,0.116643,12,12
William_Butler_Yeats,William_Butler_Yeats,,20,16,36,20,16,36,7,0.313316,0.332816,2192.715217,3,1,6,0.101326,12,12
Anglican_Communion,Anglican_Communion,,43,30,73,43,30,73,7,0.318711,0.341523,16620.49492,1,1,6,0.12963,13,13
Genoa,Genoa,,54,36,90,54,36,90,7,0.339275,0.365966,10074.284013,4,1,6,0.087809,6,6
Leicester,Leicester,,21,44,65,21,44,65,7,0.339417,0.36701,13962.169896,1,1,6,0.113208,6,6
Rule_of_St_Benedict,Rule_of_St_Benedict,,3,8,11,3,8,11,8,0.281001,0.296533,28.710718,3,1,6,0.166667,7,7
Abel_Tasman,Abel_Tasman,,5,14,19,5,14,19,7,0.305294,0.323391,96.760989,10,1,6,0.252381,12,12
Fiji,Fiji,,47,28,75,47,28,75,7,0.330077,0.354153,3262.585582,8,1,6,0.116915,6,6
Manila,Manila,,27,27,54,27,27,54,7,0.330831,0.355014,2260.909886,10,1,6,0.158431,6,6
Tonga,Tonga,,31,34,65,31,34,65,7,0.336292,0.36088,6131.900672,8,1,6,0.139724,6,6
Aberdeen,Aberdeen,,24,44,68,24,44,68,7,0.339105,0.366462,4437.257804,1,1,6,0.136885,6,6
Belarus,Belarus,,74,54,128,74,54,128,7,0.336515,0.363839,12755.815082,13,1,6,0.148567,6,6
City_status_in_the_United_Kingdom,City_status_in_the_United_Kingdom,,33,51,84,33,51,84,7,0.328445,0.354475,17487.005847,1,1,6,0.1367,6,6
Commonwealth_Games,Commonwealth_Games,,18,111,129,18,111,129,7,0.349784,0.383915,14979.622444,8,1,6,0.081859,5,5
Dundee,Dundee,,17,53,70,17,53,70,7,0.343152,0.371742,20344.756634,1,1,6,0.10565,6,6
Edinburgh,Edinburgh,,79,74,153,79,74,153,7,0.361255,0.392586,39130.229023,1,1,6,0.07046,6,6
European_Parliament,European_Parliament,,43,34,77,43,34,77,7,0.322874,0.347334,2039.576426,1,1,6,0.150704,2,2
Garden,Garden,,16,32,48,16,32,48,7,0.339873,0.364061,10926.74582,9,1,6,0.057971,5,5
Granite,Granite,,58,26,84,58,26,84,7,0.314434,0.336087,10676.765543,9,1,6,0.030759,6,6
Hinduism,Hinduism,,133,38,171,133,38,171,7,0.33369,0.358237,42141.442657,10,1,6,0.070823,13,13
Liberal_Democrats,Liberal_Democrats,,29,17,46,29,17,46,7,0.310081,0.331022,2225.113044,1,1,6,0.133537,2,2
List_of_sovereign_states,List_of_sovereign_states,,43,216,259,43,216,259,6,0.372097,0.416815,29901.096623,8,1,6,0.116672,6,6
North_Sea,North_Sea,,65,20,85,65,20,85,7,0.321542,0.343992,7219.358421,1,1,6,0.110559,6,6
North_Sea_oil,North_Sea_oil,,6,26,32,6,26,32,7,0.323182,0.344414,6549.305483,1,1,6,0.220443,1,1
Park,Park,,22,46,68,22,46,68,6,0.345109,0.372167,6396.968957,1,1,6,0.095571,5,5
Parliament_of_the_United_Kingdom,Parliament_of_the_United_Kingdom,,63,51,114,63,51,114,7,0.330211,0.357986,16844.224543,1,1,6,0.10337,2,2
Scots_language,Scots_language,,27,32,59,27,32,59,7,0.325779,0.350039,16648.550426,1,1,6,0.13136,9,9
Scottish_Episcopal_Church,Scottish_Episcopal_Church,,11,12,23,11,12,23,7,0.29667,0.314762,240.776948,1,1,6,0.326797,13,13
Scottish_Gaelic_language,Scottish_Gaelic_language,,25,21,46,25,21,46,7,0.316719,0.338925,2375.757757,1,1,6,0.148664,9,9
Shetland,Shetland,,15,22,37,15,22,37,7,0.314629,0.335888,5768.369528,1,1,6,0.196573,6,6
Aberration_of_light,Aberration_of_light,,1,17,18,1,17,18,7,0.307587,0.325578,47.858981,9,1,6,0.327206,14,14
Galaxy,Galaxy,,34,24,58,34,24,58,8,0.298703,0.317946,5397.543777,9,1,6,0.158937,14,14
John_Flamsteed,John_Flamsteed,,7,8,15,7,8,15,7,0.296757,0.313566,217.037691,9,1,6,0.236364,12,12
Tycho_Brahe,Tycho_Brahe,,16,37,53,16,37,53,7,0.331101,0.355726,3636.652074,9,1,6,0.133816,12,12
Aberystwyth,Aberystwyth,,4,12,16,4,12,16,7,0.311033,0.331689,262.870415,1,1,6,0.180952,6,6
Birmingham,Birmingham,,55,81,136,55,81,136,6,0.361351,0.392884,40521.879049,1,1,6,0.069535,6,6
Cardiff,Cardiff,,24,31,55,24,31,55,7,0.327649,0.351629,5152.827914,1,1,6,0.107843,6,6
Edward_I_of_England,Edward_I_of_England,,31,22,53,31,22,53,7,0.317836,0.339361,2867.03693,1,1,6,0.123724,12,12
River,River,,91,98,189,91,98,189,6,0.365785,0.399778,86502.192381,2,1,6,0.061,6,6
Abhidhamma_Pitaka,Abhidhamma_Pitaka,,2,5,7,2,5,7,8,0.262276,0.274922,251.640763,10,1,6,0.35,13,13
Pali_Canon,Pali_Canon,,8,2,10,8,2,10,8,0.258595,0.269531,76.763551,10,1,6,0.361111,13,13
Sanskrit,Sanskrit,,100,32,132,100,32,132,7,0.319615,0.342674,12866.57621,10,1,6,0.057399,9,9
University_of_Bristol,University_of_Bristol,,9,26,35,9,26,35,7,0.32557,0.348599,3518.671956,1,1,6,0.137931,2,2
Abidjan,Abidjan,,8,22,30,8,22,30,7,0.314996,0.336271,2209.116073,8,1,6,0.155797,6,6
Accra,Accra,,7,13,20,7,13,20,7,0.308195,0.328388,310.811713,8,1,6,0.202614,6,6
Bridge,Bridge,,32,62,94,32,62,94,6,0.361803,0.391564,32095.349488,13,1,6,0.095696,4,4
Dakar,Dakar,,13,21,34,13,21,34,6,0.321313,0.343554,2311.96164,8,1,6,0.172365,6,6
Liberia,Liberia,,61,21,82,61,21,82,7,0.326146,0.349747,2908.113981,8,1,6,0.252917,3,3
Mali,Mali,,74,26,100,74,26,100,7,0.313437,0.335431,4842.348828,8,1,6,0.253081,3,3
Ouagadougou,Ouagadougou,,4,19,23,4,19,23,7,0.304194,0.323864,378.490726,8,1,6,0.188095,6,6
Rainforest,Rainforest,,45,31,76,45,31,76,7,0.33851,0.363051,11771.017302,7,1,6,0.068116,2,2
Train,Train,,37,47,84,37,47,84,6,0.354898,0.38268,43731.887856,11,1,6,0.107108,4,4
University,University,,77,32,109,77,32,109,7,0.33186,0.356876,16795.441452,3,1,6,0.070534,2,2
Yamoussoukro,Yamoussoukro,,4,5,9,4,5,9,7,0.283081,0.298166,666.667932,8,1,6,0.333333,6,6
Abkhazia,Abkhazia,,12,31,43,12,31,43,7,0.327437,0.351884,827.211798,2,1,6,0.151282,3,3
Budapest,Budapest,,47,49,96,47,49,96,6,0.342312,0.370601,21247.196751,13,1,6,0.138267,6,6
Encyclop%C3%A6dia_Britannica,Encyclop%C3%A6dia_Britannica,,12,34,46,12,34,46,7,0.337327,0.362196,6636.84745,5,1,6,0.086869,9,9
Government,Government,,128,28,156,128,28,156,7,0.311822,0.332781,17394.863715,3,1,6,0.04431,2,2
International_law,International_law,,23,13,36,23,13,36,7,0.298308,0.317959,1507.103736,3,1,6,0.089127,2,2
Istanbul,Istanbul,,58,103,161,58,103,161,7,0.361255,0.39601,18827.24741,2,1,6,0.128275,6,6
NATO,NATO,,90,96,186,90,96,186,6,0.356364,0.390376,32491.811375,8,1,6,0.154833,2,2
Wine,Wine,,58,68,126,58,68,126,7,0.357464,0.388347,33026.288792,6,1,6,0.085934,5,5
Able_Archer_83,Able_Archer_83,,1,14,15,1,14,15,7,0.31826,0.339309,13.523577,1,1,6,0.351648,7,7
Elizabeth_II_of_the_United_Kingdom,Elizabeth_II_of_the_United_Kingdom,,131,100,231,131,100,231,7,0.363262,0.397462,74751.695023,1,1,6,0.060623,12,12
Greenland,Greenland,,69,40,109,69,40,109,7,0.340015,0.366435,11334.446573,7,1,6,0.085666,6,6
Invasion_of_Grenada,Invasion_of_Grenada,,5,24,29,5,24,29,7,0.321465,0.344156,256.366467,1,1,6,0.190769,7,7
Margaret_Thatcher,Margaret_Thatcher,,38,72,110,38,72,110,6,0.361351,0.392949,12570.797691,1,1,6,0.110959,12,12
Mikhail_Gorbachev,Mikhail_Gorbachev,,37,48,85,37,48,85,6,0.341908,0.368936,4837.945814,13,1,6,0.167909,12,12
Ronald_Reagan,Ronald_Reagan,,69,89,158,69,89,158,6,0.356835,0.38985,34603.309746,11,1,6,0.073577,12,12
Abraham_Goldfaden,Abraham_Goldfaden,,0,24,24,0,24,24,7,0.32505,0.348625,0,13,1,25,0.235507,12,12
Asthma,Asthma,,30,13,43,30,13,43,7,0.291215,0.307642,1892.995553,6,1,6,0.026316,14,14
Bucharest,Bucharest,,18,43,61,18,43,61,7,0.331914,0.357661,9274.218585,13,1,6,0.144444,6,6
George_Eliot,George_Eliot,,10,14,24,10,14,24,7,0.321899,0.34303,972.577393,3,1,6,0.135714,12,12
Moscow,Moscow,,127,62,189,127,62,189,7,0.347774,0.377177,48112.939758,13,1,6,0.073443,6,6
Warsaw,Warsaw,,52,56,108,52,56,108,6,0.348102,0.376579,13759.563988,13,1,6,0.115596,6,6
Aircraft_carrier,Aircraft_carrier,,24,39,63,24,39,63,6,0.337946,0.364722,2245.025419,10,1,6,0.164787,4,4
Andrew_Johnson,Andrew_Johnson,,16,8,24,16,8,24,7,0.270537,0.284492,197.658906,11,1,6,0.261438,12,12
Battle_of_Gettysburg,Battle_of_Gettysburg,,12,8,20,12,8,20,7,0.297804,0.315329,812.799592,11,1,6,0.266667,7,7
Charles_Sumner,Charles_Sumner,,5,13,18,5,13,18,7,0.309418,0.328312,490.213379,11,1,6,0.195238,12,12
Chicago,Chicago,,164,34,198,164,34,198,7,0.333635,0.358858,31730.033692,11,1,6,0.040221,6,6
Frederick_Douglass,Frederick_Douglass,,6,27,33,6,27,33,7,0.324762,0.349073,1442.054057,11,1,6,0.195402,12,12
Gettysburg_Address,Gettysburg_Address,,6,22,28,6,22,28,7,0.31714,0.337463,637.018279,11,1,6,0.217391,7,7
James_Buchanan,James_Buchanan,,12,22,34,12,22,34,7,0.324294,0.345067,649.327414,11,1,6,0.188506,12,12
James_K._Polk,James_K._Polk,,16,25,41,16,25,41,7,0.31199,0.332265,1563.861446,11,1,6,0.173563,12,12
Lyndon_B._Johnson,Lyndon_B._Johnson,,23,27,50,23,27,50,7,0.316472,0.338025,3481.127573,11,1,6,0.120732,12,12
Supreme_Court_of_the_United_States,Supreme_Court_of_the_United_States,,65,26,91,65,26,91,7,0.307494,0.329095,8472.030997,11,1,6,0.11705,2,2
Tijuana,Tijuana,,7,14,21,7,14,21,7,0.317761,0.338113,647.066238,11,1,6,0.157895,6,6
United_States_House_of_Representatives,United_States_House_of_Representatives,,64,27,91,64,27,91,7,0.304652,0.324076,5641.310125,11,1,6,0.094035,2,2
William_Tecumseh_Sherman,William_Tecumseh_Sherman,,6,32,38,6,32,38,7,0.326751,0.34999,582.34136,11,1,6,0.168449,12,12
Zachary_Taylor,Zachary_Taylor,,14,18,32,14,18,32,7,0.310318,0.329418,2188.912904,11,1,6,0.212308,12,12
Angelica,Angelica,,2,6,8,2,6,8,8,0.278148,0.292121,37.710484,6,1,6,0.232143,14,14
Antimony,Antimony,,20,28,48,20,28,48,7,0.314239,0.335684,1084.517406,9,1,6,0.203104,14,14
Common_sage,Common_sage,,15,13,28,15,13,28,7,0.299763,0.318175,323.218966,6,1,6,0.220798,14,14
Copper,Copper,,156,67,223,156,67,223,7,0.352369,0.382906,76234.591723,9,1,6,0.058945,14,14
Coriander,Coriander,,13,36,49,13,36,49,7,0.340529,0.368147,1465.865307,6,1,6,0.179078,14,14
Czech_Republic,Czech_Republic,,105,34,139,105,34,139,7,0.31964,0.344808,5621.340754,8,1,6,0.125419,6,6
Distilled_beverage,Distilled_beverage,,7,18,25,7,18,25,7,0.323466,0.344175,883.434472,6,1,6,0.163043,5,5
Ernest_Hemingway,Ernest_Hemingway,,22,42,64,22,42,64,7,0.347625,0.374377,12915.78517,3,1,6,0.093164,12,12
Essential_oil,Essential_oil,,20,23,43,20,23,43,7,0.302086,0.321231,4945.06642,6,1,6,0.139929,14,14
Fennel,Fennel,,17,63,80,17,63,80,7,0.338313,0.366704,7791.462078,6,1,6,0.134004,14,14
Lemon_balm,Lemon_balm,,4,11,15,4,11,15,7,0.298022,0.314316,172.624394,6,1,6,0.198718,14,14
Nutmeg,Nutmeg,,17,31,48,17,31,48,7,0.333498,0.358122,3933.114216,6,1,6,0.178295,5,5
Pablo_Picasso,Pablo_Picasso,,31,18,49,31,18,49,7,0.310509,0.331879,2566.184238,4,1,6,0.143438,12,12
Prague,Prague,,59,45,104,59,45,104,7,0.337777,0.364367,12109.109552,13,1,6,0.10593,6,6
Star_anise,Star_anise,,13,9,22,13,9,22,7,0.296866,0.313139,388.029531,6,1,6,0.287879,14,14
Sugar,Sugar,,80,53,133,80,53,133,7,0.346496,0.375874,20982.084168,6,1,6,0.076681,5,5
Vanuatu,Vanuatu,,37,28,65,37,28,65,7,0.332404,0.35662,2389.58983,8,1,6,0.212719,6,6
Absolute_zero,Absolute_zero,,9,16,25,9,16,25,7,0.304812,0.322863,1679.681804,9,1,6,0.17316,14,14
Carbon,Carbon,,103,72,175,103,72,175,6,0.355926,0.386737,48936.95725,9,1,6,0.08753,14,14
Crystal,Crystal,,60,12,72,60,12,72,7,0.293555,0.309778,4271.72776,9,1,6,0.069712,14,14
Diamond,Diamond,,68,72,140,68,72,140,6,0.364798,0.395338,48353.682953,9,1,6,0.064844,6,6
Empiricism,Empiricism,,26,17,43,26,17,43,7,0.302131,0.319562,1310.425226,3,1,6,0.152916,13,13
Entropy,Entropy,,22,17,39,22,17,39,7,0.299277,0.316479,6571.882593,9,1,6,0.121849,14,14
Max_Planck,Max_Planck,,15,18,33,15,18,33,7,0.313171,0.333949,2312.024915,9,1,6,0.170635,12,12
Robert_Boyle,Robert_Boyle,,19,28,47,19,28,47,7,0.327517,0.350879,3556.377208,9,1,6,0.120209,12,12
Symmetry,Symmetry,,23,51,74,23,51,74,7,0.342746,0.369399,15971.998372,3,1,6,0.059759,10,10
Thermodynamic_temperature,Thermodynamic_temperature,,2,28,30,2,28,30,6,0.32254,0.344063,244.129536,9,1,6,0.21164,14,14
Thermodynamics,Thermodynamics,,23,19,42,23,19,42,7,0.307751,0.327022,3019.061088,9,1,6,0.15121,14,14
William_Thomson%2C_1st_Baron_Kelvin,William_Thomson%2C_1st_Baron_Kelvin,,7,51,58,7,51,58,7,0.350026,0.377307,3415.578021,9,1,6,0.094949,12,12
Abstract_art,Abstract_art,,13,6,19,13,6,19,7,0.282332,0.29647,411.297929,4,1,6,0.183007,0,0
Calligraphy,Calligraphy,,15,34,49,15,34,49,7,0.317811,0.340656,10513.77749,2,1,6,0.080481,0,0
Constructivism_%28art%29,Constructivism_%28art%29,,9,13,22,9,13,22,7,0.30256,0.321295,6634.17326,13,1,6,0.173684,0,0
Fine_art,Fine_art,,10,12,22,10,12,22,7,0.290193,0.306186,1911.879739,4,1,6,0.179654,0,0
Abu_Dhabi,Abu_Dhabi,,8,23,31,8,23,31,7,0.325231,0.347501,1184.444727,10,1,6,0.200739,6,6
Arecaceae,Arecaceae,,10,43,53,10,43,53,7,0.34093,0.36804,3148.67987,2,1,6,0.090204,14,14
Camel,Camel,,25,31,56,25,31,56,7,0.333279,0.35878,3357.756409,7,1,6,0.11727,14,14
Dubai,Dubai,,24,45,69,24,45,69,7,0.343822,0.370423,3428.1433,2,1,6,0.137054,6,6
Emirate,Emirate,,9,7,16,9,7,16,7,0.278319,0.293325,124.432836,8,1,6,0.28022,2,2
Gazelle,Gazelle,,10,10,20,10,10,20,7,0.298417,0.317005,853.015514,7,1,6,0.180147,14,14
Oman,Oman,,53,24,77,53,24,77,7,0.320044,0.342821,2522.1664,8,1,6,0.254902,6,6
Pearl,Pearl,,18,9,27,18,9,27,7,0.299078,0.316045,594.679634,10,1,6,0.093846,5,5
Abuja,Abuja,,8,5,13,8,5,13,7,0.279837,0.293366,152.676431,8,1,6,0.309091,6,6
Bras%C3%ADlia,Bras%C3%ADlia,,8,8,16,8,8,16,7,0.296107,0.312558,119.996718,0,1,6,0.212121,6,6
Lagos,Lagos,,7,13,20,7,13,20,7,0.312688,0.333071,455.645292,8,1,6,0.183007,6,6
Acceleration,Acceleration,,20,7,27,20,7,27,7,0.295481,0.311671,668.107416,9,1,6,0.147692,14,14
Light,Light,,74,55,129,74,55,129,7,0.323776,0.348572,38634.692953,9,1,6,0.068002,14,14
Sea,Sea,,39,24,63,39,24,63,7,0.310699,0.330389,6786.741091,2,1,6,0.059933,6,6
Special_relativity,Special_relativity,,32,14,46,32,14,46,7,0.291487,0.308446,1578.17023,9,1,6,0.188934,14,14
Accountancy,Accountancy,,6,15,21,6,15,21,7,0.320576,0.342695,999.285278,3,1,6,0.152381,1,1
Ancient_Greece,Ancient_Greece,,163,65,228,163,65,228,7,0.34185,0.371798,103520.849197,3,1,6,0.049642,7,7
Beach,Beach,,30,22,52,30,22,52,7,0.320576,0.341599,7862.623412,9,1,6,0.037677,6,6
Clothing,Clothing,,27,32,59,27,32,59,7,0.334626,0.359621,7884.694595,10,1,6,0.065657,5,5
Acetic_acid,Acetic_acid,,16,59,75,16,59,75,7,0.342514,0.370018,11648.490647,9,1,6,0.115625,14,14
Acetone,Acetone,,14,9,23,14,9,23,7,0.29628,0.313578,1092.492802,9,1,6,0.181818,14,14
Actinium,Actinium,,10,16,26,10,16,26,7,0.288315,0.305336,53.614981,9,1,6,0.415205,14,14
BP,BP,,9,25,34,9,25,34,7,0.329593,0.352134,862.290348,1,1,6,0.119318,1,1
Box_jellyfish,Box_jellyfish,,1,10,11,1,10,11,7,0.291991,0.308051,32.415068,7,1,6,0.055556,14,14
Chemical_element,Chemical_element,,138,34,172,138,34,172,7,0.314727,0.337402,18063.14433,9,1,6,0.116344,14,14
Cider,Cider,,9,29,38,9,29,38,6,0.342283,0.36767,1525.59091,1,1,6,0.177177,5,5
Cobalt,Cobalt,,27,40,67,27,40,67,7,0.329728,0.356457,5319.549552,9,1,6,0.125424,14,14
Corrosion,Corrosion,,39,33,72,39,33,72,7,0.3089,0.33043,4201.099379,9,1,6,0.126442,4,4
Food,Food,,63,41,104,63,41,104,7,0.332759,0.357941,20568.218365,6,1,6,0.046073,5,5
Formic_acid,Formic_acid,,6,23,29,6,23,29,7,0.318535,0.339225,1824.251633,9,1,6,0.186154,14,14
Iodine,Iodine,,30,39,69,30,39,69,7,0.310413,0.332769,5441.193649,9,1,6,0.133696,14,14
Iridium,Iridium,,19,35,54,19,35,54,7,0.331833,0.356381,7509.261102,9,1,6,0.155052,14,14
Iron%28III%29_chloride,Iron%28III%29_chloride,,7,13,20,7,13,20,7,0.282824,0.298633,117.334623,9,1,6,0.287582,14,14
Magnesium,Magnesium,,76,42,118,76,42,118,7,0.322053,0.345727,12985.194695,9,1,6,0.115337,14,14
Manganese,Manganese,,38,28,66,38,28,66,7,0.304035,0.325116,4495.076428,9,1,6,0.163534,14,14
Oxygen,Oxygen,,205,30,235,205,30,235,7,0.319439,0.342323,42115.199388,9,1,6,0.058484,14,14
Phase_%28matter%29,Phase_%28matter%29,,157,23,180,157,23,180,7,0.303761,0.323479,18496.467962,9,1,6,0.076758,14,14
Pigment,Pigment,,27,28,55,27,28,55,7,0.331155,0.355041,9903.355421,9,1,6,0.059955,14,14
Rhodium,Rhodium,,13,34,47,13,34,47,7,0.319137,0.341608,10376.568213,9,1,6,0.243243,14,14
Ruthenium,Ruthenium,,12,25,37,12,25,37,7,0.306494,0.326827,813.028034,9,1,6,0.289655,14,14
Soil,Soil,,70,38,108,70,38,108,7,0.317986,0.341119,27544.827352,9,1,6,0.054553,6,6
Sulfur,Sulfur,,71,83,154,71,83,154,7,0.362191,0.393671,35543.773917,9,1,6,0.102012,14,14
Sulfuric_acid,Sulfuric_acid,,44,44,88,44,44,88,6,0.337383,0.362099,10873.340553,9,1,6,0.128044,14,14
Toluene,Toluene,,5,9,14,5,9,14,7,0.279548,0.294357,211.913221,9,1,6,0.212121,14,14
Yeast,Yeast,,22,42,64,22,42,64,7,0.333251,0.358734,9074.501118,6,1,6,0.117647,14,14
Bromine,Bromine,,19,29,48,19,29,48,7,0.323157,0.346675,2929.980098,9,1,6,0.185633,14,14
Chlorine,Chlorine,,65,41,106,65,41,106,7,0.322976,0.34813,16696.179061,9,1,6,0.101832,14,14
Achilles,Achilles,,14,23,37,14,23,37,7,0.307471,0.329176,2311.543704,3,1,6,0.188034,7,7
Agamemnon,Agamemnon,,9,11,20,9,11,20,7,0.295567,0.312699,435.861949,3,1,6,0.280952,12,12
Alexander_the_Great,Alexander_the_Great,,78,56,134,78,56,134,7,0.340215,0.369284,16717.270572,2,1,6,0.084314,12,12
Apollo,Apollo,,29,24,53,29,24,53,7,0.30424,0.322555,9322.46492,3,1,6,0.081313,13,13
Athena,Athena,,24,17,41,24,17,41,7,0.307868,0.328364,7056.163906,3,1,6,0.154356,13,13
Bob_Dylan,Bob_Dylan,,33,44,77,33,44,77,6,0.339275,0.36582,10169.958177,11,1,6,0.082051,12,12
Heracles,Heracles,,20,15,35,20,15,35,7,0.294216,0.311535,2467.068646,3,1,6,0.155172,7,7
Homer,Homer,,56,23,79,56,23,79,7,0.310295,0.331285,7280.917047,3,1,6,0.092656,12,12
Odysseus,Odysseus,,16,30,46,16,30,46,7,0.307774,0.328452,4276.525992,3,1,6,0.174242,7,7
Odyssey,Odyssey,,25,14,39,25,14,39,7,0.292961,0.310701,1457.806663,3,1,6,0.193103,7,7
Trojan_War,Trojan_War,,20,41,61,20,41,61,7,0.319565,0.34355,5337.191019,3,1,6,0.11463,7,7
Achilles_tendon,Achilles_tendon,,0,2,2,0,2,2,8,0.253295,0.264218,0,3,1,26,0,14,14
Acid_rain,Acid_rain,,14,28,42,14,28,42,7,0.323569,0.345891,2952.251234,9,1,6,0.113087,6,6
Biology,Biology,,85,52,137,85,52,137,7,0.334433,0.360784,44323.355639,7,1,6,0.074719,14,14
Fossil_fuel,Fossil_fuel,,33,10,43,33,10,43,7,0.289696,0.305157,1208.146685,9,1,6,0.097598,14,14
Gypsum,Gypsum,,23,17,40,23,17,40,7,0.334406,0.356486,4891.438924,9,1,6,0.084127,6,6
Hydrogen_peroxide,Hydrogen_peroxide,,9,16,25,9,16,25,7,0.289841,0.306839,669.623512,9,1,6,0.211462,14,14
Invasive_species,Invasive_species,,20,20,40,20,20,40,7,0.324632,0.346498,12428.74691,7,1,6,0.090327,2,2
Kyoto_Protocol,Kyoto_Protocol,,12,42,54,12,42,54,7,0.338397,0.364246,1852.530639,11,1,6,0.115294,2,2
Ozone_depletion,Ozone_depletion,,12,17,29,12,17,29,7,0.306958,0.324917,1181.367372,9,1,6,0.150362,2,2
Smog,Smog,,17,22,39,17,22,39,7,0.319842,0.341281,2029.975404,10,1,6,0.076984,2,2
Acorn_Computers,Acorn_Computers,,1,23,24,1,23,24,7,0.312279,0.333011,362.987473,5,1,6,0.136364,8,8
Cambridge,Cambridge,,36,38,74,36,38,74,7,0.329005,0.354105,16979.446931,1,1,6,0.080733,6,6
Commodore_64,Commodore_64,,13,13,26,13,13,26,7,0.319414,0.339367,1427.520885,5,1,6,0.106667,8,8
Floppy_disk,Floppy_disk,,14,15,29,14,15,29,7,0.298154,0.314834,5396.101574,5,1,6,0.076667,8,8
Nottingham,Nottingham,,17,62,79,17,62,79,7,0.348072,0.378119,6531.672477,1,1,6,0.097793,6,6
Pound_sterling,Pound_sterling,,66,40,106,66,40,106,7,0.340472,0.367771,14693.131321,1,1,6,0.067655,1,1
The_Fens,The_Fens,,3,18,21,3,18,21,7,0.317165,0.337346,1046.068293,1,1,6,0.118421,6,6
Unix,Unix,,28,14,42,28,14,42,8,0.275932,0.289994,21405.421705,5,1,6,0.109626,8,8
Video,Video,,12,11,23,12,11,23,7,0.304103,0.321453,899.839007,5,1,6,0.152381,2,2
World_Wide_Web,World_Wide_Web,,21,20,41,21,20,41,7,0.308336,0.326954,21826.240771,5,1,6,0.064011,8,8
ZX_Spectrum,ZX_Spectrum,,13,13,26,13,13,26,7,0.303466,0.321819,5462.072879,5,1,6,0.100791,8,8
Bismuth,Bismuth,,23,37,60,23,37,60,7,0.326278,0.350712,4682.718666,9,1,6,0.174585,14,14
Color,Color,,157,19,176,157,19,176,7,0.31058,0.329891,34209.070563,9,1,6,0.061956,14,14
Francium,Francium,,10,34,44,10,34,44,7,0.326514,0.349429,939.859817,9,1,6,0.233333,14,14
Lanthanum,Lanthanum,,14,28,42,14,28,42,7,0.300363,0.320382,457.349034,9,1,6,0.284921,14,14
List_of_elements_by_name,List_of_elements_by_name,,120,119,239,120,119,239,7,0.314337,0.344858,90784.924722,9,1,6,0.117717,14,14
Magnetism,Magnetism,,126,37,163,126,37,163,7,0.303352,0.324394,22010.566937,9,1,6,0.092816,14,14
Periodic_table,Periodic_table,,110,134,244,110,134,244,7,0.329674,0.364125,85587.54684,9,1,6,0.116788,14,14
Plutonium,Plutonium,,37,41,78,37,41,78,7,0.334682,0.359351,13109.816416,9,1,6,0.140559,14,14
Radium,Radium,,21,38,59,21,38,59,7,0.324242,0.348494,3530.86621,9,1,6,0.198554,14,14
Radon,Radon,,41,36,77,41,36,77,7,0.331914,0.356426,10365.60941,9,1,6,0.145585,14,14
Thorium,Thorium,,28,31,59,28,31,59,7,0.312351,0.333961,6195.893354,9,1,6,0.173895,14,14
Uranium,Uranium,,69,51,120,69,51,120,7,0.338737,0.365847,27659.871078,9,1,6,0.113187,14,14
Action_potential,Action_potential,,11,12,23,11,12,23,8,0.285232,0.300433,1927.383734,7,1,6,0.1,14,14
Calcium,Calcium,,83,42,125,83,42,125,7,0.337636,0.362048,23424.805318,9,1,6,0.103169,14,14
Capacitance,Capacitance,,15,13,28,15,13,28,8,0.263984,0.278448,559.753586,9,1,6,0.323684,14,14
Cell_%28biology%29,Cell_%28biology%29,,54,24,78,54,24,78,7,0.305225,0.324253,10887.914207,7,1,6,0.104087,14,14
Chemical_synapse,Chemical_synapse,,5,3,8,5,3,8,8,0.248407,0.258848,187.966864,7,1,6,0.214286,14,14
Electrical_resistance,Electrical_resistance,,26,8,34,26,8,34,8,0.261195,0.27569,1870.31227,9,1,6,0.201075,14,14
Giraffe,Giraffe,,18,30,48,18,30,48,7,0.312206,0.334993,5235.264866,7,1,6,0.178788,14,14
Multiple_sclerosis,Multiple_sclerosis,,10,36,46,10,36,46,7,0.341994,0.367763,5564.246141,7,1,6,0.083056,14,14
Potassium,Potassium,,71,49,120,71,49,120,7,0.331941,0.358772,23662.152944,9,1,6,0.092376,14,14
Sodium,Sodium,,64,38,102,64,38,102,7,0.322514,0.346763,10816.760089,9,1,6,0.134065,14,14
Volt,Volt,,23,5,28,23,5,28,7,0.280904,0.294507,4421.984891,9,1,6,0.098291,14,14
Whale,Whale,,34,34,68,34,34,68,7,0.340386,0.364872,25191.280215,7,1,6,0.072173,14,14
Actor,Actor,,42,13,55,42,13,55,7,0.300452,0.317864,7123.805991,11,1,6,0.042232,9,9
Drama,Drama,,37,14,51,37,14,51,7,0.307447,0.326391,3482.557252,3,1,6,0.061633,9,9
H%C3%A4nsel_und_Gretel,H%C3%A4nsel_und_Gretel,,1,7,8,1,7,8,7,0.287599,0.303853,47.622066,11,1,6,0.107143,9,9
The_Marriage_of_Figaro,The_Marriage_of_Figaro,,5,4,9,5,4,9,8,0.262497,0.275413,205.007102,13,1,6,0.4,9,9
The_Simpsons,The_Simpsons,,48,33,81,48,33,81,6,0.342978,0.367444,17462.113569,11,1,6,0.053657,5,5
Acts_of_Union_1707,Acts_of_Union_1707,,20,7,27,20,7,27,7,0.297345,0.314295,242.154557,1,1,6,0.272727,7,7
House_of_Lords,House_of_Lords,,62,25,87,62,25,87,7,0.305801,0.32711,5614.279877,1,1,6,0.121005,2,2
Laws_in_Wales_Acts_1535%E2%80%931542,Laws_in_Wales_Acts_1535%E2%80%931542,,10,10,20,10,10,20,7,0.295266,0.312632,1376.88873,1,1,6,0.338095,2,2
Actuary,Actuary,,0,32,32,0,32,32,7,0.338142,0.363274,0,3,1,27,0.159274,1,1
Ancient_Rome,Ancient_Rome,,181,88,269,181,88,269,7,0.357244,0.390019,112240.315024,4,1,6,0.042249,7,7
Business,Business,,44,18,62,44,18,62,7,0.313365,0.333475,5397.786738,3,1,6,0.058681,1,1
Climate_change,Climate_change,,48,31,79,48,31,79,7,0.332159,0.355337,15485.306981,9,1,6,0.077477,6,6
Law,Law,,86,98,184,86,98,184,7,0.356333,0.391778,50301.986157,3,1,6,0.066297,2,2
Mathematics,Mathematics,,151,63,214,151,63,214,7,0.330426,0.358297,103406.81219,3,1,6,0.041124,10,10
Probability_theory,Probability_theory,,7,7,14,7,7,14,8,0.278186,0.293714,224.047083,3,1,6,0.227273,10,10
The_Wall_Street_Journal,The_Wall_Street_Journal,,20,11,31,20,11,31,7,0.306749,0.325329,903.167907,11,1,6,0.093596,2,2
Ethics,Ethics,,56,20,76,56,20,76,7,0.301951,0.321443,8112.047995,3,1,6,0.096974,13,13
John_Maynard_Keynes,John_Maynard_Keynes,,20,23,43,20,23,43,7,0.323363,0.345939,3756.47484,3,1,6,0.181513,1,1
Liberal_democracy,Liberal_democracy,,25,54,79,25,54,79,7,0.344787,0.373995,6303.688055,3,1,6,0.160008,2,2
Liberalism,Liberalism,,39,101,140,39,101,140,7,0.362191,0.396574,18194.314461,3,1,6,0.120312,2,2
Libertarianism,Libertarianism,,21,26,47,21,26,47,7,0.325492,0.348054,2212.457879,3,1,6,0.172436,2,2
Logic,Logic,,41,22,63,41,22,63,7,0.304973,0.324756,6196.244129,3,1,6,0.106397,13,13
Mercantilism,Mercantilism,,17,16,33,17,16,33,7,0.310651,0.329949,1013.498162,3,1,6,0.103448,2,2
Political_economy,Political_economy,,24,19,43,24,19,43,7,0.303966,0.323186,1475.370053,3,1,6,0.159664,2,2
Political_philosophy,Political_philosophy,,32,68,100,32,68,100,7,0.341562,0.370184,6123.323099,3,1,6,0.116531,13,13
Thomas_Malthus,Thomas_Malthus,,12,28,40,12,28,40,7,0.338228,0.361847,2953.778075,3,1,6,0.09879,12,12
Utilitarianism,Utilitarianism,,22,7,29,22,7,29,7,0.285634,0.301311,614.953536,3,1,6,0.166154,13,13
Addis_Ababa,Addis_Ababa,,11,8,19,11,8,19,7,0.299144,0.317527,184.587579,8,1,6,0.132353,6,6
Djibouti,Djibouti,,50,155,205,50,155,205,7,0.360292,0.399044,3873.720984,8,1,6,0.207834,3,3
Adelaide,Adelaide,,18,22,40,18,22,40,7,0.319112,0.339474,7571.452498,12,1,6,0.096825,6,6
Airbus_A380,Airbus_A380,,11,41,52,11,41,52,7,0.340215,0.366858,4746.204375,10,1,6,0.133333,4,4
Australian_English,Australian_English,,9,18,27,9,18,27,7,0.326173,0.347585,1514.703946,12,1,6,0.161667,9,9
Australian_rules_football,Australian_rules_football,,14,25,39,14,25,39,7,0.319792,0.340119,2549.122229,12,1,6,0.114973,5,5
Drought,Drought,,53,15,68,53,15,68,7,0.303989,0.322273,5058.004029,9,1,6,0.060021,6,6
Irish_people,Irish_people,,43,79,122,43,79,122,6,0.362807,0.39496,46770.033712,1,1,6,0.087142,6,6
Manufacturing,Manufacturing,,59,21,80,59,21,80,6,0.325779,0.34734,5498.245791,11,1,6,0.065789,1,1
Mount_Osmond%2C_South_Australia,Mount_Osmond%2C_South_Australia,,2,5,7,2,5,7,7,0.286907,0.300772,112.974508,12,1,6,0.233333,6,6
Murray_River,Murray_River,,8,14,22,8,14,22,7,0.315462,0.334892,1136.237724,7,1,6,0.121053,6,6
Southern_Ocean,Southern_Ocean,,24,14,38,24,14,38,7,0.316323,0.336241,1445.307125,7,1,6,0.18172,6,6
William_IV_of_the_United_Kingdom,William_IV_of_the_United_Kingdom,,25,27,52,25,27,52,7,0.319439,0.342627,1859.824828,1,1,6,0.188153,12,12
Adenosine_triphosphate,Adenosine_triphosphate,,17,13,30,17,13,30,7,0.286806,0.302269,827.215135,9,1,6,0.143116,14,14
DNA_repair,DNA_repair,,7,13,20,7,13,20,8,0.281059,0.295745,569.573787,7,1,6,0.309524,14,14
Eukaryote,Eukaryote,,25,10,35,25,10,35,8,0.270646,0.285079,663.21097,7,1,6,0.296296,14,14
Mitochondrion,Mitochondrion,,11,11,22,11,11,22,7,0.280904,0.295239,2496.712133,7,1,6,0.235294,14,14
Adi_Shankara,Adi_Shankara,,0,15,15,0,15,15,7,0.294246,0.311242,0,10,1,28,0.32381,12,12
Brahman,Brahman,,12,11,23,12,11,23,7,0.296605,0.313301,1739.171335,10,1,6,0.196078,13,13
Chola_dynasty,Chola_dynasty,,9,28,37,9,28,37,7,0.316892,0.340629,429.484116,10,1,6,0.168908,7,7
Himalayas,Himalayas,,54,44,98,54,44,98,7,0.329379,0.354067,26667.454767,10,1,6,0.098596,6,6
Varanasi,Varanasi,,11,23,34,11,23,34,7,0.312279,0.331665,1725.396038,10,1,6,0.1367,6,6
Adolf_Hitler,Adolf_Hitler,,109,78,187,109,78,187,7,0.356396,0.388898,28824.034349,13,1,6,0.092571,12,12
Alcohol,Alcohol,,52,31,83,52,31,83,7,0.330211,0.35308,24665.423189,9,1,6,0.06973,14,14
Anschluss,Anschluss,,13,33,46,13,33,46,7,0.330346,0.355799,4589.061415,13,1,6,0.290385,7,7
Architecture,Architecture,,81,43,124,81,43,124,7,0.339702,0.366248,20103.334545,3,1,6,0.068426,4,4
Attack_on_Pearl_Harbor,Attack_on_Pearl_Harbor,,28,29,57,28,29,57,7,0.330534,0.354821,7178.182087,11,1,6,0.160714,7,7
Battle_of_Britain,Battle_of_Britain,,17,34,51,17,34,51,7,0.33186,0.35694,1104.860094,13,1,6,0.19359,7,7
Battle_of_France,Battle_of_France,,12,30,42,12,30,42,7,0.32471,0.348859,315.720861,13,1,6,0.27563,7,7
Battle_of_Moscow,Battle_of_Moscow,,10,15,25,10,15,25,7,0.294323,0.312396,4687.934177,13,1,6,0.294118,7,7
Battle_of_Stalingrad,Battle_of_Stalingrad,,17,22,39,17,22,39,7,0.316348,0.338432,8113.808207,13,1,6,0.264113,7,7
Benito_Mussolini,Benito_Mussolini,,22,42,64,22,42,64,7,0.337608,0.364091,2775.717576,13,1,6,0.193831,7,7
Charlie_Chaplin,Charlie_Chaplin,,10,31,41,10,31,41,7,0.334765,0.360099,2506.095633,13,1,6,0.199147,12,12
Coventry,Coventry,,17,52,69,17,52,69,6,0.344904,0.373635,4895.911362,1,1,6,0.138701,6,6
Dam,Dam,,37,26,63,37,26,63,7,0.324866,0.346971,7507.755403,11,1,6,0.044915,4,4
Erwin_Rommel,Erwin_Rommel,,12,32,44,12,32,44,7,0.323931,0.349242,5381.212433,13,1,6,0.216967,7,7
Genealogy,Genealogy,,15,16,31,15,16,31,7,0.311535,0.330853,1538.832595,3,1,6,0.046237,5,5
Joseph_Stalin,Joseph_Stalin,,53,67,120,53,67,120,6,0.348252,0.378519,10310.448612,13,1,6,0.13396,12,12
Luftwaffe,Luftwaffe,,36,24,60,36,24,60,6,0.33013,0.353581,2949.757001,13,1,6,0.16582,7,7
Marxism,Marxism,,67,82,149,67,82,149,7,0.348821,0.381239,15818.738582,3,1,6,0.10556,2,2
Nazi_Germany,Nazi_Germany,,140,47,187,140,47,187,7,0.341016,0.367898,30388.222187,13,1,6,0.082439,7,7
Propaganda,Propaganda,,75,46,121,75,46,121,6,0.341764,0.369117,14330.502553,13,1,6,0.062471,2,2
Royal_Air_Force,Royal_Air_Force,,44,29,73,44,29,73,7,0.322951,0.347998,4120.288428,1,1,6,0.101166,7,7
Swastika,Swastika,,13,108,121,13,108,121,7,0.380657,0.414634,12188.744063,10,1,6,0.114509,13,13
Trade_union,Trade_union,,55,12,67,55,12,67,7,0.307751,0.326874,3142.25686,3,1,6,0.073661,2,2
Treaty_of_Versailles,Treaty_of_Versailles,,42,16,58,42,16,58,7,0.304332,0.324253,1479.874464,13,1,6,0.169218,7,7
Vienna,Vienna,,107,55,162,107,55,162,7,0.337918,0.366385,20945.060482,13,1,6,0.074818,6,6
Weimar_Republic,Weimar_Republic,,24,35,59,24,35,59,7,0.331616,0.357378,1350.247554,13,1,6,0.209663,7,7
Winston_Churchill,Winston_Churchill,,85,98,183,85,98,183,7,0.358539,0.392606,57199.248138,1,1,6,0.066471,12,12
Adriaen_van_der_Donck,Adriaen_van_der_Donck,,0,5,5,0,5,5,7,0.288099,0.30347,0,4,1,29,0.5,12,12
The_Hague,The_Hague,,41,24,65,41,24,65,7,0.318385,0.340335,3419.293444,4,1,6,0.094979,6,6
Advertising,Advertising,,42,21,63,42,21,63,6,0.330346,0.354008,12521.888784,5,1,6,0.057018,5,5
Ancient_history,Ancient_history,,15,109,124,15,109,124,7,0.366811,0.402317,10156.505351,2,1,6,0.103103,7,7
Broadcasting,Broadcasting,,19,18,37,19,18,37,7,0.313268,0.333961,2350.083296,5,1,6,0.129032,2,2
IPod,IPod,,13,21,34,13,21,34,7,0.312543,0.332542,7957.796909,5,1,6,0.071264,4,4
Philadelphia,Philadelphia,,42,47,89,42,47,89,6,0.343851,0.370506,17209.653057,11,1,6,0.082213,6,6
Aesthetics,Aesthetics,,35,47,82,35,47,82,7,0.336404,0.362877,14949.239252,3,1,6,0.082481,14,14
Ancient_Egypt,Ancient_Egypt,,124,67,191,124,67,191,7,0.34093,0.370151,56068.171995,2,1,6,0.047463,7,7
Andy_Warhol,Andy_Warhol,,16,11,27,16,11,27,7,0.309253,0.327965,989.850076,4,1,6,0.092308,12,12
Confucius,Confucius,,27,19,46,27,19,46,7,0.301457,0.320491,1409.750157,10,1,6,0.113511,12,12
Dada,Dada,,14,26,40,14,26,40,6,0.326304,0.350563,1000.018579,13,1,6,0.172831,2,2
Drinking_water,Drinking_water,,23,51,74,23,51,74,7,0.354371,0.38237,5420.213325,8,1,6,0.129814,5,5
Earl_of_Shaftesbury,Earl_of_Shaftesbury,,3,4,7,3,4,7,7,0.2779,0.291366,38.175426,1,1,6,0.190476,12,12
Geometry,Geometry,,49,12,61,49,12,61,7,0.28314,0.29929,3324.401169,3,1,6,0.072391,10,10
Guqin,Guqin,,4,34,38,4,34,38,6,0.332241,0.356582,4757.402249,10,1,6,0.126984,11,11
Humour,Humour,,6,7,13,6,7,13,8,0.281176,0.295117,677.459187,3,1,6,0.051282,14,14
Igor_Stravinsky,Igor_Stravinsky,,20,33,53,20,33,53,7,0.326488,0.351211,6543.188053,13,1,6,0.131313,12,12
Indus_Valley_Civilization,Indus_Valley_Civilization,,30,36,66,30,36,66,7,0.323105,0.346991,5712.174786,2,1,6,0.112782,7,7
Ludwig_Wittgenstein,Ludwig_Wittgenstein,,20,39,59,20,39,59,7,0.335902,0.361621,4837.69351,3,1,6,0.111395,12,12
Parthenon,Parthenon,,16,25,41,16,25,41,7,0.326514,0.349672,1904.460251,3,1,6,0.138138,4,4
Visual_arts,Visual_arts,,17,15,32,17,15,32,7,0.305939,0.323685,4999.728166,4,1,6,0.08046,0,0
Afghan_Hound,Afghan_Hound,,1,9,10,1,9,10,7,0.314996,0.333983,75.854925,7,1,6,0.222222,14,14
Dog,Dog,,50,39,89,50,39,89,7,0.331101,0.357173,20946.503954,7,1,6,0.040278,14,14
Fox,Fox,,22,20,42,22,20,42,7,0.31089,0.331231,13612.416045,7,1,6,0.06899,14,14
Azerbaijan,Azerbaijan,,82,144,226,82,144,226,7,0.363066,0.401856,19773.149163,8,1,6,0.170468,6,6
Domestic_goat,Domestic_goat,,33,34,67,33,34,67,7,0.324814,0.34915,5387.410074,7,1,6,0.070917,14,14
Frankfurt,Frankfurt,,37,49,86,37,49,86,6,0.349061,0.376834,10763.272473,4,1,6,0.137912,6,6
Idolatry,Idolatry,,12,10,22,12,10,22,8,0.290901,0.307673,263.568654,2,1,6,0.135714,13,13
Islamic_republic,Islamic_republic,,3,9,12,3,9,12,7,0.303284,0.322775,25.966191,2,1,6,0.388889,2,2
Morphine,Morphine,,11,15,26,11,15,26,7,0.325466,0.345238,3182.381484,9,1,6,0.108333,14,14
Pashtun_people,Pashtun_people,,3,49,52,3,49,52,7,0.344933,0.373025,4996.219345,10,1,6,0.226122,6,6
Persian_literature,Persian_literature,,5,20,25,5,20,25,7,0.31163,0.332276,670.178776,2,1,6,0.177536,9,9
Sassanid_Empire,Sassanid_Empire,,13,44,57,13,44,57,7,0.323569,0.35007,1251.538268,2,1,6,0.20449,7,7
Tajikistan,Tajikistan,,54,29,83,54,29,83,6,0.328445,0.352167,2679.489918,8,1,6,0.214211,3,3
Turkmenistan,Turkmenistan,,53,32,85,53,32,85,7,0.325335,0.35012,1847.384483,8,1,6,0.231925,3,3
Uzbekistan,Uzbekistan,,65,37,102,65,37,102,7,0.334544,0.359621,3564.093802,8,1,6,0.178562,3,3
World_Bank_Group,World_Bank_Group,,9,15,24,9,15,24,7,0.324996,0.346931,554.39473,10,1,6,0.233333,1,1
World_Heritage_Site,World_Heritage_Site,,90,56,146,90,56,146,7,0.355053,0.384405,24697.892111,10,1,6,0.071786,2,2
Algiers,Algiers,,16,50,66,16,50,66,6,0.347416,0.376443,2122.698359,4,1,6,0.207827,6,6
Antananarivo,Antananarivo,,2,15,17,2,15,17,7,0.31089,0.331665,323.633909,2,1,6,0.1375,6,6
Atlantic_slave_trade,Atlantic_slave_trade,,15,58,73,15,58,73,7,0.347148,0.375668,8631.287297,8,1,6,0.135976,7,7
Bamako,Bamako,,4,16,20,4,16,20,7,0.320398,0.342156,331.089683,8,1,6,0.215686,6,6
Banjul,Banjul,,7,9,16,7,9,16,7,0.304492,0.322721,528.857307,2,1,6,0.164835,6,6
Benin,Benin,,59,24,83,59,24,83,7,0.317961,0.341478,2911.303274,8,1,6,0.285766,3,3
Bissau,Bissau,,6,7,13,6,7,13,7,0.288418,0.303975,214.483144,8,1,6,0.263636,6,6
Botswana,Botswana,,61,31,92,61,31,92,7,0.333635,0.358759,7469.642218,8,1,6,0.214286,3,3
Cairo,Cairo,,58,40,98,58,40,98,7,0.336991,0.36405,10893.58617,2,1,6,0.12963,6,6
Carnivore,Carnivore,,39,30,69,39,30,69,7,0.30897,0.329357,35612.032462,7,1,6,0.078794,14,14
Central_African_Republic,Central_African_Republic,,52,36,88,52,36,88,7,0.331643,0.357343,5304.842373,8,1,6,0.264035,3,3
Chad,Chad,,66,151,217,66,151,217,7,0.356333,0.394907,9140.609725,8,1,6,0.180952,3,3
Cheetah,Cheetah,,9,45,54,9,45,54,7,0.334599,0.360143,6793.6958,7,1,6,0.135747,14,14
Cocoa,Cocoa,,25,31,56,25,31,56,7,0.339417,0.363573,4613.786713,0,1,6,0.122857,5,5
Comoros,Comoros,,51,26,77,51,26,77,7,0.322334,0.34651,1732.54469,8,1,6,0.340093,6,6
Conakry,Conakry,,4,6,10,4,6,10,7,0.289592,0.305683,58.748716,11,1,6,0.285714,6,6
Congo_River,Congo_River,,26,21,47,26,21,47,7,0.317612,0.340218,1765.457342,8,1,6,0.188934,6,6
Continent,Continent,,63,56,119,63,56,119,7,0.350935,0.380544,20408.173257,7,1,6,0.099342,6,6
Cotton,Cotton,,79,32,111,79,32,111,6,0.338793,0.364463,13778.733527,8,1,6,0.067857,14,14
Crocodile,Crocodile,,26,20,46,26,20,46,7,0.314703,0.336072,5007.96591,7,1,6,0.110465,14,14
Culture,Culture,,97,58,155,97,58,155,7,0.355676,0.38535,32092.176113,3,1,6,0.074445,5,5
David_Livingstone,David_Livingstone,,12,18,30,12,18,30,7,0.321542,0.344882,943.210038,8,1,6,0.158462,12,12
Deity,Deity,,32,22,54,32,22,54,7,0.319037,0.340286,9412.596308,2,1,6,0.098057,13,13
Desert,Desert,,53,23,76,53,23,76,7,0.322002,0.343538,11488.396874,7,1,6,0.085807,6,6
Despotism,Despotism,,15,8,23,15,8,23,7,0.290901,0.307622,811.046712,3,1,6,0.171053,2,2
El_Aai%C3%BAn,El_Aai%C3%BAn,,2,6,8,2,6,8,7,0.284891,0.300558,0,8,1,6,0.880952,6,6
Elephant,Elephant,,44,40,84,44,40,84,7,0.335097,0.359696,21590.633904,7,1,6,0.063604,14,14
Equatorial_Guinea,Equatorial_Guinea,,50,37,87,50,37,87,7,0.337103,0.362866,9932.08145,8,1,6,0.305946,3,3
Eritrea,Eritrea,,48,99,147,48,99,147,7,0.349152,0.381704,12688.820068,8,1,6,0.236134,3,3
Flute,Flute,,25,23,48,25,23,48,7,0.308571,0.329038,11116.064038,11,1,6,0.054817,11,11
Fossil,Fossil,,125,24,149,125,24,149,7,0.30923,0.328448,15235.888713,7,1,6,0.039956,6,6
Funchal,Funchal,,4,8,12,4,8,12,7,0.299254,0.316434,2950.481196,6,1,6,0.177778,6,6
Gaborone,Gaborone,,3,4,7,3,4,7,7,0.281313,0.295724,81.403322,8,1,6,0.333333,6,6
Great_Pyramid_of_Giza,Great_Pyramid_of_Giza,,8,13,21,8,13,21,7,0.302673,0.321749,412.019408,2,1,6,0.215686,4,4
Guinea,Guinea,,66,28,94,66,28,94,7,0.32432,0.347984,3345.569534,8,1,6,0.263023,3,3
Guinea-Bissau,Guinea-Bissau,,52,21,73,52,21,73,7,0.319918,0.342773,2198.072472,8,1,6,0.299279,3,3
Harare,Harare,,6,17,23,6,17,23,6,0.329835,0.351846,583.898866,6,1,6,0.173684,6,6
Henry_Morton_Stanley,Henry_Morton_Stanley,,9,14,23,9,14,23,7,0.306309,0.326421,565.942897,8,1,6,0.233918,12,12
Herbivore,Herbivore,,59,16,75,59,16,75,7,0.323311,0.344985,10444.248598,7,1,6,0.069417,14,14
Horn_of_Africa,Horn_of_Africa,,15,33,48,15,33,48,7,0.335069,0.359388,8327.544484,8,1,6,0.167073,6,6
Hutu,Hutu,,9,13,22,9,13,22,7,0.31588,0.336861,212.744822,8,1,6,0.341912,6,6
Hyena,Hyena,,13,14,27,13,14,27,7,0.310628,0.330934,9939.826449,7,1,6,0.255411,14,14
Irrigation,Irrigation,,56,20,76,56,20,76,7,0.31163,0.332366,5314.32461,2,1,6,0.087005,6,6
Ishango_bone,Ishango_bone,,1,9,10,1,9,10,7,0.297018,0.315225,1216.461646,8,1,6,0.263889,7,7
Khartoum,Khartoum,,16,20,36,16,20,36,7,0.326409,0.348444,845.733355,8,1,6,0.224138,6,6
Kigali,Kigali,,4,17,21,4,17,21,7,0.308312,0.328072,136.844905,8,1,6,0.27193,6,6
Lake_Victoria,Lake_Victoria,,15,20,35,15,20,35,7,0.32012,0.342119,1363.699868,8,1,6,0.18661,6,6
Las_Palmas_de_Gran_Canaria,Las_Palmas_de_Gran_Canaria,,3,4,7,3,4,7,7,0.292454,0.309319,7.491629,11,1,6,0.833333,6,6
Lesotho,Lesotho,,52,30,82,52,30,82,6,0.3382,0.363559,7405.721981,8,1,6,0.22807,3,3
Libreville,Libreville,,5,6,11,5,6,11,7,0.278109,0.292193,56.932599,8,1,6,0.311111,6,6
Lilongwe,Lilongwe,,3,9,12,3,9,12,7,0.295697,0.313518,48.615563,8,1,6,0.418182,6,6
Lom%C3%A9,Lom%C3%A9,,4,15,19,4,15,19,7,0.321746,0.343091,302.191657,8,1,6,0.232026,6,6
Lusaka,Lusaka,,9,3,12,9,3,12,7,0.283953,0.29939,158.235469,8,1,6,0.218182,6,6
Malawi,Malawi,,49,109,158,49,109,158,7,0.355396,0.389453,7381.005106,8,1,6,0.206223,3,3
Maputo,Maputo,,5,16,21,5,16,21,7,0.317165,0.339159,315.256557,12,1,6,0.251462,6,6
Maseru,Maseru,,2,4,6,2,4,6,7,0.293875,0.30973,1.422071,8,1,6,0.5,6,6
Mayotte,Mayotte,,32,11,43,32,11,43,7,0.302244,0.322335,79.515986,8,1,6,0.525526,6,6
Mbabane,Mbabane,,3,8,11,3,8,11,7,0.312038,0.330703,80.279034,9,1,6,0.277778,6,6
Military_dictatorship,Military_dictatorship,,25,68,93,25,68,93,7,0.334544,0.364788,3561.984108,0,1,6,0.150463,2,2
Mitochondrial_Eve,Mitochondrial_Eve,,3,8,11,3,8,11,7,0.30072,0.318469,469.121417,8,1,6,0.245455,14,14
Monrovia,Monrovia,,7,9,16,7,9,16,7,0.308571,0.327013,504.366361,8,1,6,0.287879,6,6
Nairobi,Nairobi,,16,31,47,16,31,47,7,0.339873,0.365826,2733.983879,8,1,6,0.140534,6,6
Namibia,Namibia,,73,43,116,73,43,116,7,0.344992,0.372406,10044.065544,8,1,6,0.154504,3,3
Nouakchott,Nouakchott,,5,12,17,5,12,17,7,0.298395,0.317492,197.015309,2,1,6,0.208791,6,6
Palm_oil,Palm_oil,,20,16,36,20,16,36,7,0.315462,0.334845,7285.93365,6,1,6,0.082888,5,5
Port_Louis,Port_Louis,,2,11,13,2,11,13,7,0.311033,0.332152,58.602234,10,1,6,0.290909,6,6
Porto-Novo,Porto-Novo,,4,8,12,4,8,12,7,0.294451,0.310659,264.575216,8,1,6,0.163636,6,6
Praia,Praia,,3,10,13,3,10,13,7,0.303216,0.321167,120.492936,8,1,6,0.280303,6,6
Pretoria,Pretoria,,20,20,40,20,20,40,6,0.328792,0.350678,1606.812139,12,1,6,0.185484,6,6
R%C3%A9union,R%C3%A9union,,34,24,58,34,24,58,7,0.329353,0.35199,5495.76564,8,1,6,0.254354,3,3
Rabat,Rabat,,6,8,14,6,8,14,7,0.29667,0.314185,50.511607,0,1,6,0.30303,6,6
Reggae,Reggae,,27,27,54,27,27,54,7,0.323983,0.346755,27207.747597,11,1,6,0.113108,11,11
Republic_of_the_Congo,Republic_of_the_Congo,,49,22,71,49,22,71,7,0.316151,0.339524,1189.069415,8,1,6,0.327445,6,6
Richard_Francis_Burton,Richard_Francis_Burton,,7,40,47,7,40,47,7,0.333224,0.360069,2961.314272,8,1,6,0.146341,12,12
S%C3%A3o_Tom%C3%A9,S%C3%A3o_Tom%C3%A9,,2,7,9,2,7,9,7,0.290985,0.307321,43.692867,8,1,6,0.339286,6,6
S%C3%A3o_Tom%C3%A9_and_Pr%C3%ADncipe,S%C3%A3o_Tom%C3%A9_and_Pr%C3%ADncipe,,42,21,63,42,21,63,7,0.316348,0.338403,1965.838248,8,1,6,0.341198,3,3
Saint_Helena,Saint_Helena,,35,24,59,35,24,59,7,0.335318,0.358599,2867.793997,8,1,6,0.240391,3,3
Sorghum,Sorghum,,17,31,48,17,31,48,7,0.334682,0.359859,2848.510939,6,1,6,0.16113,14,14
Soukous,Soukous,,2,22,24,2,22,24,7,0.317239,0.34008,914.783878,11,1,6,0.203557,11,11
Swaziland,Swaziland,,52,26,78,52,26,78,7,0.330588,0.355012,2822.945367,8,1,6,0.244032,3,3
Temperate,Temperate,,65,13,78,65,13,78,7,0.306982,0.323724,6249.354055,6,1,6,0.054527,14,14
The_Gambia,The_Gambia,,40,34,74,40,34,74,7,0.332759,0.358975,4067.771051,8,1,6,0.266621,3,3
Timbuktu,Timbuktu,,7,29,36,7,29,36,7,0.335014,0.35958,1062.298659,8,1,6,0.175189,6,6
Togo,Togo,,57,27,84,57,27,84,7,0.320728,0.344617,3253.236065,8,1,6,0.271196,3,3
Tripoli,Tripoli,,14,31,45,14,31,45,7,0.335485,0.361168,1100.501162,2,1,6,0.166463,6,6
Trumpet,Trumpet,,21,21,42,21,21,42,7,0.304812,0.324633,4188.739771,11,1,6,0.078571,11,11
Tunis,Tunis,,17,20,37,17,20,37,7,0.321746,0.346017,1964.601886,4,1,6,0.177419,6,6
Tunisia,Tunisia,,93,31,124,93,31,124,7,0.325622,0.350926,5986.757001,8,1,6,0.194746,3,3
Tutsi,Tutsi,,10,12,22,10,12,22,7,0.305041,0.325046,315.874093,8,1,6,0.294118,6,6
United_States_Senate,United_States_Senate,,68,16,84,68,16,84,7,0.289241,0.30686,3419.286602,11,1,6,0.090351,2,2
Victoria%2C_Seychelles,Victoria%2C_Seychelles,,3,12,15,3,12,15,7,0.311343,0.330107,850.571337,1,1,6,0.164835,6,6
Western_Sahara,Western_Sahara,,47,34,81,47,34,81,7,0.332786,0.358126,3492.146446,8,1,6,0.302797,3,3
Zambia,Zambia,,71,96,167,71,96,167,7,0.346851,0.379913,17539.869723,8,1,6,0.184609,3,3
African_American_literature,African_American_literature,,2,29,31,2,29,31,7,0.329379,0.354282,126.23253,11,1,6,0.186207,9,9
Martin_Luther_King%2C_Jr.,Martin_Luther_King%2C_Jr.,,24,44,68,24,44,68,7,0.342428,0.370287,16936.51811,11,1,6,0.108442,12,12
Southern_United_States,Southern_United_States,,28,74,102,28,74,102,6,0.35194,0.382536,17722.928079,11,1,6,0.109363,6,6
African_Black_Oystercatcher,African_Black_Oystercatcher,,0,10,10,0,10,10,7,0.292822,0.309719,0,7,1,30,0.322222,14,14
Bird,Bird,,237,56,293,237,56,293,7,0.326146,0.352657,177979.419344,7,1,6,0.028189,14,14
Bird_migration,Bird_migration,,76,43,119,76,43,119,7,0.340529,0.366336,56035.77835,7,1,6,0.033214,14,14
Feather,Feather,,35,17,52,35,17,52,7,0.299963,0.317009,5445.983593,7,1,6,0.064273,14,14
Plover,Plover,,5,6,11,5,6,11,8,0.260926,0.273536,4625.476848,7,1,6,0.377778,14,14
Wader,Wader,,11,12,23,11,12,23,7,0.284831,0.300493,1131.907761,7,1,6,0.21345,14,14
African_Brush-tailed_Porcupine,African_Brush-tailed_Porcupine,,0,7,7,0,7,7,7,0.289995,0.306483,0,7,1,31,0.285714,14,14
Cave,Cave,,19,31,50,19,31,50,7,0.343938,0.369917,5371.384722,9,1,6,0.113784,6,6
African_Buffalo,African_Buffalo,,2,19,21,2,19,21,7,0.301996,0.321214,126.624927,8,1,6,0.330952,14,14
Hippopotamus,Hippopotamus,,16,44,60,16,44,60,7,0.332268,0.358338,5278.389772,7,1,6,0.132206,14,14
Vertebrate,Vertebrate,,48,13,61,48,13,61,7,0.292496,0.309356,5539.18156,7,1,6,0.112119,14,14
Water_Buffalo,Water_Buffalo,,7,31,38,7,31,38,7,0.324242,0.348334,1214.500524,10,1,6,0.170635,14,14
African_Darter,African_Darter,,1,8,9,1,8,9,7,0.287559,0.303672,19.977439,7,1,6,0.236111,14,14
Cormorant,Cormorant,,9,22,31,9,22,31,7,0.32419,0.345729,5591.338793,7,1,6,0.146825,14,14
Heron,Heron,,10,7,17,10,7,17,8,0.279625,0.293464,256.805028,7,1,6,0.139706,14,14
Sahara,Sahara,,40,47,87,40,47,87,7,0.34211,0.368844,12559.349688,2,1,6,0.096577,6,6
Lake_Albert,Lake_Albert,,10,8,18,10,8,18,7,0.288541,0.30465,176.214221,8,1,6,0.274725,6,6
Lake_Edward,Lake_Edward,,9,7,16,9,7,16,7,0.292898,0.310545,159.780384,8,1,6,0.320513,6,6
Lake_Kivu,Lake_Kivu,,7,9,16,7,9,16,7,0.303579,0.323334,123.382236,8,1,6,0.307692,6,6
Lake_Malawi,Lake_Malawi,,6,13,19,6,13,19,7,0.304583,0.323469,173.492104,8,1,6,0.127451,6,6
Zambezi,Zambezi,,13,40,53,13,40,53,7,0.328233,0.354116,13213.105369,8,1,6,0.126272,6,6
African_Grey_Hornbill,African_Grey_Hornbill,,0,8,8,0,8,8,7,0.291098,0.307726,0,7,1,32,0.357143,14,14
African_Grey_Parrot,African_Grey_Parrot,,1,17,18,1,17,18,7,0.310532,0.330985,80.16573,7,1,6,0.191176,14,14
Cooperative,Cooperative,,18,16,34,18,16,34,6,0.321083,0.342625,1941.968172,3,1,6,0.114532,2,2
Crow,Crow,,18,28,46,18,28,46,7,0.32172,0.345579,7919.958157,7,1,6,0.106707,14,14
Parrot,Parrot,,20,25,45,20,25,45,7,0.337861,0.361222,23901.337748,7,1,6,0.098171,14,14
Raven,Raven,,13,13,26,13,13,26,7,0.304377,0.32214,3904.290526,7,1,6,0.106884,14,14
African_Jacana,African_Jacana,,0,10,10,0,10,10,7,0.29091,0.308328,0,7,1,33,0.333333,14,14
Coot,Coot,,2,11,13,2,11,13,7,0.296975,0.312961,291.476102,7,1,6,0.198718,14,14
Insect,Insect,,105,34,139,105,34,139,7,0.311654,0.33294,31575.704263,7,1,6,0.041176,14,14
African_Penguin,African_Penguin,,3,14,17,3,14,17,7,0.302357,0.321619,183.019874,7,1,6,0.233333,14,14
Fish,Fish,,146,13,159,146,13,159,7,0.296627,0.312394,20730.544582,7,1,6,0.033635,14,14
Magellanic_Penguin,Magellanic_Penguin,,4,14,18,4,14,18,7,0.301547,0.318908,1271.298219,7,1,6,0.214286,14,14
Chadian-Sudanese_conflict,Chadian-Sudanese_conflict,,1,22,23,1,22,23,7,0.302019,0.322839,5.201669,8,1,6,0.339827,7,7
Economy_of_Africa,Economy_of_Africa,,3,101,104,3,101,104,6,0.360388,0.394623,2359.572875,8,1,6,0.129489,1,1
Human_rights,Human_rights,,71,71,142,71,71,142,7,0.353752,0.38422,38263.237329,3,1,6,0.07573,2,2
Lord%27s_Resistance_Army,Lord%27s_Resistance_Army,,5,11,16,5,11,16,7,0.301368,0.321265,59.830653,8,1,6,0.358974,2,2
African_Wild_Dog,African_Wild_Dog,,3,10,13,3,10,13,7,0.290985,0.308169,438.225632,7,1,6,0.371212,14,14
African_clawed_frog,African_clawed_frog,,3,6,9,3,6,9,8,0.277823,0.291873,78.588958,7,1,6,0.321429,14,14
Frog,Frog,,25,41,66,25,41,66,7,0.33369,0.357906,28444.374788,7,1,6,0.077401,14,14
African_dwarf_frog,African_dwarf_frog,,1,6,7,1,6,7,7,0.285372,0.301013,8.71092,7,1,6,0.466667,14,14
African_slave_trade,African_slave_trade,,7,24,31,7,24,31,7,0.335485,0.359877,204.948885,8,1,6,0.190805,7,7
Mining,Mining,,84,33,117,84,33,117,7,0.330507,0.35399,21792.338389,9,1,6,0.061815,1,1
Peace,Peace,,17,29,46,17,29,46,6,0.333772,0.358502,3754.648321,3,1,6,0.078788,2,2
Auckland,Auckland,,26,17,43,26,17,43,7,0.310509,0.330253,1551.166051,10,1,6,0.080297,6,6
History_of_South_Africa,History_of_South_Africa,,5,105,110,5,105,110,7,0.370161,0.404714,1890.046067,12,1,6,0.11177,7,7
Hollandic,Hollandic,,8,7,15,8,7,15,7,0.275501,0.289681,119.602684,4,1,6,0.455556,9,9
Linguistics,Linguistics,,50,11,61,50,11,61,8,0.293555,0.310943,8133.933957,3,1,6,0.081169,9,9
Suriname,Suriname,,34,40,74,34,40,74,7,0.350328,0.37781,3720.194449,0,1,6,0.156498,3,3
West_Flemish,West_Flemish,,8,8,16,8,8,16,7,0.284651,0.299617,213.687298,4,1,6,0.445455,9,9
Helen,Helen,,7,13,20,7,13,20,7,0.289861,0.306499,662.01704,3,1,6,0.3,12,12
Sean_Connery,Sean_Connery,,9,22,31,9,22,31,7,0.326777,0.349932,1829.99548,1,1,6,0.099206,12,12
Age_of_Enlightenment,Age_of_Enlightenment,,61,53,114,61,53,114,7,0.329219,0.355333,20904.680286,3,1,6,0.081485,13,13
Algebra,Algebra,,20,21,41,20,21,41,7,0.298417,0.317408,11390.833938,3,1,6,0.125397,10,10
Baroque,Baroque,,57,41,98,57,41,98,7,0.329406,0.355259,19914.585112,4,1,6,0.07628,0,0
Edward_Gibbon,Edward_Gibbon,,16,11,27,16,11,27,7,0.295891,0.313504,2457.541973,4,1,6,0.130769,7,7
Johann_Wolfgang_Goethe,Johann_Wolfgang_Goethe,,5,39,44,5,39,44,7,0.326356,0.351287,1316.548331,3,1,6,0.103049,12,12
Property,Property,,26,33,59,26,33,59,7,0.324658,0.34755,6430.098966,3,1,6,0.082468,2,2
United_States_Declaration_of_Independence,United_States_Declaration_of_Independence,,18,20,38,18,20,38,7,0.310842,0.330851,4152.342232,11,1,6,0.152116,7,7
Aggregator,Aggregator,,3,6,9,3,6,9,7,0.265106,0.277532,122.33783,5,1,6,0.166667,8,8
Ajax_%28programming%29,Ajax_%28programming%29,,3,2,5,3,2,5,8,0.234634,0.242976,8.600017,5,1,6,0.25,8,8
ITunes,ITunes,,7,39,46,7,39,46,6,0.335014,0.360862,8603.113663,5,1,6,0.159756,4,4
Podcasting,Podcasting,,6,10,16,6,10,16,7,0.272026,0.285223,10857.276998,5,1,6,0.134615,8,8
RSS_%28file_format%29,RSS_%28file_format%29,,6,6,12,6,6,12,7,0.256469,0.267999,187.219431,5,1,6,0.25,8,8
Agnosticism,Agnosticism,,12,7,19,12,7,19,7,0.289427,0.304464,341.790226,3,1,6,0.191176,13,13
Atheism,Atheism,,43,46,89,43,46,89,7,0.345345,0.371561,19156.600411,3,1,6,0.084914,13,13
Bertrand_Russell,Bertrand_Russell,,30,69,99,30,69,99,6,0.357433,0.387987,13863.812805,3,1,6,0.105882,12,12
God,God,,126,36,162,126,36,162,7,0.33358,0.35797,35019.652636,2,1,6,0.042425,13,13
Andes,Andes,,47,19,66,47,19,66,7,0.307797,0.326822,9619.68617,0,1,6,0.098694,6,6
Arable_land,Arable_land,,27,20,47,27,20,47,7,0.32116,0.342808,5351.591387,1,1,6,0.044444,5,5
Barley,Barley,,32,26,58,32,26,58,7,0.339446,0.363664,3003.151592,6,1,6,0.118099,14,14
Beekeeping,Beekeeping,,7,16,23,7,16,23,7,0.327649,0.349425,1417.61908,7,1,6,0.158009,5,5
Biodiesel,Biodiesel,,19,34,53,19,34,53,7,0.330453,0.35486,41606.114199,6,1,6,0.090381,2,2
Botany,Botany,,27,38,65,27,38,65,7,0.31419,0.336373,6033.045753,6,1,6,0.081356,14,14
Egg_%28food%29,Egg_%28food%29,,19,23,42,19,23,42,7,0.330615,0.35184,5106.760354,6,1,6,0.083215,5,5
Fertile_Crescent,Fertile_Crescent,,8,32,40,8,32,40,7,0.317488,0.340457,675.873845,2,1,6,0.213371,6,6
Fertilizer,Fertilizer,,43,23,66,43,23,66,7,0.298395,0.317673,8530.517666,9,1,6,0.07683,5,5
Flower,Flower,,88,26,114,88,26,114,7,0.323492,0.344718,22952.504139,6,1,6,0.05467,14,14
History_of_the_world,History_of_the_world,,7,147,154,7,147,154,6,0.387683,0.425354,3878.418175,2,1,6,0.110508,7,7
Honey,Honey,,32,37,69,32,37,69,7,0.346496,0.373025,8339.112761,6,1,6,0.086058,5,5
Horse,Horse,,55,65,120,55,65,120,6,0.363099,0.392329,41872.413231,7,1,6,0.055073,14,14
Meat,Meat,,37,22,59,37,22,59,7,0.322155,0.343266,10519.153729,7,1,6,0.081412,5,5
Milk,Milk,,41,56,97,41,56,97,7,0.360484,0.389778,14718.641802,6,1,6,0.095028,5,5
Pea,Pea,,19,26,45,19,26,45,7,0.32432,0.346819,5429.387988,6,1,6,0.100284,14,14
Phosphorus,Phosphorus,,41,52,93,41,52,93,7,0.339616,0.367399,21904.786112,9,1,6,0.098259,14,14
Soil_salination,Soil_salination,,7,5,12,7,5,12,7,0.265245,0.277134,113.954409,9,1,6,0.136364,6,6
Soybean,Soybean,,14,48,62,14,48,62,7,0.342139,0.368875,8739.878087,6,1,6,0.096429,5,5
Sumer,Sumer,,37,53,90,37,53,90,7,0.328845,0.355658,15037.944133,2,1,6,0.07057,7,7
Weed,Weed,,13,3,16,13,3,16,8,0.255934,0.266264,536.096838,6,1,6,0.1,14,14
Airbus,Airbus,,11,31,42,11,31,42,7,0.337159,0.362467,2265.517192,10,1,6,0.254622,4,4
Aircraft,Aircraft,,44,18,62,44,18,62,7,0.317214,0.337712,5608.913958,9,1,6,0.065167,4,4
BAE_Systems,BAE_Systems,,8,17,25,8,17,25,7,0.307751,0.328016,2134.424447,1,1,6,0.179842,1,1
British_English,British_English,,34,21,55,34,21,55,7,0.325806,0.348568,7636.58226,1,1,6,0.113933,9,9
Concorde,Concorde,,8,43,51,8,43,51,6,0.346614,0.373791,3455.404342,1,1,6,0.133865,4,4
Boeing_747,Boeing_747,,19,35,54,19,35,54,7,0.335818,0.360917,3325.874039,11,1,6,0.112858,4,4
Brisbane,Brisbane,,21,18,39,21,18,39,7,0.314972,0.334816,2842.178263,12,1,6,0.080159,6,6
Fiberglass,Fiberglass,,6,8,14,6,8,14,7,0.271843,0.2857,646.049999,9,1,6,0.104396,4,4
Montreal,Montreal,,56,79,135,56,79,135,6,0.361287,0.392888,25175.300273,11,1,6,0.096552,6,6
Titanium,Titanium,,44,74,118,44,74,118,7,0.35434,0.384672,15326.833892,9,1,6,0.12483,14,14
Welding,Welding,,26,43,69,26,43,69,7,0.338002,0.363532,16120.007535,9,1,6,0.112429,4,4
Airship,Airship,,14,27,41,14,27,41,7,0.343152,0.367162,5438.925584,13,1,6,0.147059,4,4
Boat,Boat,,16,7,23,16,7,23,7,0.29704,0.312945,662.842849,1,1,6,0.059524,4,4
Hot_air_balloon,Hot_air_balloon,,8,12,20,8,12,20,7,0.315241,0.334929,516.705868,4,1,6,0.161765,4,4
Hovercraft,Hovercraft,,7,11,18,7,11,18,7,0.302605,0.320232,470.306427,1,1,6,0.1375,4,4
Battle_of_Midway,Battle_of_Midway,,9,18,27,9,18,27,7,0.306703,0.326775,5851.712968,10,1,6,0.234211,7,7
F-35_Lightning_II,F-35_Lightning_II,,3,22,25,3,22,25,7,0.32962,0.353279,143.872152,13,1,6,0.305195,7,7
Imperial_Japanese_Navy,Imperial_Japanese_Navy,,14,35,49,14,35,49,7,0.338059,0.363878,1332.886021,10,1,6,0.200846,7,7
Shanghai,Shanghai,,54,80,134,54,80,134,6,0.355864,0.387276,13530.955322,10,1,6,0.110199,6,6
Alberto_Santos-Dumont,Alberto_Santos-Dumont,,4,24,28,4,24,28,7,0.332295,0.355178,758.709363,11,1,6,0.156667,12,12
English_Channel,English_Channel,,60,33,93,60,33,93,7,0.325152,0.348794,14594.489849,1,1,6,0.085601,6,6
Gibraltar,Gibraltar,,48,45,93,48,45,93,7,0.339503,0.366875,22683.259068,8,1,6,0.132562,6,6
Shark,Shark,,37,37,74,37,37,74,7,0.319741,0.34229,46336.891228,7,1,6,0.079117,14,14
Internet_Explorer,Internet_Explorer,,11,13,24,11,13,24,7,0.275333,0.289237,4232.632717,5,1,6,0.181287,8,8
Microsoft,Microsoft,,43,13,56,43,13,56,7,0.300319,0.318645,10408.418519,5,1,6,0.062194,8,8
Malwa_%28Madhya_Pradesh%29,Malwa_%28Madhya_Pradesh%29,,3,29,32,3,29,32,7,0.328233,0.351376,6547.047907,10,1,6,0.090805,6,6
Akhenaten,Akhenaten,,5,12,17,5,12,17,7,0.310247,0.330144,628.636591,2,1,6,0.106618,12,12
Sigmund_Freud,Sigmund_Freud,,30,38,68,30,38,68,7,0.335735,0.36057,9891.775087,3,1,6,0.08796,12,12
Akira_Kurosawa,Akira_Kurosawa,,3,12,15,3,12,15,7,0.308923,0.32801,9624.650957,13,1,6,0.143939,12,12
Crime,Crime,,39,23,62,39,23,62,7,0.319515,0.341114,9012.513224,3,1,6,0.060491,2,2
Macbeth,Macbeth,,14,16,30,14,16,30,7,0.300786,0.31919,4710.70411,1,1,6,0.126482,9,9
Ran_%28film%29,Ran_%28film%29,,1,7,8,1,7,8,7,0.277728,0.290944,4621.232743,10,1,6,0.071429,5,5
Star_Wars_Episode_IV__A_New_Hope,Star_Wars_Episode_IV__A_New_Hope,,11,23,34,11,23,34,7,0.305455,0.32376,14760.431847,13,1,6,0.088319,5,5
Akkadian_Empire,Akkadian_Empire,,5,15,20,5,15,20,7,0.308125,0.32733,117.92009,2,1,6,0.35,7,7
Assyria,Assyria,,28,16,44,28,16,44,7,0.294729,0.312863,1343.852334,2,1,6,0.152916,7,7
Astronomy,Astronomy,,95,75,170,95,75,170,7,0.338793,0.367701,86474.734118,9,1,6,0.06521,14,14
Babylonia,Babylonia,,33,22,55,33,22,55,7,0.306425,0.325583,6662.559496,2,1,6,0.102683,7,7
Hammurabi,Hammurabi,,9,6,15,9,6,15,8,0.283041,0.29787,145.335261,2,1,6,0.30303,7,7
Akrotiri_and_Dhekelia,Akrotiri_and_Dhekelia,,8,15,23,8,15,23,7,0.312158,0.33311,204.228056,8,1,6,0.284211,6,6
ECHELON,ECHELON,,2,54,56,2,54,56,7,0.355427,0.38438,563.184371,10,1,6,0.180519,2,2
Turkish_Republic_of_Northern_Cyprus,Turkish_Republic_of_Northern_Cyprus,,22,12,34,22,12,34,7,0.309607,0.329903,131.787393,8,1,6,0.455914,6,6
Aksumite_currency,Aksumite_currency,,1,14,15,1,14,15,7,0.306309,0.327305,4588.045325,2,1,6,0.3,7,7
GDRT,GDRT,,1,6,7,1,6,7,7,0.291361,0.307313,24.796016,8,1,6,0.380952,7,7
Al_Jazeera,Al_Jazeera,,7,35,42,7,35,42,7,0.332895,0.358455,469.058792,2,1,6,0.197724,2,2
Bahrain,Bahrain,,48,37,85,48,37,85,7,0.33358,0.35864,4320.822249,8,1,6,0.267568,6,6
Buenos_Aires,Buenos_Aires,,43,49,92,43,49,92,7,0.343618,0.371442,6060.281662,0,1,6,0.152512,6,6
Doha,Doha,,9,16,25,9,16,25,7,0.32213,0.342865,1006.088984,2,1,6,0.205628,6,6
Federal_Bureau_of_Investigation,Federal_Bureau_of_Investigation,,49,21,70,49,21,70,7,0.307844,0.327537,15900.646583,11,1,6,0.081119,2,2
Alamosaurus,Alamosaurus,,1,17,18,1,17,18,7,0.295476,0.312943,4.689396,7,1,35,0.281046,14,14
Cretaceous,Cretaceous,,85,49,134,85,49,134,7,0.338228,0.365508,39693.093572,7,1,6,0.066294,6,6
Dinosaur,Dinosaur,,98,90,188,98,90,188,7,0.362223,0.393293,169663.848324,7,1,6,0.067308,14,14
Parasaurolophus,Parasaurolophus,,1,12,13,1,12,13,8,0.301062,0.317965,39.472947,7,1,34,0.346154,14,14
Reptile,Reptile,,108,28,136,108,28,136,7,0.312351,0.331924,28219.754826,7,1,6,0.075689,14,14
Saltasaurus,Saltasaurus,,3,18,21,3,18,21,7,0.309065,0.328381,60.204174,7,1,6,0.260526,14,14
Saurischia,Saurischia,,38,15,53,38,15,53,8,0.287722,0.303441,1157.777526,7,1,6,0.200966,14,14
Sauropodomorpha,Sauropodomorpha,,17,24,41,17,24,41,7,0.305271,0.325079,798.337309,7,1,6,0.224751,14,14
Alan_Turing,Alan_Turing,,11,22,33,11,22,33,7,0.322951,0.344995,3351.373193,1,1,6,0.087438,12,12
Algorithm,Algorithm,,26,20,46,26,20,46,7,0.308453,0.327108,12944.934764,3,1,6,0.074913,10,10
Boston%2C_Massachusetts,Boston%2C_Massachusetts,,115,32,147,115,32,147,6,0.330292,0.353486,49805.733288,11,1,6,0.033137,6,6
Computer_science,Computer_science,,40,17,57,40,17,57,7,0.293789,0.311219,6802.92901,3,1,6,0.080357,8,8
Enigma_machine,Enigma_machine,,5,17,22,5,17,22,6,0.324502,0.346629,5053.268946,13,1,6,0.195238,4,4
Princeton_University,Princeton_University,,31,38,69,31,38,69,7,0.335874,0.36136,16468.305456,11,1,6,0.046131,2,2
Rainbow,Rainbow,,11,25,36,11,25,36,7,0.318636,0.339653,2517.441248,9,1,6,0.068548,6,6
Southampton,Southampton,,20,49,69,20,49,69,7,0.348791,0.378096,5333.740609,1,1,6,0.136171,6,6
Trinity_College%2C_Cambridge,Trinity_College%2C_Cambridge,,26,19,45,26,19,45,7,0.328472,0.351499,2842.92,1,1,6,0.126923,2,2
University_of_Texas_at_Austin,University_of_Texas_at_Austin,,6,11,17,6,11,17,7,0.31058,0.330259,213.77811,11,1,6,0.2,6,6
Andorra,Andorra,,41,54,95,41,54,95,7,0.351422,0.380273,3377.424309,8,1,6,0.271945,6,6
Bosnia_and_Herzegovina,Bosnia_and_Herzegovina,,74,58,132,74,58,132,6,0.347476,0.37692,8249.535996,8,1,6,0.188017,6,6
Bronze_Age,Bronze_Age,,60,35,95,60,35,95,7,0.33013,0.355596,8940.74288,2,1,6,0.073461,7,7
Brunei,Brunei,,47,25,72,47,25,72,7,0.326488,0.349462,1179.996558,8,1,6,0.229808,3,3
Estonia,Estonia,,72,42,114,72,42,114,7,0.333992,0.361434,4338.412493,8,1,6,0.19429,6,6
Guyana,Guyana,,48,57,105,48,57,105,7,0.35696,0.386016,17325.349786,8,1,6,0.145395,3,3
Herodotus,Herodotus,,43,11,54,43,11,54,7,0.300519,0.320041,2698.843313,2,1,6,0.102745,7,7
Jordan,Jordan,,70,50,120,70,50,120,7,0.345786,0.373835,7500.857316,2,1,6,0.171782,6,6
Kazakhstan,Kazakhstan,,94,42,136,94,42,136,7,0.339105,0.366145,14025.098346,8,1,6,0.151102,3,3
Kosovo,Kosovo,,37,46,83,37,46,83,7,0.328925,0.356278,5365.365838,8,1,6,0.169215,6,6
Liechtenstein,Liechtenstein,,44,113,157,44,113,157,6,0.360548,0.395062,8279.321487,8,1,6,0.218476,6,6
Macedon,Macedon,,28,11,39,28,11,39,7,0.303761,0.322372,585.206629,3,1,6,0.142045,6,6
Moldova,Moldova,,47,37,84,47,37,84,7,0.329567,0.355452,2674.50171,8,1,6,0.264865,6,6
Principality,Principality,,19,26,45,19,26,45,7,0.333169,0.359279,853.313043,8,1,6,0.266667,2,2
Republic_of_Macedonia,Republic_of_Macedonia,,40,78,118,40,78,118,6,0.348521,0.380636,2250.069476,8,1,6,0.316976,6,6
Slovenia,Slovenia,,77,139,216,77,139,216,7,0.356176,0.394534,48319.035167,8,1,6,0.157865,6,6
Stone_Age,Stone_Age,,23,40,63,23,40,63,7,0.339987,0.367267,12430.200947,1,1,6,0.074317,7,7
Thucydides,Thucydides,,18,7,25,18,7,25,7,0.279663,0.29438,342.986391,3,1,6,0.105072,7,7
Yemen,Yemen,,68,140,208,68,140,208,7,0.365061,0.403226,14178.493563,8,1,6,0.171783,6,6
Albatross,Albatross,,10,63,73,10,63,73,7,0.353845,0.382545,16361.243093,7,1,6,0.114452,14,14
Bird_of_prey,Bird_of_prey,,26,10,36,26,10,36,8,0.274736,0.288457,3710.687941,7,1,6,0.164368,14,14
Crustacean,Crustacean,,34,13,47,34,13,47,8,0.283239,0.298092,6068.47575,7,1,6,0.077696,14,14
Easter_Island,Easter_Island,,13,18,31,13,18,31,7,0.312206,0.331604,2102.208455,0,1,6,0.087692,3,3
Eocene,Eocene,,25,29,54,25,29,54,7,0.334931,0.359368,3611.336389,7,1,6,0.121961,6,6
Extinction,Extinction,,55,39,94,55,39,94,7,0.332622,0.357499,23323.799404,7,1,6,0.051724,14,14
Falkland_Islands,Falkland_Islands,,31,44,75,31,44,75,7,0.347863,0.375286,6620.87282,0,1,6,0.159207,3,3
Gull,Gull,,16,18,34,16,18,34,7,0.31846,0.338366,14152.239174,7,1,6,0.121693,14,14
Krill,Krill,,18,23,41,18,23,41,7,0.313486,0.333261,1688.04562,7,1,6,0.137302,14,14
Midway_Atoll,Midway_Atoll,,6,20,26,6,20,26,7,0.323182,0.345215,1613.850966,11,1,6,0.237154,6,6
Monty_Python,Monty_Python,,13,48,61,13,48,61,6,0.348851,0.375781,8671.052945,1,1,6,0.078342,5,5
Oligocene,Oligocene,,20,19,39,20,19,39,7,0.31058,0.330027,3091.605044,7,1,6,0.106723,6,6
Popular_culture,Popular_culture,,50,22,72,50,22,72,7,0.307098,0.327044,7607.367142,3,1,6,0.03706,5,5
Serenity_%28film%29,Serenity_%28film%29,,4,25,29,4,25,29,6,0.329513,0.352195,5290.737056,1,1,6,0.148148,5,5
The_Rime_of_the_Ancient_Mariner,The_Rime_of_the_Ancient_Mariner,,3,24,27,3,24,27,7,0.334075,0.355746,2717.617372,1,1,6,0.103333,9,9
Weather,Weather,,37,43,80,37,43,80,7,0.328286,0.352503,13537.532934,9,1,6,0.072574,6,6
Anarchism,Anarchism,,46,40,86,46,40,86,7,0.329781,0.354696,10650.932437,3,1,6,0.07009,13,13
Asperger_syndrome,Asperger_syndrome,,3,26,29,3,26,29,7,0.318661,0.339487,1477.506471,3,1,6,0.082011,14,14
Atom,Atom,,69,42,111,69,42,111,7,0.316397,0.34028,23699.845283,9,1,6,0.100206,14,14
Attention-deficit_hyperactivity_disorder,Attention-deficit_hyperactivity_disorder,,5,6,11,5,6,11,7,0.285433,0.299665,454.786827,3,1,6,0.033333,14,14
Edward_Teller,Edward_Teller,,8,32,40,8,32,40,6,0.339304,0.364319,2238.083059,13,1,6,0.168563,12,12
Einsteinium,Einsteinium,,9,21,30,9,21,30,7,0.298176,0.316789,1343.214834,9,1,6,0.296443,14,14
Electrical_engineering,Electrical_engineering,,15,44,59,15,44,59,7,0.343997,0.369892,6231.917072,9,1,6,0.088312,4,4
Euclidean_geometry,Euclidean_geometry,,13,8,21,13,8,21,7,0.292539,0.308686,563.960294,3,1,6,0.229167,10,10
Franklin_D._Roosevelt,Franklin_D._Roosevelt,,60,72,132,60,72,132,7,0.350692,0.382357,12353.276156,11,1,6,0.10798,12,12
Geography,Geography,,53,47,100,53,47,100,7,0.344113,0.371335,21628.18401,3,1,6,0.056689,6,6
Intelligence,Intelligence,,6,6,12,6,6,12,8,0.267909,0.280344,679.803314,3,1,6,0.075758,14,14
Linus_Pauling,Linus_Pauling,,17,52,69,17,52,69,6,0.348252,0.375238,8960.073907,9,1,6,0.10487,12,12
Luminiferous_aether,Luminiferous_aether,,9,12,21,9,12,21,7,0.291823,0.307971,761.994227,9,1,6,0.380952,14,14
Matter,Matter,,40,16,56,40,16,56,7,0.291319,0.30914,4124.511693,9,1,6,0.139881,14,14
Microscope,Microscope,,31,12,43,31,12,43,7,0.284053,0.299675,5133.894509,9,1,6,0.055488,4,4
Nature,Nature,,43,69,112,43,69,112,7,0.346052,0.374743,29427.319204,9,1,6,0.074678,14,14
Niels_Bohr,Niels_Bohr,,22,28,50,22,28,50,7,0.338737,0.363487,6757.33245,9,1,6,0.158569,12,12
Nuclear_fission,Nuclear_fission,,27,34,61,27,34,61,6,0.332186,0.357026,4818.623309,9,1,6,0.117172,14,14
Paul_Dirac,Paul_Dirac,,15,32,47,15,32,47,7,0.335041,0.35908,11451.298155,9,1,6,0.150782,12,12
Richard_Feynman,Richard_Feynman,,25,33,58,25,33,58,7,0.33789,0.361111,9338.177273,9,1,6,0.105496,12,12
Schizophrenia,Schizophrenia,,21,39,60,21,39,60,6,0.344963,0.370675,6256.421782,3,1,6,0.076528,14,14
Stuttgart,Stuttgart,,24,23,47,24,23,47,6,0.326225,0.349885,2206.935413,13,1,6,0.12888,6,6
Electricity,Electricity,,109,38,147,109,38,147,7,0.31058,0.331623,39462.95479,9,1,6,0.042932,14,14
French_Open_%28tennis%29,French_Open_%28tennis%29,,18,11,29,18,11,29,7,0.289323,0.305517,714.695899,12,1,6,0.395238,5,5
Rio_de_Janeiro,Rio_de_Janeiro,,30,43,73,30,43,73,7,0.35051,0.378147,4940.155702,0,1,6,0.137897,6,6
S%C3%A3o_Paulo,S%C3%A3o_Paulo,,26,79,105,26,79,105,6,0.353937,0.385377,5809.636309,0,1,6,0.140781,6,6
Theodore_Roosevelt,Theodore_Roosevelt,,48,60,108,48,60,108,7,0.340586,0.36872,20865.8721,11,1,6,0.066422,12,12
Wright_brothers,Wright_brothers,,4,6,10,4,6,10,7,0.286542,0.299954,200.025824,11,1,6,0.053571,12,12
Albertosaurus,Albertosaurus,,0,21,21,0,21,21,7,0.314927,0.334444,0,7,1,36,0.245238,14,14
Allosaurus,Allosaurus,,8,26,34,8,26,34,7,0.32445,0.345616,5153.654369,7,1,6,0.235632,14,14
Deinonychus,Deinonychus,,7,12,19,7,12,19,8,0.28243,0.296956,93.940021,7,1,6,0.420833,14,14
Fossil_record,Fossil_record,,24,24,48,24,24,48,7,0.30923,0.328448,2334.136081,7,1,6,0.088384,6,6
Theropoda,Theropoda,,25,25,50,25,25,50,7,0.316768,0.338751,7772.08127,7,1,6,0.205803,14,14
Tyrannosaurus,Tyrannosaurus,,25,47,72,25,47,72,7,0.332023,0.356854,8796.40678,7,1,6,0.140395,14,14
Albigensian_Crusade,Albigensian_Crusade,,9,6,15,9,6,15,7,0.272282,0.285845,671.243552,4,1,6,0.3,13,13
Children%27s_Crusade,Children%27s_Crusade,,5,20,25,5,20,25,7,0.324814,0.347145,722.739485,4,1,6,0.305263,13,13
German_Crusade%2C_1096,German_Crusade%2C_1096,,5,14,19,5,14,19,7,0.294344,0.312396,121.598769,4,1,6,0.368132,13,13
Lyon,Lyon,,25,26,51,25,26,51,7,0.323905,0.348802,4455.43236,4,1,6,0.117172,6,6
Albinism,Albinism,,5,9,14,5,9,14,8,0.286279,0.300871,4877.014504,7,1,6,0.038462,14,14
Chromatophore,Chromatophore,,1,14,15,1,14,15,8,0.274605,0.290214,141.396059,7,1,6,0.247253,14,14
Color_blindness,Color_blindness,,8,13,21,8,13,21,7,0.308219,0.326405,969.191699,7,1,6,0.1625,14,14
Papua_New_Guinea,Papua_New_Guinea,,51,52,103,51,52,103,7,0.349754,0.378331,12717.139584,8,1,6,0.082537,6,6
Retina,Retina,,24,11,35,24,11,35,8,0.28764,0.303428,2738.814741,7,1,6,0.07957,14,14
Albrecht_D%C3%BCrer,Albrecht_D%C3%BCrer,,14,28,42,14,28,42,7,0.316991,0.338654,1795.510771,4,1,6,0.112686,12,12
Anatomy,Anatomy,,31,5,36,31,5,36,7,0.285674,0.30026,910.344778,7,1,6,0.066387,14,14
Antwerp,Antwerp,,44,54,98,44,54,98,7,0.344699,0.37478,13468.753974,4,1,6,0.124487,6,6
Drawing,Drawing,,16,15,31,16,15,31,7,0.300586,0.317297,1785.542857,4,1,6,0.103175,0,0
Printmaking,Printmaking,,11,10,21,11,10,21,7,0.288788,0.303716,2373.959364,4,1,6,0.149123,0,0
Rembrandt,Rembrandt,,5,28,33,5,28,33,7,0.329139,0.352111,1070.876621,4,1,6,0.16129,12,12
Albrecht_Rodenbach,Albrecht_Rodenbach,,0,2,2,0,2,2,8,0.254775,0.266358,0,4,1,37,0.5,12,12
Flemish_%28linguistics%29,Flemish_%28linguistics%29,,4,9,13,4,9,13,7,0.284431,0.300207,578.801783,4,1,6,0.371212,9,9
Astrology,Astrology,,34,47,81,34,47,81,7,0.344581,0.372513,10793.486798,9,1,6,0.10312,5,5
Ben_Jonson,Ben_Jonson,,14,19,33,14,19,33,7,0.306958,0.327371,14594.995012,1,1,6,0.162698,12,12
Canterbury,Canterbury,,21,29,50,21,29,50,7,0.317786,0.342099,3632.734424,1,1,6,0.122532,6,6
Carl_Jung,Carl_Jung,,14,29,43,14,29,43,7,0.32458,0.34681,7454.063934,3,1,6,0.094872,12,12
Cryptography,Cryptography,,20,38,58,20,38,58,7,0.336795,0.362689,25108.657572,3,1,6,0.0773,8,8
Ernest_Rutherford,Ernest_Rutherford,,14,20,34,14,20,34,7,0.318961,0.338358,4198.457984,9,1,6,0.137931,12,12
Frankenstein,Frankenstein,,15,26,41,15,26,41,7,0.326672,0.349635,3794.086217,3,1,6,0.084127,9,9
Glass,Glass,,94,45,139,94,45,139,7,0.325466,0.350556,29978.447876,9,1,6,0.069435,14,14
Guild,Guild,,22,23,45,22,23,45,7,0.322642,0.345418,3432.966401,3,1,6,0.091362,1,1
History_of_science,History_of_science,,13,138,151,13,138,151,7,0.36741,0.404654,14359.062482,3,1,6,0.055975,14,14
Hydrochloric_acid,Hydrochloric_acid,,36,28,64,36,28,64,7,0.313099,0.334088,8321.098944,9,1,6,0.125253,14,14
J._K._Rowling,J._K._Rowling,,5,29,34,5,29,34,7,0.334931,0.359109,7178.324912,1,1,6,0.138105,12,12
John_Dee,John_Dee,,5,40,45,5,40,45,7,0.339759,0.365999,5336.647138,1,1,6,0.131823,12,12
Mercury_%28element%29,Mercury_%28element%29,,60,64,124,60,64,124,6,0.350177,0.379617,30284.510624,9,1,6,0.081477,14,14
Metallurgy,Metallurgy,,23,22,45,23,22,45,7,0.300764,0.319221,2887.422441,9,1,6,0.132664,14,14
Mysticism,Mysticism,,22,31,53,22,31,53,7,0.317761,0.340798,5319.36801,3,1,6,0.081224,13,13
Mythology,Mythology,,63,23,86,63,23,86,7,0.303125,0.322206,13652.61888,3,1,6,0.055315,9,9
Nintendo,Nintendo,,26,35,61,26,35,61,6,0.332377,0.357852,28108.390791,10,1,6,0.106275,5,5
Oxford,Oxford,,61,37,98,61,37,98,7,0.331155,0.356303,18439.958561,1,1,6,0.061032,6,6
Potassium_nitrate,Potassium_nitrate,,13,9,22,13,9,22,7,0.27509,0.289613,209.852889,9,1,6,0.235294,14,14
Psychology,Psychology,,64,30,94,64,30,94,7,0.331724,0.3557,17378.791737,3,1,6,0.067751,14,14
Pythagoras,Pythagoras,,16,17,33,16,17,33,7,0.308008,0.327466,1384.615293,3,1,6,0.103448,12,12
Silver,Silver,,106,55,161,106,55,161,7,0.35054,0.379038,44672.751253,9,1,6,0.065683,14,14
Star_Trek,Star_Trek,,24,16,40,24,16,40,7,0.319867,0.33935,12629.286149,3,1,6,0.063492,5,5
Alcibiades,Alcibiades,,7,12,19,7,12,19,7,0.295158,0.312294,2715.206379,3,1,6,0.233333,12,12
Demosthenes,Demosthenes,,7,31,38,7,31,38,7,0.322206,0.345626,2143.90644,3,1,6,0.12437,12,12
Pericles,Pericles,,12,21,33,12,21,33,7,0.311343,0.332037,1907.582052,3,1,6,0.161376,12,12
Socrates,Socrates,,20,17,37,20,17,37,7,0.299564,0.318043,1580.834932,3,1,6,0.151478,12,12
Thrasybulus,Thrasybulus,,2,7,9,2,7,9,7,0.279394,0.293833,24.66862,3,1,6,0.238095,12,12
Algol,Algol,,3,11,14,3,11,14,7,0.301996,0.31957,293.514601,9,1,6,0.275641,14,14
Benzene,Benzene,,18,23,41,18,23,41,6,0.33013,0.351945,5568.938524,9,1,6,0.132132,14,14
Lithium_aluminium_hydride,Lithium_aluminium_hydride,,2,16,18,2,16,18,7,0.296475,0.314326,136.613498,9,1,6,0.295833,14,14
Phosphorus_tribromide,Phosphorus_tribromide,,5,7,12,5,7,12,7,0.269584,0.282811,229.895246,9,1,6,0.339286,14,14
Sodium_hydroxide,Sodium_hydroxide,,24,28,52,24,28,52,7,0.314874,0.336642,4963.924444,9,1,6,0.129798,14,14
Vanilla,Vanilla,,13,28,41,13,28,41,7,0.324996,0.349413,1741.247678,8,1,6,0.147226,14,14
Zinc_chloride,Zinc_chloride,,5,9,14,5,9,14,7,0.286017,0.301812,71.009165,9,1,6,0.242424,14,14
Nikolai_Rimsky-Korsakov,Nikolai_Rimsky-Korsakov,,7,6,13,7,6,13,7,0.283338,0.29863,100.999887,13,1,6,0.333333,12,12
Aleksandr_Vasilevsky,Aleksandr_Vasilevsky,,3,10,13,3,10,13,7,0.290297,0.307459,49.879124,13,1,6,0.462121,12,12
Polish-Soviet_War,Polish-Soviet_War,,18,33,51,18,33,51,7,0.317363,0.340644,4532.887327,13,1,6,0.248171,7,7
Virtuti_Militari,Virtuti_Militari,,7,27,34,7,27,34,7,0.328952,0.352124,739.841664,13,1,6,0.241379,7,7
Aleksey_Arakcheyev,Aleksey_Arakcheyev,,0,4,4,0,4,4,7,0.281226,0.295768,0,13,1,38,0.416667,12,12
Nightingale,Nightingale,,3,12,15,3,12,15,7,0.311057,0.330956,1280.867637,7,1,6,0.159341,14,14
Bath%2C_Somerset,Bath%2C_Somerset,,4,63,67,4,63,67,7,0.339588,0.369471,1183.808152,1,1,6,0.08774,6,6
James_Garfield,James_Garfield,,5,18,23,5,18,23,7,0.301906,0.319939,721.30741,11,1,6,0.189474,12,12
Selenium,Selenium,,23,31,54,23,31,54,7,0.307961,0.329398,3248.859474,9,1,6,0.16715,14,14
James_Monroe,James_Monroe,,12,19,31,12,19,31,7,0.306008,0.325825,415.800391,11,1,6,0.193732,12,12
John_Adams,John_Adams,,26,22,48,26,22,48,7,0.317314,0.338824,2964.057801,11,1,6,0.14359,12,12
Ganges_River,Ganges_River,,21,19,40,21,19,40,7,0.315462,0.334982,2764.969443,10,1,6,0.086174,6,6
Pyramid,Pyramid,,15,17,32,15,17,32,7,0.323054,0.343928,2082.227238,2,1,6,0.094253,4,4
Siege,Siege,,33,57,90,33,57,90,7,0.34388,0.372762,6893.167166,4,1,6,0.079272,7,7
Alfred_Hitchcock,Alfred_Hitchcock,,15,23,38,15,23,38,7,0.329058,0.351856,3097.046416,11,1,6,0.098413,12,12
Citizen_Kane,Citizen_Kane,,7,23,30,7,23,30,7,0.327199,0.35058,1050.156142,13,1,6,0.191954,5,5
Henry_Fonda,Henry_Fonda,,9,18,27,9,18,27,7,0.317314,0.338539,811.661807,11,1,6,0.160079,12,12
James_Stewart_%28actor%29,James_Stewart_%28actor%29,,5,22,27,5,22,27,7,0.329192,0.351869,423.699409,11,1,6,0.17,12,12
Los_Angeles%2C_California,Los_Angeles%2C_California,,81,112,193,81,112,193,6,0.371313,0.406504,41950.972454,11,1,6,0.066506,6,6
Salvador_Dal%C3%AD,Salvador_Dal%C3%AD,,10,28,38,10,28,38,7,0.328206,0.351958,2656.27335,4,1,6,0.16221,12,12
Silent_film,Silent_film,,9,9,18,9,9,18,7,0.29176,0.30728,5058.628815,11,1,6,0.0875,5,5
Walt_Disney,Walt_Disney,,15,26,41,15,26,41,7,0.324138,0.346292,10547.39734,11,1,6,0.083926,12,12
Esperanto,Esperanto,,15,54,69,15,54,69,7,0.343239,0.372855,6162.594243,3,1,6,0.101632,9,9
Nobel_Peace_Prize,Nobel_Peace_Prize,,42,57,99,42,57,99,7,0.346111,0.375449,11359.104232,13,1,6,0.088649,2,2
Nobelium,Nobelium,,8,17,25,8,17,25,7,0.303443,0.32246,575.081012,9,1,6,0.267974,14,14
Stroke,Stroke,,48,11,59,48,11,59,7,0.31276,0.331126,6528.625911,11,1,6,0.033117,14,14
Consolation_of_Philosophy,Consolation_of_Philosophy,,7,7,14,7,7,14,8,0.275951,0.289125,176.005511,4,1,6,0.159341,13,13
Hampshire,Hampshire,,20,50,70,20,50,70,7,0.341045,0.368357,4599.248884,1,1,6,0.091803,6,6
Old_English_language,Old_English_language,,42,20,62,42,20,62,7,0.313244,0.333581,4639.150402,1,1,6,0.067857,9,9
Watling_Street,Watling_Street,,5,14,19,5,14,19,7,0.307284,0.32668,216.601129,1,1,6,0.175,6,6
Wessex,Wessex,,24,15,39,24,15,39,8,0.299963,0.318128,1112.949261,1,1,6,0.131933,6,6
Differential_equation,Differential_equation,,18,12,30,18,12,30,7,0.286279,0.302532,2506.854215,9,1,6,0.137931,10,10
Elementary_algebra,Elementary_algebra,,2,5,7,2,5,7,8,0.268193,0.280902,6.872438,3,1,6,0.566667,10,10
Group_%28mathematics%29,Group_%28mathematics%29,,12,8,20,12,8,20,7,0.272172,0.285878,5420.718394,3,1,6,0.2125,10,10
Linear_algebra,Linear_algebra,,5,20,25,5,20,25,7,0.329647,0.351371,2493.560539,3,1,6,0.175325,10,10
Mathematical_analysis,Mathematical_analysis,,15,18,33,15,18,33,7,0.308102,0.328471,3135.784006,3,1,6,0.201058,10,10
Matrix_%28mathematics%29,Matrix_%28mathematics%29,,11,8,19,11,8,19,7,0.288685,0.30498,858.49731,3,1,6,0.1625,10,10
Muhammad_ibn_Musa_al-Khwarizmi,Muhammad_ibn_Musa_al-Khwarizmi,,3,23,26,3,23,26,7,0.320221,0.343524,362.92449,3,1,6,0.185,12,12
Number,Number,,13,40,53,13,40,53,7,0.323157,0.348356,7847.861372,3,1,6,0.109694,10,10
Quantity,Quantity,,4,6,10,4,6,10,8,0.272062,0.286403,83.839173,3,1,6,0.321429,10,10
Set,Set,,12,4,16,12,4,16,7,0.286867,0.301792,1535.514634,3,1,6,0.166667,10,10
Topology,Topology,,15,11,26,15,11,26,7,0.292159,0.308908,1308.501907,3,1,6,0.130952,10,10
Algerian_Civil_War,Algerian_Civil_War,,1,16,17,1,16,17,7,0.320272,0.341406,8.114287,8,1,6,0.304167,7,7
Berber_languages,Berber_languages,,13,24,37,13,24,37,7,0.312158,0.333118,1138.78565,8,1,6,0.258621,9,9
Climate,Climate,,138,8,146,138,8,146,7,0.284731,0.29925,7301.81197,8,1,6,0.04639,6,6
Oat,Oat,,11,44,55,11,44,55,6,0.354061,0.380324,2455.833332,6,1,6,0.136078,14,14
Barcelona,Barcelona,,48,54,102,48,54,102,6,0.338935,0.367189,9653.112789,4,1,6,0.115185,6,6
Geneva,Geneva,,40,30,70,40,30,70,7,0.322309,0.34584,7212.763533,4,1,6,0.059887,6,6
Sirius,Sirius,,7,19,26,7,19,26,7,0.313462,0.333176,772.202776,9,1,6,0.148333,14,14
Algoma_Central_Railway,Algoma_Central_Railway,,0,6,6,0,6,6,7,0.279155,0.293716,0,11,1,39,0.5,4,4
Hudson_Bay,Hudson_Bay,,15,8,23,15,8,23,7,0.295589,0.312158,478.959439,11,1,6,0.168421,6,6
Lake_Superior,Lake_Superior,,19,21,40,19,21,40,7,0.311057,0.331174,1609.402248,11,1,6,0.09127,6,6
Charles_Babbage,Charles_Babbage,,10,16,26,10,16,26,6,0.3281,0.349067,2055.285148,1,1,6,0.112648,12,12
Clock,Clock,,11,26,37,11,26,37,7,0.321669,0.343711,5274.125214,4,1,6,0.081105,4,4
Functional_programming,Functional_programming,,6,3,9,6,3,9,8,0.242638,0.251998,4271.104089,5,1,6,0.190476,8,8
Imperative_programming,Imperative_programming,,2,7,9,2,7,9,7,0.27661,0.290378,1500.327293,5,1,6,0.178571,8,8
Programming_language,Programming_language,,16,12,28,16,12,28,7,0.289944,0.306086,9199.277097,5,1,6,0.090769,8,8
Alice%27s_Adventures_in_Wonderland,Alice%27s_Adventures_in_Wonderland,,8,22,30,8,22,30,7,0.326435,0.348414,5691.429897,1,1,6,0.093915,9,9
Game,Game,,13,29,42,13,29,42,7,0.313074,0.333767,5349.042556,3,1,6,0.046559,5,5
Llandudno,Llandudno,,1,18,19,1,18,19,7,0.31662,0.33823,55.182039,1,1,6,0.107843,6,6
Richard_III_%28play%29,Richard_III_%28play%29,,11,16,27,11,16,27,7,0.291487,0.308784,1285.643803,1,1,6,0.171053,9,9
River_Thames,River_Thames,,37,32,69,37,32,69,7,0.332704,0.357703,17274.872271,1,1,6,0.091243,6,6
All_Blacks,All_Blacks,,6,14,20,6,14,20,7,0.304035,0.322088,3957.987199,12,1,6,0.114286,5,5
Babe_Ruth,Babe_Ruth,,8,8,16,8,8,16,7,0.304789,0.321745,275.943451,11,1,6,0.159341,12,12
Donald_Bradman,Donald_Bradman,,4,15,19,4,15,19,7,0.292307,0.308651,187.02146,12,1,6,0.19281,12,12
History_of_South_Africa_in_the_apartheid_era,History_of_South_Africa_in_the_apartheid_era,,5,56,61,5,56,61,7,0.354867,0.384861,1092.245578,12,1,6,0.137347,7,7
Jonah_Lomu,Jonah_Lomu,,2,18,20,2,18,20,7,0.304629,0.323178,77.601711,12,1,6,0.120915,12,12
Rugby_World_Cup,Rugby_World_Cup,,11,19,30,11,19,30,7,0.326593,0.350445,5780.648327,1,1,6,0.238462,5,5
Super_14,Super_14,,9,11,20,9,11,20,7,0.310675,0.32956,388.279666,12,1,6,0.186842,5,5
Tiger_Woods,Tiger_Woods,,3,15,18,3,15,18,7,0.314556,0.334917,1317.596978,11,1,6,0.068627,12,12
Wellington,Wellington,,20,15,35,20,15,35,7,0.304973,0.325346,1533.857304,12,1,6,0.094828,6,6
All_You_Need_Is_Love_%28The_JAMs_song%29,All_You_Need_Is_Love_%28The_JAMs_song%29,,1,10,11,1,10,11,7,0.299005,0.315882,395.823406,11,1,40,0.044444,11,11
The_Illuminatus%21_Trilogy,The_Illuminatus%21_Trilogy,,2,25,27,2,25,27,7,0.325937,0.349345,2147.12234,11,1,6,0.12963,9,9
Whitney_Joins_The_JAMs,Whitney_Joins_The_JAMs,,1,3,4,1,3,4,7,0.262422,0.273999,6.067483,11,1,40,0,11,11
All_your_base_are_belong_to_us,All_your_base_are_belong_to_us,,0,1,1,0,1,1,7,0.268579,0.280403,0,10,1,41,0,8,8
Allah,Allah,,18,13,31,18,13,31,7,0.292856,0.310246,411.268453,2,1,6,0.17,13,13
Isaac,Isaac,,10,11,21,10,11,21,8,0.287334,0.303544,805.477474,2,1,6,0.279167,12,12
Trinity,Trinity,,21,23,44,21,23,44,7,0.307517,0.328391,9778.41233,2,1,6,0.130631,13,13
Allegory_in_the_Middle_Ages,Allegory_in_the_Middle_Ages,,2,6,8,2,6,8,8,0.274457,0.288087,141.198592,4,1,6,0.214286,13,13
Medieval_literature,Medieval_literature,,6,28,34,6,28,34,7,0.318535,0.342736,1032.988231,4,1,6,0.16221,9,9
Alligator,Alligator,,3,14,17,3,14,17,7,0.314898,0.333823,358.973187,7,1,6,0.175,14,14
Family,Family,,26,11,37,26,11,37,7,0.307961,0.32714,1490.097635,3,1,6,0.080159,5,5
Pond,Pond,,18,10,28,18,10,28,7,0.317761,0.337324,1062.762014,7,1,6,0.075397,5,5
Spring_%28season%29,Spring_%28season%29,,41,17,58,41,17,58,6,0.321695,0.341177,11379.959393,9,1,6,0.076546,5,5
Yangtze_River,Yangtze_River,,20,18,38,20,18,38,7,0.314532,0.337645,2316.860508,10,1,6,0.141935,6,6
Alliterative_verse,Alliterative_verse,,3,9,12,3,9,12,7,0.293789,0.309893,75.358656,1,1,6,0.159091,9,9
Ezra_Pound,Ezra_Pound,,23,32,55,23,32,55,7,0.332731,0.357485,11319.023561,3,1,6,0.144444,12,12
Hebrides,Hebrides,,15,9,24,15,9,24,7,0.291697,0.307109,827.702183,1,1,6,0.225146,6,6
J._R._R._Tolkien,J._R._R._Tolkien,,15,56,71,15,56,71,7,0.35194,0.379677,31452.420953,1,1,6,0.081157,12,12
Apatosaurus,Apatosaurus,,8,15,23,8,15,23,7,0.31187,0.330185,262.003105,7,1,6,0.357143,14,14
Calvin_and_Hobbes,Calvin_and_Hobbes,,8,13,21,8,13,21,7,0.299719,0.316327,2972.400745,11,1,6,0.055147,5,5
Camarasaurus,Camarasaurus,,6,21,27,6,21,27,7,0.30624,0.324773,169.479461,7,1,6,0.289855,14,14
Diplodocus,Diplodocus,,9,25,34,9,25,34,6,0.328845,0.35171,1967.205623,7,1,6,0.252137,14,14
Jurassic,Jurassic,,47,30,77,47,30,77,7,0.33851,0.363105,14087.849956,7,1,6,0.104427,6,6
Stegosaurus,Stegosaurus,,9,30,39,9,30,39,7,0.32172,0.344516,6892.504304,7,1,6,0.193405,14,14
Almaty,Almaty,,5,6,11,5,6,11,7,0.294558,0.311751,57.883313,4,1,6,0.285714,6,6
Almond,Almond,,12,33,45,12,33,45,7,0.334488,0.360034,4009.642807,6,1,6,0.133444,14,14
British_Isles,British_Isles,,72,79,151,72,79,151,6,0.35133,0.381442,43735.739016,1,1,6,0.066169,6,6
Diabetes_mellitus,Diabetes_mellitus,,12,21,33,12,21,33,7,0.319716,0.340787,3046.287654,11,1,6,0.054187,14,14
Fatty_acid,Fatty_acid,,39,17,56,39,17,56,7,0.296388,0.314211,13224.634945,6,1,6,0.06549,14,14
Olive_oil,Olive_oil,,19,57,76,19,57,76,7,0.333005,0.360065,78112.683858,6,1,6,0.116393,5,5
Plum,Plum,,13,13,26,13,13,26,7,0.314361,0.334691,657.238143,6,1,6,0.143116,14,14
Seed,Seed,,72,29,101,72,29,101,7,0.322514,0.345388,15550.912789,6,1,6,0.049451,14,14
Alpaca,Alpaca,,4,20,24,4,20,24,7,0.320601,0.341819,521.819103,7,1,6,0.202381,14,14
Ostrich,Ostrich,,22,45,67,22,45,67,7,0.335457,0.362567,14250.959475,7,1,6,0.085813,14,14
Alphabet,Alphabet,,19,14,33,19,14,33,7,0.304537,0.324214,1154.73505,2,1,6,0.071573,9,9
Latin_alphabet,Latin_alphabet,,47,35,82,47,35,82,7,0.324658,0.350884,10690.654929,2,1,6,0.1147,9,9
Alternating_current,Alternating_current,,23,16,39,23,16,39,7,0.301614,0.320518,2175.071661,9,1,6,0.096257,4,4
Electromagnetic_radiation,Electromagnetic_radiation,,42,30,72,42,30,72,7,0.303852,0.323982,7052.361395,9,1,6,0.162987,14,14
Information,Information,,28,19,47,28,19,47,7,0.310532,0.33008,6325.552603,3,1,6,0.069767,10,10
Radio_frequency,Radio_frequency,,10,12,22,10,12,22,7,0.305041,0.324209,1250.93069,9,1,6,0.134503,14,14
Thomas_Edison,Thomas_Edison,,18,21,39,18,21,39,7,0.327887,0.350492,3168.674918,11,1,6,0.104202,12,12
Alternation_of_generations,Alternation_of_generations,,1,5,6,1,5,6,7,0.28316,0.297782,20.332897,9,1,6,0.2,14,14
Fern,Fern,,24,17,41,24,17,41,7,0.303239,0.320888,6687.541352,7,1,6,0.070175,14,14
Moss,Moss,,12,9,21,12,9,21,7,0.301413,0.318513,625.244968,7,1,6,0.097368,14,14
Alternative_rock,Alternative_rock,,17,26,43,17,26,43,6,0.332459,0.355978,2006.61488,11,1,6,0.133603,11,11
Arctic_Monkeys,Arctic_Monkeys,,5,24,29,5,24,29,7,0.325989,0.348337,10282.374182,1,1,6,0.196667,11,11
Folk_music,Folk_music,,54,33,87,54,33,87,7,0.328765,0.353261,16503.240203,11,1,6,0.04995,11,11
Kurt_Cobain,Kurt_Cobain,,7,23,30,7,23,30,7,0.322283,0.344456,739.07407,11,1,6,0.161232,12,12
Nirvana_%28band%29,Nirvana_%28band%29,,14,15,29,14,15,29,7,0.322053,0.343379,921.020165,11,1,6,0.167692,11,11
Oasis_%28band%29,Oasis_%28band%29,,11,20,31,11,20,31,6,0.327305,0.34993,11624.434275,11,1,6,0.243083,11,11
The_Smiths,The_Smiths,,8,12,20,8,12,20,7,0.307424,0.326634,932.730033,11,1,6,0.2125,11,11
Aluminium_chloride,Aluminium_chloride,,7,13,20,7,13,20,7,0.281802,0.297806,441.903717,9,1,6,0.154412,14,14
Beryllium,Beryllium,,18,35,53,18,35,53,7,0.308782,0.331038,2743.597629,9,1,6,0.204017,14,14
Bicycle,Bicycle,,29,37,66,29,37,66,6,0.348551,0.374486,8269.989819,9,1,6,0.104707,4,4
Boron,Boron,,27,42,69,27,42,69,7,0.333525,0.359489,4664.312111,9,1,6,0.141291,14,14
Compact_Disc,Compact_Disc,,32,7,39,32,7,39,7,0.309324,0.327948,3657.586743,5,1,6,0.061111,8,8
Corundum,Corundum,,8,9,17,8,9,17,7,0.299697,0.317634,209.437934,9,1,6,0.195238,6,6
Gallium,Gallium,,12,34,46,12,34,46,7,0.314044,0.336574,752.173067,9,1,6,0.243697,14,14
Humphry_Davy,Humphry_Davy,,22,28,50,22,28,50,7,0.320424,0.342639,2728.763889,9,1,6,0.127439,12,12
Mohs_scale_of_mineral_hardness,Mohs_scale_of_mineral_hardness,,63,14,77,63,14,77,7,0.29294,0.309334,2108.474284,9,1,6,0.157715,6,6
Molybdenum,Molybdenum,,25,43,68,25,43,68,7,0.338935,0.365255,4719.23547,9,1,6,0.19631,14,14
Neon,Neon,,25,25,50,25,25,50,7,0.304126,0.324288,1093.514217,9,1,6,0.257085,14,14
Neutron,Neutron,,120,20,140,120,20,140,7,0.318585,0.340144,13006.818374,9,1,6,0.108329,14,14
Piccadilly_Circus,Piccadilly_Circus,,4,13,17,4,13,17,7,0.319162,0.339063,2433.831976,1,1,6,0.119048,6,6
Platinum,Platinum,,32,36,68,32,36,68,7,0.337721,0.362556,8071.954383,9,1,6,0.154449,14,14
Quartz,Quartz,,35,14,49,35,14,49,7,0.297629,0.31489,2020.800585,9,1,6,0.108537,6,6
Recycling,Recycling,,17,26,43,17,26,43,7,0.321033,0.343451,3544.735046,9,1,6,0.099573,2,2
Screw,Screw,,5,19,24,5,19,24,6,0.332923,0.354839,3824.973506,9,1,6,0.136364,4,4
Strontium,Strontium,,17,39,56,17,39,56,7,0.326567,0.351061,3094.754568,9,1,6,0.191489,14,14
Tantalum,Tantalum,,10,45,55,10,45,55,7,0.327094,0.353458,2809.584261,9,1,6,0.166667,14,14
Water_purification,Water_purification,,10,25,35,10,25,35,7,0.301077,0.320203,2041.089172,9,1,6,0.136782,5,5
Copper%28I%29_chloride,Copper%28I%29_chloride,,3,6,9,3,6,9,7,0.278052,0.292386,35.759872,9,1,6,0.464286,14,14
Dysprosium,Dysprosium,,9,24,33,9,24,33,7,0.305708,0.326467,599.599535,9,1,6,0.266154,14,14
Ytterbium,Ytterbium,,10,24,34,10,24,34,7,0.305939,0.326023,573.789817,9,1,6,0.193122,14,14
B_vitamins,B_vitamins,,4,11,15,4,11,15,8,0.274215,0.288225,1293.684518,6,1,6,0.17033,14,14
Pneumonia,Pneumonia,,51,26,77,51,26,77,7,0.330319,0.351865,19274.197061,11,1,6,0.045674,14,14
Vitamin_C,Vitamin_C,,37,31,68,37,31,68,7,0.334599,0.358424,9920.717527,6,1,6,0.072951,14,14
Amaranth_oil,Amaranth_oil,,1,2,3,1,2,3,8,0.230669,0.238762,1.316505,6,1,6,0,14,14
Lipid,Lipid,,17,5,22,17,5,22,7,0.27678,0.290388,1509.558973,6,1,6,0.066667,14,14
Amarillo%2C_Texas,Amarillo%2C_Texas,,5,44,49,5,44,49,7,0.332077,0.356498,10739.337569,11,1,6,0.069843,6,6
Auto_racing,Auto_racing,,13,15,28,13,15,28,7,0.323776,0.34502,3054.395393,11,1,6,0.202899,5,5
Bison,Bison,,10,11,21,10,11,21,7,0.300586,0.318233,1998.048718,7,1,6,0.19281,14,14
Grover_Cleveland,Grover_Cleveland,,16,31,47,16,31,47,7,0.326435,0.349499,2278.399783,11,1,6,0.139103,12,12
Las_Vegas%2C_Nevada,Las_Vegas%2C_Nevada,,25,35,60,25,35,60,7,0.328765,0.352855,6015.759352,11,1,6,0.092256,6,6
Medal_of_Honor,Medal_of_Honor,,13,36,49,13,36,49,7,0.338087,0.363976,6184.102007,11,1,6,0.143961,7,7
Space_Shuttle_Columbia,Space_Shuttle_Columbia,,11,23,34,11,23,34,7,0.326698,0.348081,24567.836131,11,1,6,0.134921,14,14
Summer,Summer,,50,16,66,50,16,66,7,0.316546,0.335192,4738.510554,9,1,6,0.060452,5,5
Tornado,Tornado,,37,35,72,37,35,72,6,0.345227,0.371485,6821.557536,9,1,6,0.15024,6,6
U.S._Route_66,U.S._Route_66,,2,14,16,2,14,16,7,0.310152,0.32963,4647.78138,11,1,6,0.21978,4,4
Amazon_Basin,Amazon_Basin,,12,12,24,12,12,24,7,0.304904,0.323445,252.398797,0,1,6,0.228947,6,6
City,City,,69,71,140,69,71,140,6,0.361062,0.392625,24733.622646,2,1,6,0.08074,6,6
Fishing,Fishing,,84,47,131,84,47,131,6,0.346377,0.372554,44489.757395,7,1,6,0.032129,5,5
Amazon_Rainforest,Amazon_Rainforest,,16,29,45,16,29,45,7,0.327887,0.351413,2549.455934,0,1,6,0.140854,6,6
French_Guiana,French_Guiana,,31,17,48,31,17,48,7,0.315658,0.33631,602.386501,8,1,6,0.266463,3,3
Anaconda,Anaconda,,4,26,30,4,26,30,7,0.316546,0.338483,3405.129092,0,1,6,0.21164,14,14
Quito,Quito,,9,27,36,9,27,36,7,0.31954,0.341102,1509.005128,0,1,6,0.170968,6,6
Amazon_parrot,Amazon_parrot,,1,7,8,1,7,8,8,0.288561,0.303235,2.601653,7,1,6,0.428571,14,14
Amber,Amber,,17,55,72,17,55,72,7,0.353167,0.380692,10145.731793,9,1,6,0.0974,6,6
Brighton,Brighton,,20,24,44,20,24,44,6,0.33265,0.357133,7474.894658,1,1,6,0.128846,6,6
Great_Yarmouth,Great_Yarmouth,,11,23,34,11,23,34,7,0.319893,0.343155,1667.549591,1,1,6,0.099798,6,6
Marseille,Marseille,,34,42,76,34,42,76,7,0.332377,0.359635,10070.72727,4,1,6,0.115114,6,6
Amda_Seyon_I,Amda_Seyon_I,,0,16,16,0,16,16,7,0.306038,0.325994,0,2,1,42,0.1375,12,12
Coin,Coin,,29,21,50,29,21,50,7,0.331616,0.354003,5302.840815,10,1,6,0.150055,1,1
Atlanta%2C_Georgia,Atlanta%2C_Georgia,,50,64,114,50,64,114,6,0.348312,0.37731,13877.510776,11,1,6,0.097651,6,6
Fourteenth_Amendment_to_the_United_States_Constitution,Fourteenth_Amendment_to_the_United_States_Constitution,,16,14,30,16,14,30,7,0.306773,0.326125,5303.635572,11,1,6,0.192029,7,7
Ku_Klux_Klan,Ku_Klux_Klan,,19,24,43,19,24,43,7,0.322411,0.34496,1603.845053,11,1,6,0.136977,2,2
Liverpool,Liverpool,,56,39,95,56,39,95,7,0.333416,0.359869,11668.095498,1,1,6,0.081636,6,6
Nashville%2C_Tennessee,Nashville%2C_Tennessee,,23,45,68,23,45,68,6,0.338878,0.365865,5064.390073,11,1,6,0.108757,6,6
Rhode_Island,Rhode_Island,,33,10,43,33,10,43,7,0.302944,0.321955,1811.776963,11,1,6,0.085976,6,6
Winfield_Scott_Hancock,Winfield_Scott_Hancock,,4,9,13,4,9,13,7,0.284033,0.298606,167.134771,11,1,6,0.318182,12,12
American_English,American_English,,29,30,59,29,30,59,6,0.324476,0.347435,11474.938495,11,1,6,0.079545,9,9
American_football,American_football,,66,15,81,66,15,81,7,0.32254,0.344029,4762.771884,11,1,6,0.076036,5,5
Automated_teller_machine,Automated_teller_machine,,6,28,34,6,28,34,7,0.329996,0.352843,4927.061686,5,1,6,0.082888,4,4
Autumn,Autumn,,31,24,55,31,24,55,7,0.327147,0.348854,3209.466291,10,1,6,0.100177,6,6
Baseball,Baseball,,65,26,91,65,26,91,7,0.32484,0.346882,20635.837801,11,1,6,0.0861,5,5
Canadian_English,Canadian_English,,5,9,14,5,9,14,7,0.287416,0.30308,814.517665,11,1,6,0.344444,9,9
Necktie,Necktie,,3,14,17,3,14,17,7,0.317936,0.339714,326.695501,4,1,6,0.179167,5,5
British_House_of_Commons,British_House_of_Commons,,88,34,122,88,34,122,7,0.320804,0.344822,13643.436922,1,1,6,0.083199,2,2
France_in_the_American_Revolutionary_War,France_in_the_American_Revolutionary_War,,2,25,27,2,25,27,6,0.330023,0.353474,57.871789,11,1,6,0.184615,7,7
American_Samoa,American_Samoa,,21,18,39,21,18,39,7,0.321874,0.343901,1697.18987,11,1,6,0.148841,6,6
Cook_Islands,Cook_Islands,,20,19,39,20,19,39,7,0.323157,0.344444,586.594054,8,1,6,0.204991,6,6
Samoa,Samoa,,29,25,54,29,25,54,7,0.330238,0.35383,2077.247285,8,1,6,0.142432,6,6
Tokelau,Tokelau,,12,23,35,12,23,35,7,0.326251,0.347786,961.370136,8,1,6,0.170968,6,6
Wallis_and_Futuna,Wallis_and_Futuna,,11,27,38,11,27,38,7,0.327041,0.350662,459.473329,8,1,6,0.190691,6,6
Canadian_football,Canadian_football,,9,5,14,9,5,14,7,0.27695,0.290974,149.981649,11,1,6,0.354545,5,5
Football,Football,,33,61,94,33,61,94,6,0.356239,0.386869,16260.011175,1,1,6,0.11026,5,5
Rugby_football,Rugby_football,,19,8,27,19,8,27,7,0.301233,0.31815,1059.149241,1,1,6,0.162338,5,5
American_popular_music,American_popular_music,,7,41,48,7,41,48,7,0.319187,0.341924,31403.303618,11,1,6,0.132664,11,11
Bruce_Springsteen,Bruce_Springsteen,,5,27,32,5,27,32,6,0.328365,0.351727,227.248488,11,1,6,0.183871,12,12
Classic_female_blues,Classic_female_blues,,2,1,3,2,1,3,8,0.237493,0.24602,0.191031,11,1,6,0.5,11,11
Double_bass,Double_bass,,12,25,37,12,25,37,7,0.298088,0.31579,1859.739843,11,1,6,0.123886,11,11
Elvis_Presley,Elvis_Presley,,29,49,78,29,49,78,7,0.34697,0.374632,17600.31303,11,1,6,0.095573,12,12
Henry_Rollins,Henry_Rollins,,1,2,3,1,2,3,7,0.290422,0.306301,0.483398,11,1,6,0.666667,12,12
Louis_Jordan,Louis_Jordan,,6,17,23,6,17,23,7,0.30923,0.329131,668.85111,11,1,6,0.233333,12,12
Marvin_Gaye,Marvin_Gaye,,6,17,23,6,17,23,7,0.317861,0.338031,533.549858,11,1,6,0.199134,12,12
Minstrel_show,Minstrel_show,,5,13,18,5,13,18,7,0.309442,0.328516,618.826077,11,1,6,0.173203,5,5
Music_of_Hawaii,Music_of_Hawaii,,2,16,18,2,16,18,7,0.300141,0.31809,4608.589394,11,1,6,0.1625,11,11
Music_of_Spain,Music_of_Spain,,6,39,45,6,39,45,7,0.326435,0.352225,757.408956,11,1,6,0.154545,11,11
Music_of_the_United_States,Music_of_the_United_States,,7,57,64,7,57,64,7,0.332459,0.359495,30137.738685,11,1,6,0.10589,11,11
Phonograph_cylinder,Phonograph_cylinder,,2,6,8,2,6,8,7,0.283457,0.297844,154.550371,13,1,6,0.035714,4,4
Porgy_and_Bess,Porgy_and_Bess,,3,22,25,3,22,25,7,0.319363,0.340843,2052.159867,11,1,6,0.152174,9,9
Ragtime,Ragtime,,9,5,14,9,5,14,7,0.294729,0.311602,780.136949,11,1,6,0.224359,11,11
Rhythm_and_blues,Rhythm_and_blues,,32,10,42,32,10,42,7,0.306448,0.325039,1673.154007,11,1,6,0.137269,11,11
Salsa_music,Salsa_music,,10,26,36,10,26,36,7,0.319338,0.342554,1039.552869,11,1,6,0.251008,11,11
Ukulele,Ukulele,,6,14,20,6,14,20,7,0.314264,0.333734,262.986465,11,1,6,0.154971,11,11
Van_Halen,Van_Halen,,4,8,12,4,8,12,7,0.301996,0.319019,425.818263,11,1,6,0.145455,11,11
Americium,Americium,,12,17,29,12,17,29,7,0.288069,0.305492,259.881566,9,1,6,0.327899,14,14
Curium,Curium,,11,25,36,11,25,36,7,0.297279,0.316617,536.774817,9,1,6,0.301724,14,14
Europium,Europium,,10,21,31,10,21,31,7,0.302289,0.322362,514.652672,9,1,6,0.261667,14,14
Neptunium,Neptunium,,11,22,33,11,22,33,7,0.290318,0.30853,160.354178,9,1,6,0.339031,14,14
University_of_Chicago,University_of_Chicago,,32,32,64,32,32,64,7,0.337608,0.362167,22639.662878,11,1,6,0.060606,6,6
Celery,Celery,,18,25,43,18,25,43,7,0.320171,0.342562,8115.315391,6,1,6,0.141026,14,14
Ethnic_group,Ethnic_group,,36,23,59,36,23,59,7,0.321185,0.345026,5613.269682,3,1,6,0.099231,2,2
Ammolite,Ammolite,,2,43,45,2,43,45,7,0.335624,0.36076,414.265418,9,1,6,0.135307,6,6
Ammonite,Ammonite,,10,25,35,10,25,35,7,0.328286,0.351111,5845.554167,7,1,6,0.151478,6,6
Barium,Barium,,20,29,49,20,29,49,7,0.309206,0.330236,2212.735555,9,1,6,0.203104,14,14
Calcite,Calcite,,16,6,22,16,6,22,7,0.291739,0.3063,2236.336064,9,1,6,0.092857,6,6
Clay,Clay,,55,15,70,55,15,70,7,0.299122,0.317398,3702.913236,9,1,6,0.043193,6,6
Feldspar,Feldspar,,16,14,30,16,14,30,7,0.297541,0.31473,1008.37441,9,1,6,0.156923,6,6
Jewellery,Jewellery,,16,60,76,16,60,76,7,0.354464,0.383872,5696.662589,2,1,6,0.077816,0,0
Mosaic,Mosaic,,24,22,46,24,22,46,7,0.307284,0.328742,2304.834247,4,1,6,0.091362,0,0
Prospecting,Prospecting,,3,3,6,3,3,6,7,0.273457,0.286567,9.180723,9,1,6,0.3,1,1
Protein,Protein,,104,30,134,104,30,134,7,0.315094,0.336806,24382.046666,7,1,6,0.046361,14,14
Pyrite,Pyrite,,13,21,34,13,21,34,7,0.3089,0.328513,959.463373,9,1,6,0.19709,6,6
Rocky_Mountains,Rocky_Mountains,,37,43,80,37,43,80,7,0.334185,0.359339,22771.761997,11,1,6,0.07164,6,6
Stained_glass,Stained_glass,,16,14,30,16,14,30,7,0.307704,0.327078,2119.354174,1,1,6,0.062169,0,0
Vanadium,Vanadium,,21,44,65,21,44,65,7,0.325283,0.350261,3766.538805,9,1,6,0.178197,14,14
Germanium,Germanium,,20,31,51,20,31,51,7,0.315364,0.337698,2083.344306,9,1,6,0.174797,14,14
Milky_Way,Milky_Way,,36,31,67,36,31,67,7,0.326462,0.350233,8257.029211,9,1,6,0.110276,14,14
Nitrogen_fixation,Nitrogen_fixation,,12,8,20,12,8,20,7,0.286037,0.301652,487.593333,9,1,6,0.220833,14,14
Tellurium,Tellurium,,13,36,49,13,36,49,7,0.316323,0.338863,1090.378101,9,1,6,0.263415,14,14
Cretaceous-Tertiary_extinction_event,Cretaceous-Tertiary_extinction_event,,18,33,51,18,33,51,7,0.316323,0.338056,18041.737196,7,1,6,0.07981,6,6
Devonian,Devonian,,24,34,58,24,34,58,7,0.328286,0.351119,8593.530407,7,1,6,0.120567,6,6
Gender,Gender,,26,15,41,26,15,41,7,0.30557,0.324329,3078.702072,3,1,6,0.043902,2,2
Meteor,Meteor,,16,2,18,16,2,18,7,0.272245,0.285139,95.797006,9,1,6,0.084559,14,14
Silurian,Silurian,,18,17,35,18,17,35,7,0.304537,0.322617,1370.421357,7,1,6,0.1367,6,6
Ammosaurus,Ammosaurus,,1,14,15,1,14,15,7,0.315658,0.334781,9175.011961,7,1,6,0.285714,14,14
Massospondylus,Massospondylus,,2,15,17,2,15,17,7,0.300831,0.317881,4769.98015,7,1,6,0.275,14,14
Anne_Frank,Anne_Frank,,6,44,50,6,44,50,6,0.340529,0.367481,1207.069309,13,1,6,0.141998,12,12
Basketball,Basketball,,90,29,119,90,29,119,7,0.325257,0.349187,23821.659894,11,1,6,0.088574,5,5
Ice_hockey,Ice_hockey,,58,55,113,58,55,113,6,0.344055,0.372246,29687.152118,13,1,6,0.106207,5,5
Rotterdam,Rotterdam,,39,30,69,39,30,69,7,0.320829,0.343801,3648.648902,4,1,6,0.135643,6,6
Amtrak,Amtrak,,51,47,98,51,47,98,6,0.331507,0.357133,67106.28206,11,1,6,0.106439,4,4
Autorack,Autorack,,1,13,14,1,13,14,7,0.316595,0.336653,45.822891,11,1,6,0.307692,4,4
Baltimore%2C_Maryland,Baltimore%2C_Maryland,,29,38,67,29,38,67,6,0.338793,0.364233,11063.854661,11,1,6,0.110259,6,6
Columbus%2C_Ohio,Columbus%2C_Ohio,,13,39,52,13,39,52,7,0.331182,0.357651,5073.235111,11,1,6,0.119192,6,6
Detroit%2C_Michigan,Detroit%2C_Michigan,,32,56,88,32,56,88,7,0.343007,0.372026,29331.490502,11,1,6,0.092456,6,6
EMD_F7,EMD_F7,,4,3,7,4,3,7,7,0.273715,0.28695,28.573997,11,1,6,0.285714,4,4
Louisville%2C_Kentucky,Louisville%2C_Kentucky,,15,58,73,15,58,73,6,0.352798,0.381027,4310.459437,11,1,6,0.085162,6,6
Miami%2C_Florida,Miami%2C_Florida,,29,76,105,29,76,105,6,0.347983,0.378564,12753.037682,0,1,6,0.134211,6,6
Newark%2C_New_Jersey,Newark%2C_New_Jersey,,7,38,45,7,38,45,6,0.33618,0.361038,3166.132952,11,1,6,0.120709,6,6
PRR_GG1,PRR_GG1,,3,9,12,3,9,12,7,0.298879,0.31604,448.270577,11,1,6,0.233333,4,4
Railway_post_office,Railway_post_office,,1,6,7,1,6,7,7,0.305547,0.323054,6.380539,11,1,6,0.5,4,4
San_Diegan,San_Diegan,,3,12,15,3,12,15,6,0.309702,0.329284,78.280083,11,1,6,0.307692,4,4
San_Jose%2C_California,San_Jose%2C_California,,15,55,70,15,55,70,6,0.352921,0.38053,9936.608669,11,1,6,0.08774,6,6
Super_Chief,Super_Chief,,3,17,20,3,17,20,7,0.299741,0.317643,371.281455,11,1,6,0.137255,4,4
Union_Station_%28San_Diego%29,Union_Station_%28San_Diego%29,,4,15,19,4,15,19,7,0.309206,0.328933,13841.883816,11,1,6,0.32381,4,4
Vancouver,Vancouver,,29,45,74,29,45,74,7,0.345668,0.372211,6746.001347,11,1,6,0.112319,6,6
Amur,Amur,,8,16,24,8,16,24,7,0.316397,0.336876,400.853828,10,1,6,0.190476,6,6
Mongolia,Mongolia,,81,45,126,81,45,126,7,0.338935,0.366147,13096.537867,10,1,6,0.094349,6,6
Boa,Boa,,3,7,10,3,7,10,8,0.274364,0.287615,34.6324,7,1,6,0.388889,14,14
Chicken,Chicken,,31,49,80,31,49,80,7,0.346644,0.373362,13520.306549,7,1,6,0.062215,5,5
Paraguay,Paraguay,,39,20,59,39,20,59,7,0.321211,0.344002,970.691275,0,1,6,0.177143,3,3
Tamil_language,Tamil_language,,41,37,78,41,37,78,7,0.332977,0.357731,9682.70556,10,1,6,0.099418,9,9
Turtle,Turtle,,25,16,41,25,16,41,8,0.300207,0.317684,3942.377097,7,1,6,0.095816,14,14
Analytical_Marxism,Analytical_Marxism,,3,7,10,3,7,10,7,0.280728,0.295396,46.356634,3,1,6,0.357143,13,13
Game_theory,Game_theory,,17,24,41,17,24,41,7,0.300252,0.319099,16680.997312,3,1,6,0.11954,10,10
Karl_Popper,Karl_Popper,,22,28,50,22,28,50,7,0.3281,0.351456,3930.197042,3,1,6,0.135659,12,12
Anarcho-capitalism,Anarcho-capitalism,,5,13,18,5,13,18,7,0.294987,0.312359,398.230345,3,1,6,0.195833,2,2
GNU,GNU,,9,15,24,9,15,24,8,0.269029,0.282639,6304.427231,5,1,6,0.219298,8,8
Graphic_novel,Graphic_novel,,17,12,29,17,12,29,7,0.302967,0.321326,2615.539531,3,1,6,0.046667,9,9
Henry_David_Thoreau,Henry_David_Thoreau,,10,22,32,10,22,32,6,0.325492,0.346748,2017.109966,11,1,6,0.093103,12,12
Jack_Kerouac,Jack_Kerouac,,12,21,33,12,21,33,7,0.320779,0.343016,1967.551029,3,1,6,0.117204,12,12
Laozi,Laozi,,6,6,12,6,6,12,8,0.270141,0.283413,48.687193,10,1,6,0.333333,12,12
Noam_Chomsky,Noam_Chomsky,,17,29,46,17,29,46,7,0.324268,0.348013,3810.610547,3,1,6,0.120108,9,9
Stoicism,Stoicism,,12,16,28,12,16,28,7,0.320677,0.342158,1405.226428,3,1,6,0.131054,13,13
World_Trade_Organization,World_Trade_Organization,,38,72,110,38,72,110,7,0.337355,0.366807,7741.926174,8,1,6,0.133939,1,1
Corporation,Corporation,,38,20,58,38,20,58,6,0.323931,0.346333,7367.461476,3,1,6,0.068922,1,1
Cyberpunk,Cyberpunk,,4,18,22,4,18,22,7,0.312688,0.330997,864.872398,3,1,6,0.094737,9,9
Race,Race,,35,37,72,35,37,72,7,0.339531,0.364967,12985.802169,3,1,6,0.088874,2,2
Anemia,Anemia,,21,16,37,21,16,37,7,0.301077,0.318238,11254.920643,6,1,6,0.06129,14,14
Board_game,Board_game,,21,17,38,21,17,38,7,0.312592,0.332123,6083.060962,2,1,6,0.070115,5,5
Egyptian_pyramids,Egyptian_pyramids,,6,5,11,6,5,11,7,0.277367,0.290365,102.680321,2,1,6,0.305556,7,7
Iron_Age,Iron_Age,,54,20,74,54,20,74,7,0.31954,0.341754,3823.79028,1,1,6,0.077792,7,7
Mummy,Mummy,,15,48,63,15,48,63,6,0.350905,0.379021,5352.72137,0,1,6,0.086612,7,7
Rosetta_Stone,Rosetta_Stone,,6,7,13,6,7,13,7,0.284172,0.298943,1276.458929,2,1,6,0.063636,7,7
Society,Society,,56,20,76,56,20,76,7,0.325466,0.347038,4726.037789,3,1,6,0.089648,2,2
Turquoise,Turquoise,,6,53,59,6,53,59,7,0.348282,0.376219,1504.91326,9,1,6,0.125589,6,6
Vowel,Vowel,,28,16,44,28,16,44,7,0.29615,0.314864,1944.829179,2,1,6,0.110337,9,9
Writing,Writing,,25,11,36,25,11,36,7,0.292391,0.308816,3478.885591,2,1,6,0.092063,9,9
Battle_of_Marathon,Battle_of_Marathon,,9,15,24,9,15,24,7,0.299166,0.317607,7446.069271,2,1,6,0.183333,7,7
Bread,Bread,,23,64,87,23,64,87,7,0.352706,0.382836,7952.375119,6,1,6,0.105092,5,5
Cheese,Cheese,,25,75,100,25,75,100,6,0.362742,0.394133,17991.374824,6,1,6,0.127961,5,5
Corinthian_War,Corinthian_War,,5,9,14,5,9,14,7,0.288767,0.304411,6987.080573,3,1,6,0.290909,7,7
Epaminondas,Epaminondas,,3,7,10,3,7,10,7,0.284053,0.299244,14.243336,3,1,6,0.416667,12,12
Hellenistic_Greece,Hellenistic_Greece,,13,15,28,13,15,28,7,0.298946,0.31712,4175.795403,3,1,6,0.254941,7,7
Hippocrates,Hippocrates,,21,19,40,21,19,40,7,0.308618,0.328613,3110.002478,3,1,6,0.071835,12,12
History_of_Greece,History_of_Greece,,9,78,87,9,78,87,7,0.354309,0.386874,4237.527217,3,1,6,0.169444,7,7
Minoan_civilization,Minoan_civilization,,17,51,68,17,51,68,7,0.33482,0.361146,5907.898713,2,1,6,0.079552,7,7
Neoclassicism,Neoclassicism,,27,39,66,27,39,66,7,0.332486,0.358708,6272.484432,13,1,6,0.098305,0,0
Onion,Onion,,18,22,40,18,22,40,7,0.322078,0.342771,4503.46577,6,1,6,0.105974,5,5
Roman_Greece,Roman_Greece,,8,18,26,8,18,26,7,0.305824,0.324799,182.014366,3,1,6,0.313158,7,7
Elagabalus,Elagabalus,,2,10,12,2,10,12,7,0.28809,0.305416,16.176347,4,1,6,0.381818,12,12
House,House,,11,22,33,11,22,33,7,0.324944,0.346002,6095.207675,3,1,6,0.07197,5,5
Invasion,Invasion,,15,64,79,15,64,79,6,0.360131,0.390166,5639.275912,2,1,6,0.106812,7,7
Isis,Isis,,8,30,38,8,30,38,7,0.326646,0.351616,3240.637759,2,1,6,0.114114,13,13
Jupiter_%28mythology%29,Jupiter_%28mythology%29,,10,11,21,10,11,21,7,0.29197,0.309313,5036.372729,4,1,6,0.224265,13,13
Oligarchy,Oligarchy,,33,17,50,33,17,50,7,0.315413,0.336261,3944.570417,3,1,6,0.09852,2,2
Pupil,Pupil,,6,10,16,6,10,16,8,0.287314,0.303692,4130.267023,7,1,6,0.120879,14,14
Roman_law,Roman_law,,9,17,26,9,17,26,7,0.310461,0.331307,393.967444,4,1,6,0.229249,7,7
Roman_road,Roman_road,,11,24,35,11,24,35,7,0.31657,0.339357,1486.548682,4,1,6,0.206653,7,7
Roman_villa,Roman_villa,,5,8,13,5,8,13,7,0.295589,0.313885,230.119578,4,1,6,0.166667,7,7
Romulus_Augustus,Romulus_Augustus,,5,10,15,5,10,15,7,0.283715,0.299852,27.066472,4,1,6,0.560606,12,12
Wrestling,Wrestling,,7,17,24,7,17,24,7,0.324788,0.346724,680.009026,10,1,6,0.230072,5,5
Confucianism,Confucianism,,36,37,73,36,37,73,7,0.335707,0.360973,7815.555546,10,1,6,0.145955,13,13
Cyrus_the_Great,Cyrus_the_Great,,8,23,31,8,23,31,7,0.312471,0.333365,660.322886,2,1,6,0.170635,12,12
Dance,Dance,,27,27,54,27,27,54,7,0.323337,0.345995,3660.158227,3,1,6,0.087446,5,5
Fire,Fire,,37,49,86,37,49,86,7,0.346377,0.373771,17554.654959,9,1,6,0.066546,14,14
Lothal,Lothal,,4,29,33,4,29,33,7,0.326015,0.349692,217.8379,2,1,6,0.157258,7,7
Mahabharata,Mahabharata,,24,10,34,24,10,34,7,0.304332,0.321461,3102.859864,10,1,6,0.150575,7,7
Qin_Shi_Huang,Qin_Shi_Huang,,6,22,28,6,22,28,7,0.328525,0.350379,1020.963118,10,1,6,0.231884,12,12
Ramayana,Ramayana,,23,20,43,23,20,43,8,0.297519,0.314924,3241.976357,10,1,6,0.18018,9,9
Sculpture,Sculpture,,54,29,83,54,29,83,7,0.322283,0.344004,13493.295508,4,1,6,0.061404,0,0
Tamil_people,Tamil_people,,17,68,85,17,68,85,7,0.353136,0.383418,3578.091901,10,1,6,0.120902,6,6
Yellow_River,Yellow_River,,13,8,21,13,8,21,7,0.294686,0.31178,793.714526,2,1,6,0.153595,6,6
Aruba,Aruba,,24,29,53,24,29,53,7,0.331426,0.355577,2640.858183,8,1,6,0.153099,3,3
Cotopaxi,Cotopaxi,,3,6,9,3,6,9,7,0.285553,0.299782,33.679925,0,1,6,0.366667,6,6
Craton,Craton,,12,4,16,12,4,16,8,0.267644,0.280155,234.364546,9,1,6,0.159341,6,6
Galeras,Galeras,,3,4,7,3,4,7,7,0.283754,0.297763,24.811906,0,1,6,0.35,6,6
Machu_Picchu,Machu_Picchu,,8,12,20,8,12,20,7,0.297716,0.314503,577.588543,0,1,6,0.165441,6,6
Folklore,Folklore,,47,18,65,47,18,65,7,0.313583,0.33413,9315.250102,3,1,6,0.057113,13,13
Andr%C3%A9s_Nocioni,Andr%C3%A9s_Nocioni,,1,11,12,1,11,12,7,0.313801,0.33365,6.954032,0,1,6,0.5,12,12
Andrew_Carnegie,Andrew_Carnegie,,12,41,53,12,41,53,6,0.342891,0.368138,3372.764552,11,1,6,0.103922,12,12
Andrew_Dickson_White,Andrew_Dickson_White,,2,11,13,2,11,13,7,0.319162,0.338865,64.039365,3,1,6,0.189394,12,12
Andrew_Gonzalez,Andrew_Gonzalez,,0,8,8,0,8,8,7,0.290899,0.306767,0,10,1,44,0.107143,12,12
Ateneo_de_Manila_University,Ateneo_de_Manila_University,,1,16,17,1,16,17,7,0.302928,0.322146,136.233665,4,1,43,0.154412,6,6
John_Marshall,John_Marshall,,5,19,24,5,19,24,7,0.321465,0.343807,346.730033,11,1,6,0.292105,12,12
Martin_Van_Buren,Martin_Van_Buren,,10,20,30,10,20,30,7,0.312688,0.332557,578.087657,11,1,6,0.198333,12,12
Andrew_Robinson,Andrew_Robinson,,1,13,14,1,13,14,7,0.306355,0.325584,60.538537,11,1,6,0.166667,12,12
John_F._Kennedy,John_F._Kennedy,,60,68,128,60,68,128,7,0.348252,0.377617,33150.001187,11,1,6,0.080484,12,12
The_X-Files,The_X-Files,,8,14,22,8,14,22,7,0.315609,0.334022,2947.486099,11,1,6,0.089474,5,5
Andriyivskyy_Descent,Andriyivskyy_Descent,,1,13,14,1,13,14,7,0.303262,0.322705,21.088386,13,1,6,0.25641,6,6
Kiev,Kiev,,36,42,78,36,42,78,7,0.325806,0.351242,10955.02879,13,1,6,0.104895,6,6
Andromeda_Galaxy,Andromeda_Galaxy,,8,15,23,8,15,23,7,0.293534,0.310064,603.069642,9,1,6,0.260234,14,14
European_Space_Agency,European_Space_Agency,,21,46,67,21,46,67,7,0.340501,0.367117,7574.169348,9,1,6,0.19873,14,14
Extraterrestrial_life,Extraterrestrial_life,,16,50,66,16,50,66,7,0.336655,0.362943,6555.016965,9,1,6,0.099334,14,14
Globular_cluster,Globular_cluster,,10,14,24,10,14,24,7,0.291508,0.307948,182.625141,9,1,6,0.271053,14,14
H_II_region,H_II_region,,7,24,31,7,24,31,7,0.306101,0.325474,1333.314226,9,1,6,0.270655,14,14
Redshift,Redshift,,14,39,53,14,39,53,7,0.308618,0.33028,2817.577997,9,1,6,0.225641,14,14
Universe,Universe,,62,20,82,62,20,82,7,0.300497,0.318173,11778.350283,9,1,6,0.106545,14,14
Mao_Zedong,Mao_Zedong,,32,30,62,32,30,62,7,0.32484,0.348975,9447.140135,10,1,6,0.170814,12,12
Money,Money,,30,29,59,30,29,59,7,0.327226,0.351246,6183.142082,3,1,6,0.081448,1,1
Myocardial_infarction,Myocardial_infarction,,23,16,39,23,16,39,7,0.311702,0.330481,5166.605017,11,1,6,0.052941,14,14
The_Rolling_Stones,The_Rolling_Stones,,22,32,54,22,32,54,7,0.329032,0.352991,14221.136694,11,1,6,0.118871,11,11
Apricot,Apricot,,6,42,48,6,42,48,7,0.346229,0.372474,1953.242498,6,1,6,0.118841,5,5
Folic_acid,Folic_acid,,10,26,36,10,26,36,7,0.323466,0.345219,1883.284477,6,1,6,0.084034,14,14
Parsley,Parsley,,15,41,56,15,41,56,7,0.311918,0.335078,3087.702299,6,1,6,0.201515,14,14
Pernicious_anemia,Pernicious_anemia,,3,4,7,3,4,7,8,0.259489,0.271151,235.932681,6,1,6,0.4,14,14
Sickle-cell_disease,Sickle-cell_disease,,4,15,19,4,15,19,7,0.316768,0.337601,638.538329,11,1,6,0.1625,14,14
Thalassemia,Thalassemia,,4,18,22,4,18,22,7,0.31039,0.330656,637.075413,10,1,6,0.137427,14,14
Angel_shark,Angel_shark,,1,6,7,1,6,7,8,0.268423,0.280913,5.132467,7,1,6,0.266667,14,14
Angkor,Angkor,,6,11,17,6,11,17,7,0.298505,0.315907,4713.531333,10,1,6,0.219048,6,6
Gyeongju,Gyeongju,,1,13,14,1,13,14,7,0.31223,0.332461,95.63598,10,1,6,0.28022,6,6
Michelangelo,Michelangelo,,29,14,43,29,14,43,7,0.299365,0.316853,5878.740573,4,1,6,0.138095,12,12
Rama,Rama,,8,22,30,8,22,30,7,0.312495,0.332614,346.338935,10,1,6,0.280627,13,13
Anglican_Church_of_Australia,Anglican_Church_of_Australia,,7,4,11,7,4,11,7,0.27924,0.292743,104.800844,12,1,6,0.3,13,13
Apostolic_Succession,Apostolic_Succession,,14,14,28,14,14,28,7,0.313195,0.333052,431.467661,1,1,6,0.452381,13,13
Book_of_Common_Prayer,Book_of_Common_Prayer,,14,29,43,14,29,43,7,0.308547,0.330189,479.055071,1,1,6,0.337931,13,13
British_monarchy,British_monarchy,,65,113,178,65,113,178,7,0.342601,0.377062,51462.967226,1,1,6,0.090042,2,2
Church_of_Ireland,Church_of_Ireland,,28,31,59,28,31,59,7,0.314507,0.337624,5619.155422,1,1,6,0.189177,13,13
English_Reformation,English_Reformation,,13,23,36,13,23,36,7,0.29111,0.309058,396.737877,1,1,6,0.326211,7,7
Episcopal_polity,Episcopal_polity,,10,24,34,10,24,34,7,0.314581,0.336234,360.772073,1,1,6,0.316923,13,13
Michael_Ramsey,Michael_Ramsey,,3,7,10,3,7,10,7,0.290235,0.305851,73.671099,1,1,6,0.211111,12,12
Ordination_of_women,Ordination_of_women,,3,38,41,3,38,41,7,0.338822,0.365395,446.697016,10,1,6,0.123755,13,13
Thomas_Cranmer,Thomas_Cranmer,,12,22,34,12,22,34,7,0.303148,0.323607,312.932261,1,1,6,0.327899,12,12
Desmond_Tutu,Desmond_Tutu,,10,29,39,10,29,39,7,0.329674,0.354986,1127.606496,12,1,6,0.146218,12,12
Roman_Britain,Roman_Britain,,31,46,77,31,46,77,7,0.32954,0.355322,25270.567188,1,1,6,0.091022,7,7
Solomon_Islands,Solomon_Islands,,34,28,62,34,28,62,7,0.332595,0.356706,4581.118691,8,1,6,0.16836,6,6
William_Wilberforce,William_Wilberforce,,5,27,32,5,27,32,7,0.319515,0.343914,855.07503,1,1,6,0.129032,12,12
Anglo-Saxon_literature,Anglo-Saxon_literature,,3,35,38,3,35,38,7,0.312592,0.334839,2219.215853,1,1,6,0.086336,9,9
C%C3%A6dmon,C%C3%A6dmon,,4,12,16,4,12,16,7,0.292771,0.309732,3273.271437,1,1,6,0.179487,12,12
History_of_Anglo-Saxon_England,History_of_Anglo-Saxon_England,,4,34,38,4,34,38,7,0.315634,0.338905,4135.144685,1,1,6,0.162913,7,7
Jorge_Luis_Borges,Jorge_Luis_Borges,,16,65,81,16,65,81,7,0.348431,0.379441,4038.010161,3,1,6,0.136606,12,12
Literacy,Literacy,,39,24,63,39,24,63,7,0.332377,0.35619,4924.678231,3,1,6,0.079852,2,2
Peterborough_Chronicle,Peterborough_Chronicle,,4,12,16,4,12,16,7,0.301996,0.320293,525.236703,1,1,6,0.203297,9,9
T._S._Eliot,T._S._Eliot,,25,36,61,25,36,61,6,0.335652,0.361811,8221.975392,3,1,6,0.082393,12,12
The_Hobbit,The_Hobbit,,6,26,32,6,26,32,7,0.323802,0.346121,8358.071899,3,1,6,0.162562,9,9
The_Lord_of_the_Rings,The_Lord_of_the_Rings,,17,33,50,17,33,50,7,0.342891,0.367598,7598.963507,1,1,6,0.091916,9,9
Anguilla,Anguilla,,19,14,33,19,14,33,7,0.316175,0.336532,482.917732,8,1,6,0.162298,3,3
Australian_Green_Tree_Frog,Australian_Green_Tree_Frog,,2,22,24,2,22,24,7,0.32954,0.350586,27959.494076,7,1,6,0.175325,14,14
Cambrian,Cambrian,,20,26,46,20,26,46,7,0.31507,0.334849,3672.465316,7,1,6,0.12437,6,6
Cambrian_explosion,Cambrian_explosion,,10,19,29,10,19,29,7,0.3093,0.32782,1716.522315,7,1,6,0.218333,6,6
Organism,Organism,,50,45,95,50,45,95,7,0.32344,0.347799,23022.924007,7,1,6,0.101266,14,14
Precambrian,Precambrian,,23,11,34,23,11,34,7,0.29428,0.309881,1660.582113,9,1,6,0.112903,6,6
Spider,Spider,,22,26,48,22,26,48,7,0.327094,0.34982,13355.657379,7,1,6,0.096723,14,14
Sunlight,Sunlight,,28,19,47,28,19,47,7,0.307774,0.326306,6323.751302,9,1,6,0.083333,6,6
Animal_law,Animal_law,,1,1,2,1,1,2,8,0.234539,0.24283,0,3,1,6,0,2,2
Animal_rights,Animal_rights,,26,26,52,26,26,52,7,0.306378,0.32632,15254.597426,3,1,6,0.04686,2,2
Children%27s_rights_movement,Children%27s_rights_movement,,4,11,15,4,11,15,7,0.303852,0.323952,295.494835,13,1,6,0.204762,2,2
Civil_rights,Civil_rights,,33,19,52,33,19,52,7,0.319087,0.340152,3503.292516,3,1,6,0.082447,2,2
Mind,Mind,,25,15,40,25,15,40,7,0.301413,0.319638,2275.433717,3,1,6,0.138889,13,13
Women%27s_rights,Women%27s_rights,,14,24,38,14,24,38,7,0.331833,0.354504,1296.211933,3,1,6,0.136134,2,2
Motion_%28physics%29,Motion_%28physics%29,,15,9,24,15,9,24,7,0.299365,0.316748,1095.953077,9,1,6,0.220779,14,14
The_Lion_King,The_Lion_King,,7,22,29,7,22,29,7,0.322925,0.345643,8360.165813,7,1,6,0.109231,5,5
Ankylosaurus,Ankylosaurus,,7,26,33,7,26,33,7,0.321567,0.342475,876.88958,7,1,6,0.17734,14,14
Armadillo,Armadillo,,10,14,24,10,14,24,7,0.308289,0.32653,1758.176156,7,1,6,0.146245,14,14
Ornithischia,Ornithischia,,24,15,39,24,15,39,8,0.288582,0.304407,2188.403685,7,1,6,0.248992,14,14
Triceratops,Triceratops,,10,20,30,10,20,30,7,0.302222,0.320573,678.076843,7,1,6,0.25,14,14
Ann_Arbor%2C_Michigan,Ann_Arbor%2C_Michigan,,5,33,38,5,33,38,6,0.330453,0.355077,580.523134,11,1,6,0.102381,6,6
Biotechnology,Biotechnology,,27,27,54,27,27,54,7,0.322822,0.345756,7095.794694,11,1,6,0.063673,14,14
Frank_Lloyd_Wright,Frank_Lloyd_Wright,,9,13,22,9,13,22,7,0.313195,0.332734,1066.417747,11,1,6,0.131579,4,4
Anna_Karenina,Anna_Karenina,,5,18,23,5,18,23,7,0.313607,0.33452,480.771522,3,1,6,0.194737,9,9
James_Joyce,James_Joyce,,31,36,67,31,36,67,7,0.332077,0.357222,9622.066003,3,1,6,0.098911,12,12
Tashkent,Tashkent,,11,32,43,11,32,43,7,0.324658,0.349061,1016.871881,13,1,6,0.206478,6,6
Vivien_Leigh,Vivien_Leigh,,8,32,40,8,32,40,7,0.32946,0.354794,1637.237186,1,1,6,0.121008,12,12
Basel,Basel,,19,21,40,19,21,40,7,0.313729,0.334991,2100.220401,4,1,6,0.130252,6,6
Humanism,Humanism,,26,22,48,26,22,48,7,0.312519,0.334072,5301.725899,3,1,6,0.103594,13,13
Johannesburg,Johannesburg,,34,52,86,34,52,86,6,0.355489,0.383642,8208.637627,12,1,6,0.096446,6,6
Nelson_Mandela,Nelson_Mandela,,34,42,76,34,42,76,7,0.333361,0.360225,6824.226532,12,1,6,0.082768,12,12
Publishing,Publishing,,24,14,38,24,14,38,7,0.303466,0.321453,38622.732262,3,1,6,0.082583,2,2
Sarajevo,Sarajevo,,22,47,69,22,47,69,7,0.335402,0.362988,3261.972486,13,1,6,0.194495,6,6
George_I_of_Great_Britain,George_I_of_Great_Britain,,17,30,47,17,30,47,7,0.322874,0.346938,1413.077249,1,1,6,0.240216,12,12
Jacobite_rising,Jacobite_rising,,3,34,37,3,34,37,7,0.317314,0.340358,202.497252,1,1,6,0.198413,7,7
John_Vanbrugh,John_Vanbrugh,,10,33,43,10,33,43,7,0.321925,0.34605,9376.78117,1,1,6,0.128846,12,12
Order_of_the_Garter,Order_of_the_Garter,,32,30,62,32,30,62,7,0.314923,0.338086,1845.604636,1,1,6,0.173454,7,7
Annibale_Bugnini,Annibale_Bugnini,,0,5,5,0,5,5,7,0.28925,0.304284,0,4,1,45,0.5,12,12
Pope_Pius_XII,Pope_Pius_XII,,13,50,63,13,50,63,7,0.349242,0.377165,6586.829161,13,1,6,0.178463,12,12
Hebrew_calendar,Hebrew_calendar,,5,15,20,5,15,20,7,0.300319,0.318991,543.481605,2,1,6,0.169935,7,7
Republic_of_China,Republic_of_China,,76,58,134,76,58,134,7,0.345875,0.375274,10110.059617,10,1,6,0.157001,3,3
Triumph_of_the_Will,Triumph_of_the_Will,,3,26,29,3,26,29,7,0.32144,0.344294,478.384526,13,1,6,0.190883,5,5
Aphid,Aphid,,9,16,25,9,16,25,7,0.297279,0.313584,972.298468,7,1,6,0.138528,14,14
Arthropod,Arthropod,,45,10,55,45,10,55,8,0.279528,0.29447,4310.479032,7,1,6,0.107246,14,14
Bee,Bee,,25,19,44,25,19,44,8,0.293343,0.310808,7775.366136,7,1,6,0.126877,14,14
Hymenoptera,Hymenoptera,,9,11,20,9,11,20,8,0.271225,0.285495,181.835844,7,1,6,0.319048,14,14
Thorax,Thorax,,10,4,14,10,4,14,8,0.276233,0.290368,248.870655,7,1,6,0.30303,14,14
Wasp,Wasp,,11,12,23,11,12,23,8,0.271461,0.28483,142.059485,7,1,6,0.3125,14,14
Wood,Wood,,55,10,65,55,10,65,7,0.29347,0.310265,3474.869016,9,1,6,0.03405,14,14
Communication,Communication,,36,14,50,36,14,50,7,0.295589,0.312469,2773.216163,3,1,6,0.051804,2,2
Antarctic_Treaty_System,Antarctic_Treaty_System,,3,54,57,3,54,57,7,0.352522,0.381005,315.132755,13,1,6,0.243771,6,6
International_Court_of_Justice,International_Court_of_Justice,,21,37,58,21,37,58,7,0.338935,0.365131,971.712397,8,1,6,0.195479,2,2
Antarctic_krill,Antarctic_krill,,3,34,37,3,34,37,7,0.324268,0.346736,1067.087687,7,1,6,0.136134,14,14
Aquarium,Aquarium,,20,56,76,20,56,76,6,0.355708,0.383855,17424.341697,7,1,6,0.079718,14,14
Invertebrate,Invertebrate,,37,10,47,37,10,47,8,0.271388,0.286029,1101.82452,7,1,6,0.110606,14,14
Penguin,Penguin,,26,31,57,26,31,57,7,0.32633,0.348733,12526.30743,7,1,6,0.099734,14,14
Cosmic_microwave_background_radiation,Cosmic_microwave_background_radiation,,11,17,28,11,17,28,7,0.290464,0.30763,1067.647059,9,1,6,0.17316,14,14
Emperor_Penguin,Emperor_Penguin,,2,12,14,2,12,14,8,0.283199,0.297634,210.652599,7,1,6,0.318182,14,14
Full_moon,Full_moon,,12,10,22,12,10,22,7,0.309253,0.32646,1154.997435,9,1,6,0.115789,14,14
Ice_sheet,Ice_sheet,,16,12,28,16,12,28,7,0.30624,0.324787,1364.807119,9,1,6,0.157609,6,6
Lake_Vostok,Lake_Vostok,,4,18,22,4,18,22,7,0.322822,0.34339,443.818831,9,1,6,0.169048,6,6
Roald_Amundsen,Roald_Amundsen,,1,14,15,1,14,15,7,0.309844,0.329088,116.445477,7,1,6,0.21978,12,12
Sand,Sand,,40,16,56,40,16,56,7,0.298066,0.315393,6399.643993,9,1,6,0.042745,6,6
Ship,Ship,,35,18,53,35,18,53,7,0.321185,0.343655,5494.491804,4,1,6,0.080694,4,4
South_Georgia_and_the_South_Sandwich_Islands,South_Georgia_and_the_South_Sandwich_Islands,,12,21,33,12,21,33,7,0.33013,0.353207,2830.478635,0,1,6,0.19335,6,6
Antarctosaurus,Antarctosaurus,,1,14,15,1,14,15,7,0.30806,0.326538,2.654174,7,1,46,0.3,14,14
Antelope,Antelope,,18,23,41,18,23,41,7,0.316299,0.337244,32981.073796,7,1,6,0.127451,14,14
Black_Wildebeest,Black_Wildebeest,,3,12,15,3,12,15,7,0.294686,0.312473,27.811576,7,1,6,0.307692,14,14
Blue_Wildebeest,Blue_Wildebeest,,9,22,31,9,22,31,7,0.306541,0.325731,3006.752508,7,1,6,0.204615,14,14
Bongo_%28antelope%29,Bongo_%28antelope%29,,1,9,10,1,9,10,7,0.288356,0.305148,4583.941454,7,1,6,0.458333,14,14
Bontebok,Bontebok,,1,8,9,1,8,9,7,0.282844,0.297404,5.094101,7,1,6,0.339286,14,14
Common_Eland,Common_Eland,,1,9,10,1,9,10,8,0.279567,0.29411,4.866901,7,1,6,0.361111,14,14
Dik-dik,Dik-dik,,1,15,16,1,15,16,7,0.307914,0.328292,61.923068,7,1,6,0.314286,14,14
Giant_Eland,Giant_Eland,,2,10,12,2,10,12,8,0.284192,0.300204,33.33837,7,1,6,0.245455,14,14
Wildebeest,Wildebeest,,7,12,19,7,12,19,7,0.292877,0.31019,863.832371,7,1,6,0.325,14,14
Anthony_van_Dyck,Anthony_van_Dyck,,7,18,25,7,18,25,7,0.305847,0.326016,772.629489,4,1,6,0.205628,12,12
Flemish_people,Flemish_people,,3,26,29,3,26,29,7,0.329754,0.35435,304.426216,0,1,6,0.306268,6,6
National_Gallery%2C_London,National_Gallery%2C_London,,15,36,51,15,36,51,7,0.322719,0.346465,4478.801989,1,1,6,0.109312,0,0
Claude_L%C3%A9vi-Strauss,Claude_L%C3%A9vi-Strauss,,5,13,18,5,13,18,7,0.305939,0.324446,251.401322,3,1,6,0.099265,12,12
Sociology,Sociology,,45,33,78,45,33,78,7,0.31836,0.341246,8654.120414,3,1,6,0.095238,2,2
Antigua_and_Barbuda,Antigua_and_Barbuda,,30,34,64,30,34,64,7,0.338031,0.363656,3886.831917,8,1,6,0.130519,3,3
Eric_Clapton,Eric_Clapton,,8,34,42,8,34,42,7,0.33789,0.361629,8890.35014,11,1,6,0.129365,12,12
Saint_Kitts_and_Nevis,Saint_Kitts_and_Nevis,,26,12,38,26,12,38,7,0.310129,0.329385,3111.563325,8,1,6,0.21875,3,3
Arsenic,Arsenic,,34,44,78,34,44,78,7,0.329835,0.355168,9494.897146,9,1,6,0.113297,14,14
Krypton,Krypton,,30,26,56,30,26,56,7,0.308383,0.328475,2070.40074,9,1,6,0.235893,14,14
Pottery,Pottery,,43,17,60,43,17,60,7,0.31831,0.339532,2937.62187,2,1,6,0.060799,5,5
Semiconductor,Semiconductor,,39,18,57,39,18,57,7,0.287314,0.305163,5447.787375,9,1,6,0.11451,14,14
Tin,Tin,,58,41,99,58,41,99,7,0.320373,0.343947,21909.15773,9,1,6,0.112175,14,14
Antlion,Antlion,,0,6,6,0,6,6,8,0.264445,0.276963,0,7,1,47,0.766667,14,14
Jacques-Louis_David,Jacques-Louis_David,,10,18,28,10,18,28,7,0.318485,0.339988,808.111206,4,1,6,0.18,12,12
Nitrogen_cycle,Nitrogen_cycle,,6,19,25,6,19,25,7,0.309418,0.329727,506.076624,9,1,6,0.233766,14,14
Apollo_11,Apollo_11,,17,18,35,17,18,35,7,0.3112,0.329879,11671.778782,11,1,6,0.146552,14,14
Gerald_Ford,Gerald_Ford,,24,44,68,24,44,68,7,0.319313,0.34449,9778.567023,11,1,6,0.112147,12,12
Neil_Armstrong,Neil_Armstrong,,16,34,50,16,34,50,7,0.33593,0.361057,23198.944036,11,1,6,0.10299,12,12
University_of_Cambridge,University_of_Cambridge,,77,46,123,77,46,123,7,0.339873,0.36613,46858.294481,1,1,6,0.04593,2,2
Anton_Alexander_von_Werner,Anton_Alexander_von_Werner,,0,4,4,0,4,4,7,0.284063,0.298938,0,4,1,48,0.5,12,12
Black_pepper,Black_pepper,,24,45,69,24,45,69,7,0.335457,0.362975,8646.327881,6,1,6,0.103846,5,5
Lille,Lille,,18,43,61,18,43,61,6,0.343559,0.37114,3196.520469,4,1,6,0.186233,6,6
Apaochi,Apaochi,,0,2,2,0,2,2,7,0.277873,0.291564,0,10,1,49,1,7,7
Baboon,Baboon,,4,6,10,4,6,10,7,0.288664,0.304653,63.257355,7,1,6,0.288889,14,14
Monkey,Monkey,,19,16,35,19,16,35,7,0.318535,0.338966,1640.633512,6,1,6,0.076649,14,14
Carboniferous,Carboniferous,,30,24,54,30,24,54,7,0.318535,0.339595,5686.678064,7,1,6,0.112051,6,6
Coccinellidae,Coccinellidae,,4,10,14,4,10,14,7,0.293747,0.310142,230.182203,7,1,6,0.254545,14,14
Triassic,Triassic,,43,17,60,43,17,60,8,0.301435,0.317805,14891.449314,7,1,6,0.080914,6,6
Cyclops,Cyclops,,9,9,18,9,9,18,7,0.291718,0.307159,468.726829,3,1,6,0.224359,7,7
Dolphin,Dolphin,,30,27,57,30,27,57,7,0.328206,0.350593,18502.410193,7,1,6,0.102745,14,14
European_Goldfinch,European_Goldfinch,,2,13,15,2,13,15,7,0.314459,0.335528,373.038878,7,1,6,0.219048,14,14
Saturn_V,Saturn_V,,8,29,37,8,29,37,7,0.332077,0.354031,1507.162797,11,1,6,0.160428,14,14
Apollo_8,Apollo_8,,8,22,30,8,22,30,7,0.319767,0.339583,4624.561108,11,1,6,0.104615,14,14
Glynn_Lunney,Glynn_Lunney,,2,11,13,2,11,13,7,0.30256,0.320277,48.417075,11,1,6,0.325758,12,12
Moon_landing,Moon_landing,,4,13,17,4,13,17,7,0.311966,0.330773,567.424268,11,1,6,0.241667,14,14
Radio_telescope,Radio_telescope,,8,12,20,8,12,20,7,0.31089,0.330722,530.756018,9,1,6,0.183007,14,14
Cape_Canaveral,Cape_Canaveral,,7,7,14,7,7,14,7,0.305939,0.323773,205.917989,11,1,6,0.19697,14,14
Domesticated_turkey,Domesticated_turkey,,2,24,26,2,24,26,7,0.33075,0.353232,967.034547,7,1,6,0.148333,14,14
Santa_Claus,Santa_Claus,,8,45,53,8,45,53,7,0.344406,0.372083,1716.230869,13,1,6,0.194485,5,5
Celtic_mythology,Celtic_mythology,,9,18,27,9,18,27,7,0.304423,0.322863,2317.786079,1,1,6,0.105072,13,13
Cultivar,Cultivar,,41,3,44,41,3,44,7,0.281802,0.295669,381.803099,6,1,6,0.080338,14,14
Halloween,Halloween,,16,42,58,16,42,58,6,0.349694,0.376279,7126.810473,1,1,6,0.111111,5,5
Johnny_Appleseed,Johnny_Appleseed,,1,11,12,1,11,12,7,0.311319,0.329837,184.839646,3,1,6,0.154545,12,12
Lung_cancer,Lung_cancer,,23,28,51,23,28,51,7,0.33618,0.359561,4235.56933,9,1,6,0.105051,14,14
Norse_mythology,Norse_mythology,,27,23,50,27,23,50,7,0.328073,0.351199,10068.376869,3,1,6,0.088406,13,13
Pollinator,Pollinator,,11,11,22,11,11,22,7,0.284312,0.298498,1279.550769,7,1,6,0.137255,14,14
Prostate_cancer,Prostate_cancer,,17,22,39,17,22,39,7,0.317986,0.339059,2547.664629,6,1,6,0.063492,14,14
Applied_mathematics,Applied_mathematics,,9,10,19,9,10,19,7,0.288973,0.305259,1429.705989,3,1,6,0.203297,10,10
Bioinformatics,Bioinformatics,,10,18,28,10,18,28,7,0.2991,0.316821,3179.588726,7,1,6,0.163158,8,8
Ordinary_differential_equation,Ordinary_differential_equation,,4,4,8,4,4,8,8,0.273199,0.288004,92.434387,3,1,6,0.375,10,10
Retinol,Retinol,,4,16,20,4,16,20,7,0.301659,0.319996,282.404549,6,1,6,0.044737,14,14
Ecology,Ecology,,54,48,102,54,48,102,7,0.326514,0.351512,19493.375666,7,1,6,0.060918,14,14
Goldfish,Goldfish,,3,27,30,3,27,30,7,0.334378,0.357279,647.774779,7,1,6,0.10468,14,14
Guangzhou,Guangzhou,,29,38,67,29,38,67,7,0.34292,0.369185,3448.927223,10,1,6,0.164481,6,6
Nitrification,Nitrification,,5,8,13,5,8,13,7,0.29275,0.308858,68.706094,9,1,6,0.3,6,6
Otter,Otter,,8,15,23,8,15,23,7,0.30843,0.325825,1694.285955,7,1,6,0.161905,14,14
Oxyrhynchus,Oxyrhynchus,,2,18,20,2,18,20,7,0.305294,0.324834,763.004148,2,1,6,0.115789,7,7
Regent%27s_Park,Regent%27s_Park,,7,9,16,7,9,16,7,0.285674,0.301399,1194.939744,1,1,6,0.154545,6,6
The_Great_Exhibition,The_Great_Exhibition,,4,12,16,4,12,16,7,0.308618,0.327603,260.11,1,1,6,0.104762,7,7
Tropics,Tropics,,45,18,63,45,18,63,7,0.310461,0.330121,3794.963596,7,1,6,0.071717,6,6
Whale_shark,Whale_shark,,6,28,34,6,28,34,7,0.313583,0.335075,1906.183443,7,1,6,0.097291,14,14
Arab_League,Arab_League,,21,45,66,21,45,66,7,0.334433,0.360264,868.314587,8,1,6,0.288084,2,2
West_Bank,West_Bank,,23,29,52,23,29,52,7,0.331887,0.356346,1419.500234,2,1,6,0.2,6,6
Gaza_Strip,Gaza_Strip,,14,27,41,14,27,41,7,0.318435,0.341205,3287.316876,2,1,6,0.115966,6,6
Indonesian_language,Indonesian_language,,16,26,42,16,26,42,7,0.315732,0.338372,1204.424221,10,1,6,0.185633,9,9
Palestinian_territories,Palestinian_territories,,17,18,35,17,18,35,7,0.314215,0.335028,522.324825,2,1,6,0.291954,6,6
Land_%28economics%29,Land_%28economics%29,,4,3,7,4,3,7,7,0.280398,0.295663,118.668926,3,1,6,0.095238,1,1
Aradia%2C_or_the_Gospel_of_the_Witches,Aradia%2C_or_the_Gospel_of_the_Witches,,0,10,10,0,10,10,7,0.302206,0.320341,0,3,1,50,0.188889,9,9
Aral_Sea,Aral_Sea,,19,16,35,19,16,35,7,0.311822,0.331052,1634.629998,2,1,6,0.109195,6,6
Volga_River,Volga_River,,13,18,31,13,18,31,7,0.310271,0.329797,1850.379308,13,1,6,0.184615,6,6
Arcadia_%28play%29,Arcadia_%28play%29,,2,10,12,2,10,12,7,0.303352,0.321266,327.433204,3,1,6,0.072727,9,9
Royal_National_Theatre,Royal_National_Theatre,,9,9,18,9,9,18,7,0.295697,0.312049,1077.194536,1,1,6,0.052381,9,9
Archaeoastronomy,Archaeoastronomy,,3,35,38,3,35,38,7,0.328392,0.352901,5989.922574,9,1,6,0.063814,14,14
Meteor_shower,Meteor_shower,,2,3,5,2,3,5,8,0.268441,0.280755,19.125313,9,1,6,0.25,14,14
Stonehenge,Stonehenge,,14,27,41,14,27,41,7,0.336543,0.361547,2463.64001,1,1,6,0.093844,6,6
Oceania,Oceania,,61,49,110,61,49,110,6,0.332241,0.357515,12666.148639,8,1,6,0.109109,6,6
Paleontology,Paleontology,,29,23,52,29,23,52,7,0.317886,0.337719,5170.018559,7,1,6,0.128986,6,6
Archaeopteryx,Archaeopteryx,,13,21,34,13,21,34,7,0.31089,0.330434,5849.746634,7,1,6,0.216524,14,14
Compsognathus,Compsognathus,,3,18,21,3,18,21,7,0.303579,0.322407,77.259095,7,1,6,0.312865,14,14
Magpie,Magpie,,7,9,16,7,9,16,8,0.278549,0.293141,9266.526908,7,1,6,0.228571,14,14
Microraptor,Microraptor,,6,13,19,6,13,19,7,0.301906,0.318851,241.148342,7,1,6,0.408088,14,14
Pterosaur,Pterosaur,,11,23,34,11,23,34,7,0.311846,0.331951,1906.573668,7,1,6,0.25,14,14
Canterbury_Cathedral,Canterbury_Cathedral,,13,15,28,13,15,28,7,0.294901,0.313636,1940.916511,1,1,6,0.1917,4,4
Privy_Council_of_the_United_Kingdom,Privy_Council_of_the_United_Kingdom,,29,21,50,29,21,50,7,0.310034,0.330781,970.316212,1,1,6,0.189746,2,2
Archimedes,Archimedes,,13,22,35,13,22,35,7,0.311702,0.333326,2311.429252,9,1,6,0.143145,12,12
Pi,Pi,,10,27,37,10,27,37,7,0.322206,0.344732,7137.312571,3,1,6,0.14678,10,10
Sphere,Sphere,,33,10,43,33,10,43,7,0.290131,0.306251,3583.280717,9,1,6,0.083671,10,10
Architecture_of_Windows_NT,Architecture_of_Windows_NT,,0,3,3,0,3,3,8,0.238165,0.247356,0,5,1,51,0.833333,8,8
Windows_2000,Windows_2000,,10,9,19,10,9,19,7,0.285775,0.301694,3010.351249,5,1,6,0.165441,8,8
Windows_Vista,Windows_Vista,,7,12,19,7,12,19,7,0.28711,0.303171,3997.654277,5,1,6,0.228571,8,8
Windows_XP,Windows_XP,,18,14,32,18,14,32,7,0.301749,0.320403,8546.925521,5,1,6,0.106838,8,8
Architecture_of_the_California_missions,Architecture_of_the_California_missions,,0,20,20,0,20,20,7,0.313733,0.33401,0,9,1,52,0.134211,4,4
Axe,Axe,,12,25,37,12,25,37,7,0.318936,0.340567,1534.378048,9,1,6,0.083193,4,4
Arctic_Circle,Arctic_Circle,,20,13,33,20,13,33,7,0.318811,0.338333,1208.020287,7,1,6,0.162393,6,6
Bj%C3%B8rn%C3%B8ya,Bj%C3%B8rn%C3%B8ya,,4,15,19,4,15,19,7,0.309513,0.32861,488.740958,7,1,6,0.141667,6,6
Jan_Mayen,Jan_Mayen,,6,15,21,6,15,21,7,0.305202,0.324142,232.403912,9,1,6,0.232026,6,6
Muttaburrasaurus,Muttaburrasaurus,,1,14,15,1,14,15,7,0.296605,0.313089,4981.487711,7,1,6,0.266667,14,14
Svalbard,Svalbard,,17,25,42,17,25,42,7,0.316348,0.337505,12932.781038,7,1,6,0.071429,6,6
Troodon,Troodon,,1,15,16,1,15,16,7,0.294152,0.310843,314.250733,7,1,6,0.3125,14,14
Wolverine,Wolverine,,5,16,21,5,16,21,7,0.319943,0.340237,236.055583,7,1,6,0.215789,14,14
Duran_Duran,Duran_Duran,,7,33,40,7,33,40,7,0.340873,0.367203,1561.396337,11,1,6,0.162698,11,11
McFly_%28band%29,McFly_%28band%29,,1,11,12,1,11,12,7,0.3148,0.336113,42.385972,1,1,6,0.327273,11,11
Romeo_and_Juliet,Romeo_and_Juliet,,9,11,20,9,11,20,7,0.290484,0.306029,1216.691967,1,1,6,0.106618,9,9
Sheffield,Sheffield,,20,39,59,20,39,59,6,0.344172,0.370909,4154.992869,1,1,6,0.12627,6,6
Top_of_the_Pops,Top_of_the_Pops,,6,18,24,6,18,24,6,0.317961,0.338916,3027.94039,11,1,6,0.183794,5,5
Oceanography,Oceanography,,13,23,36,13,23,36,7,0.334158,0.356453,1212.766551,9,1,6,0.181818,6,6
Walrus,Walrus,,9,15,24,9,15,24,7,0.297127,0.313546,1239.624621,7,1,6,0.120553,14,14
Arctic_Tern,Arctic_Tern,,5,31,36,5,31,36,7,0.332622,0.355441,6371.424038,7,1,6,0.149194,14,14
Cod,Cod,,14,13,27,14,13,27,7,0.307331,0.325299,2251.410802,7,1,6,0.155385,14,14
Common_Tern,Common_Tern,,2,14,16,2,14,16,7,0.308994,0.328257,76.454975,7,1,6,0.296703,14,14
Herring_Gull,Herring_Gull,,3,12,15,3,12,15,7,0.302447,0.320543,244.374054,7,1,6,0.28022,14,14
Tern,Tern,,8,13,21,8,13,21,7,0.299144,0.315185,2090.755385,7,1,6,0.216667,14,14
Coconut,Coconut,,28,35,63,28,35,63,7,0.329593,0.353758,8354.914148,6,1,6,0.058445,14,14
Faroe_Islands,Faroe_Islands,,36,34,70,36,34,70,7,0.33254,0.357401,12943.700983,1,1,6,0.145355,6,6
Argan,Argan,,1,9,10,1,9,10,8,0.287661,0.303387,13.624976,6,1,6,0.277778,14,14
Cactus,Cactus,,10,35,45,10,35,45,7,0.340844,0.366914,2823.079242,7,1,6,0.110188,14,14
Diego_Maradona,Diego_Maradona,,5,19,24,5,19,24,7,0.312206,0.332329,375.550348,0,1,6,0.155263,12,12
FIFA_World_Cup,FIFA_World_Cup,,24,41,65,24,41,65,7,0.345227,0.373588,3484.119438,0,1,6,0.224242,5,5
Hawk,Hawk,,22,11,33,22,11,33,8,0.285152,0.300657,11816.758143,7,1,6,0.165025,14,14
Jackal,Jackal,,7,13,20,7,13,20,7,0.303625,0.32312,10185.77065,7,1,6,0.178363,14,14
Lima,Lima,,16,16,32,16,16,32,7,0.306889,0.326351,1041.872031,0,1,6,0.148148,6,6
Mestizo,Mestizo,,30,59,89,30,59,89,7,0.346703,0.376065,6909.572034,0,1,6,0.179276,6,6
Orca,Orca,,16,41,57,16,41,57,7,0.330184,0.354875,7723.218819,7,1,6,0.129804,14,14
Right_whale,Right_whale,,2,32,34,2,32,34,7,0.328952,0.352936,295.000756,7,1,6,0.148674,14,14
Saxophone,Saxophone,,16,17,33,16,17,33,7,0.318811,0.339379,3565.301149,11,1,6,0.092593,11,11
Sugarcane,Sugarcane,,26,36,62,26,36,62,7,0.334351,0.35959,5082.176703,6,1,6,0.094613,14,14
Tennis,Tennis,,79,40,119,79,40,119,7,0.339873,0.366443,69476.249744,12,1,6,0.089035,5,5
Trout,Trout,,16,12,28,16,12,28,7,0.322591,0.343683,2181.877634,7,1,6,0.134921,14,14
Tungsten,Tungsten,,32,35,67,32,35,67,7,0.319313,0.342851,9046.054085,9,1,6,0.166558,14,14
Volleyball,Volleyball,,30,13,43,30,13,43,7,0.319968,0.341774,1273.14154,0,1,6,0.14305,5,5
Fluorine,Fluorine,,28,35,63,28,35,63,7,0.309655,0.332448,2006.178052,9,1,6,0.244557,14,14
Xenon,Xenon,,50,29,79,50,29,79,7,0.302019,0.322167,1959.182201,9,1,6,0.201632,14,14
Argyle_diamond_mine,Argyle_diamond_mine,,2,13,15,2,13,15,7,0.303739,0.321282,4670.686037,9,1,6,0.197802,6,6
Continental_crust,Continental_crust,,13,5,18,13,5,18,7,0.28104,0.2953,387.425366,9,1,6,0.247619,6,6
Material_properties_of_diamond,Material_properties_of_diamond,,4,28,32,4,28,32,7,0.323079,0.344819,6521.497519,9,1,6,0.155172,14,14
Rio_Tinto_Group,Rio_Tinto_Group,,1,20,21,1,20,21,7,0.314727,0.335124,97.418052,9,1,6,0.185714,1,1
Volcanic_pipe,Volcanic_pipe,,2,10,12,2,10,12,7,0.300675,0.317667,50.446072,9,1,6,0.2,6,6
Beirut,Beirut,,19,43,62,19,43,62,7,0.340672,0.367582,1864.350357,2,1,6,0.215909,6,6
Logistics,Logistics,,10,8,18,10,8,18,7,0.287906,0.303315,3766.514714,13,1,6,0.040441,1,1
Aristarchus_%28crater%29,Aristarchus_%28crater%29,,1,11,12,1,11,12,7,0.290505,0.30665,18.181415,9,1,6,0.181818,14,14
Elementary_arithmetic,Elementary_arithmetic,,1,6,7,1,6,7,8,0.263606,0.276787,19.298663,3,1,6,0.466667,10,10
Fundamental_theorem_of_arithmetic,Fundamental_theorem_of_arithmetic,,4,3,7,4,3,7,8,0.254936,0.265096,4.398575,3,1,6,0.5,10,10
Prime_number,Prime_number,,12,16,28,12,16,28,7,0.316867,0.336857,13690.830322,3,1,6,0.121212,10,10
Rabbit,Rabbit,,22,11,33,22,11,33,7,0.291466,0.307061,3190.591931,7,1,6,0.089718,14,14
List_of_monarchs_in_the_British_Isles,List_of_monarchs_in_the_British_Isles,,4,64,68,4,64,68,7,0.321414,0.348562,2016.677317,1,1,6,0.136131,12,12
Behistun_Inscription,Behistun_Inscription,,4,17,21,4,17,21,7,0.319842,0.341079,235.798667,2,1,6,0.138095,7,7
Bhutan,Bhutan,,45,49,94,45,49,94,7,0.339247,0.366192,10296.741461,10,1,6,0.119487,3,3
Deluge_%28mythology%29,Deluge_%28mythology%29,,11,30,41,11,30,41,7,0.311606,0.333687,7552.685309,2,1,6,0.098516,13,13
Interpol,Interpol,,13,191,204,13,191,204,6,0.371756,0.413797,9202.322623,8,1,6,0.134595,2,2
Nagorno-Karabakh_War,Nagorno-Karabakh_War,,2,34,36,2,34,36,7,0.328392,0.352644,106.782426,13,1,6,0.280749,7,7
Saint-Pierre_and_Miquelon,Saint-Pierre_and_Miquelon,,20,16,36,20,16,36,7,0.312688,0.333591,489.983599,8,1,6,0.366387,6,6
Saint_Lucia,Saint_Lucia,,42,21,63,42,21,63,7,0.322745,0.345174,3800.293377,8,1,6,0.215064,3,3
Vladimir_Lenin,Vladimir_Lenin,,50,37,87,50,37,87,6,0.340072,0.366247,8703.392444,13,1,6,0.113978,12,12
Woodrow_Wilson,Woodrow_Wilson,,43,45,88,43,45,88,7,0.329835,0.356213,8999.439803,11,1,6,0.101261,12,12
Armia_Krajowa,Armia_Krajowa,,7,14,21,7,14,21,7,0.301682,0.321085,1884.355787,13,1,6,0.3875,12,12
Witold_Pilecki,Witold_Pilecki,,3,17,20,3,17,20,7,0.301794,0.321334,74.30924,13,1,6,0.438596,12,12
Weight_training,Weight_training,,3,12,15,3,12,15,7,0.297979,0.315319,256.566689,3,1,6,0.070513,14,14
Arp2_3_complex,Arp2_3_complex,,0,7,7,0,7,7,8,0.27458,0.288932,0,7,1,53,0.214286,14,14
Ars_moriendi,Ars_moriendi,,1,13,14,1,13,14,7,0.304035,0.323427,23.867368,4,1,6,0.301282,7,7
Arsenal_F.C.,Arsenal_F.C.,,11,21,32,11,21,32,7,0.326751,0.348473,4176.999275,1,1,6,0.18661,5,5
Chelsea_F.C.,Chelsea_F.C.,,10,22,32,10,22,32,7,0.321746,0.34341,4822.413924,1,1,6,0.229231,5,5
Douglas_Adams,Douglas_Adams,,15,29,44,15,29,44,7,0.324814,0.34605,5242.292176,1,1,6,0.05,12,12
Liverpool_F.C.,Liverpool_F.C.,,12,10,22,12,10,22,7,0.302312,0.321342,485.214786,1,1,6,0.205882,5,5
Manchester_United_F.C.,Manchester_United_F.C.,,20,21,41,20,21,41,6,0.323854,0.346279,17499.122076,1,1,6,0.169892,5,5
The_Hitchhiker%27s_Guide_to_the_Galaxy,The_Hitchhiker%27s_Guide_to_the_Galaxy,,7,26,33,7,26,33,7,0.340186,0.36391,1893.080072,1,1,6,0.13871,9,9
Tottenham_Hotspur_F.C.,Tottenham_Hotspur_F.C.,,8,13,21,8,13,21,7,0.306657,0.325757,309.555024,1,1,6,0.258333,5,5
Buddhist_art,Buddhist_art,,5,41,46,5,41,46,7,0.316719,0.340689,658.165922,10,1,6,0.189746,0,0
Canberra,Canberra,,21,37,58,21,37,58,6,0.335791,0.361663,13888.651983,12,1,6,0.140271,6,6
Barnacle,Barnacle,,6,13,19,6,13,19,7,0.299498,0.31661,538.619741,7,1,6,0.137255,14,14
Coconut_crab,Coconut_crab,,3,33,36,3,33,36,7,0.321083,0.343886,1046.810304,7,1,6,0.083333,14,14
Arthur_Ernest_Percival,Arthur_Ernest_Percival,,1,32,33,1,32,33,7,0.339189,0.364717,30.768052,13,1,54,0.202652,12,12
Battle_of_the_Somme_%281916%29,Battle_of_the_Somme_%281916%29,,9,17,26,9,17,26,7,0.319767,0.340397,483.860068,13,1,6,0.233766,7,7
Order_of_the_Bath,Order_of_the_Bath,,15,31,46,15,31,46,7,0.327173,0.350991,1613.354878,1,1,6,0.150987,7,7
Tank,Tank,,28,22,50,28,22,50,7,0.326619,0.349287,6426.616909,13,1,6,0.10511,7,7
Arthur_Sullivan,Arthur_Sullivan,,6,24,30,6,24,30,7,0.307191,0.327167,10091.176821,13,1,6,0.085979,12,12
Bassoon,Bassoon,,7,14,21,7,14,21,8,0.278109,0.292881,311.89806,13,1,6,0.180147,11,11
Clarinet,Clarinet,,19,14,33,19,14,33,7,0.301637,0.321079,2095.758855,11,1,6,0.115385,11,11
Rudyard_Kipling,Rudyard_Kipling,,22,45,67,22,45,67,7,0.344201,0.371412,13862.457287,3,1,6,0.088418,12,12
Second_Boer_War,Second_Boer_War,,35,28,63,35,28,63,7,0.326988,0.351176,10814.372823,12,1,6,0.116836,7,7
The_Absent-Minded_Beggar,The_Absent-Minded_Beggar,,1,3,4,1,3,4,8,0.266465,0.278965,7.025596,3,1,6,0.333333,9,9
The_Merchant_of_Venice,The_Merchant_of_Venice,,3,20,23,3,20,23,7,0.305985,0.324954,486.374127,1,1,6,0.116667,9,9
Tower_of_London,Tower_of_London,,36,45,81,36,45,81,7,0.339816,0.366159,21141.585052,1,1,6,0.092072,4,4
Walter_Scott,Walter_Scott,,18,17,35,18,17,35,7,0.31588,0.337223,2300.969485,1,1,6,0.113978,12,12
Arthur_Upfield,Arthur_Upfield,,0,9,9,0,9,9,7,0.303882,0.321517,0,12,1,55,0.25,12,12
Arthur_Wellesley%2C_1st_Duke_of_Wellington,Arthur_Wellesley%2C_1st_Duke_of_Wellington,,24,43,67,24,43,67,7,0.331074,0.356546,3754.949089,1,1,6,0.12332,12,12
Battle_of_Jutland,Battle_of_Jutland,,7,11,18,7,11,18,7,0.295956,0.313332,260.562665,1,1,6,0.15,7,7
Isle_of_Wight,Isle_of_Wight,,23,36,59,23,36,59,7,0.329085,0.353068,17658.950594,1,1,6,0.104533,6,6
Liverpool_and_Manchester_Railway,Liverpool_and_Manchester_Railway,,8,10,18,8,10,18,7,0.303352,0.321956,1377.350814,1,1,6,0.185897,4,4
Robert_Peel,Robert_Peel,,18,30,48,18,30,48,7,0.316323,0.339513,1213.799733,1,1,6,0.245495,7,7
St_Paul%27s_Cathedral,St_Paul%27s_Cathedral,,20,28,48,20,28,48,7,0.322694,0.345832,6349.825307,1,1,6,0.104268,4,4
Trafalgar_Square,Trafalgar_Square,,15,37,52,15,37,52,6,0.338907,0.36457,9255.301449,1,1,6,0.124031,6,6
Arts_and_crafts,Arts_and_crafts,,2,12,14,2,12,14,7,0.286461,0.301942,382.725177,9,1,6,0.093407,0,0
Woodworking,Woodworking,,5,10,15,5,10,15,7,0.298857,0.316762,267.216522,9,1,6,0.133333,4,4
Netherlands_Antilles,Netherlands_Antilles,,23,41,64,23,41,64,7,0.337636,0.364523,1748.063187,8,1,6,0.221178,3,3
Arugula,Arugula,,4,8,12,4,8,12,7,0.29218,0.307295,85.039615,6,1,6,0.118182,5,5
Basil,Basil,,16,17,33,16,17,33,7,0.308242,0.328452,885.669754,6,1,6,0.24086,14,14
Lettuce,Lettuce,,4,20,24,4,20,24,7,0.33391,0.35686,4409.792721,6,1,6,0.110672,14,14
Mustard_plant,Mustard_plant,,7,14,21,7,14,21,7,0.325466,0.346783,5499.126264,6,1,6,0.114035,14,14
Ascariasis,Ascariasis,,1,18,19,1,18,19,7,0.31836,0.339575,389.627903,7,1,6,0.107843,14,14
Epazote,Epazote,,11,45,56,11,45,56,7,0.322309,0.346387,764.894672,6,1,6,0.203014,14,14
Riyadh,Riyadh,,7,7,14,7,7,14,7,0.288049,0.303911,170.970522,2,1,6,0.25,6,6
Trichinosis,Trichinosis,,6,3,9,6,3,9,7,0.292581,0.308344,340.141128,7,1,6,0.089286,14,14
Colombo,Colombo,,10,17,27,10,17,27,7,0.314776,0.334937,490.105861,10,1,6,0.15,6,6
Epic_of_Gilgamesh,Epic_of_Gilgamesh,,10,9,19,10,9,19,8,0.275333,0.290257,407.852303,2,1,6,0.21978,9,9
Hanoi,Hanoi,,12,17,29,12,17,29,7,0.304675,0.323529,519.419827,10,1,6,0.165,6,6
Japanese_yen,Japanese_yen,,13,27,40,13,27,40,7,0.334075,0.357945,2646.678632,10,1,6,0.152381,1,1
Macau,Macau,,32,45,77,32,45,77,7,0.335152,0.363054,4607.514921,10,1,6,0.137762,6,6
Muscat%2C_Oman,Muscat%2C_Oman,,5,29,34,5,29,34,7,0.322591,0.34658,422.535497,2,1,6,0.203629,6,6
Pyongyang,Pyongyang,,7,14,21,7,14,21,7,0.299896,0.318271,81.357038,10,1,6,0.251634,6,6
Rabindranath_Tagore,Rabindranath_Tagore,,12,65,77,12,65,77,7,0.35819,0.388109,6748.052042,10,1,6,0.097384,12,12
Seoul,Seoul,,30,60,90,30,60,90,7,0.351727,0.381412,4574.741142,10,1,6,0.155965,6,6
Sikhism,Sikhism,,29,25,54,29,25,54,7,0.331399,0.354512,5349.872852,10,1,6,0.165125,13,13
Taipei,Taipei,,20,65,85,20,65,85,7,0.339133,0.366893,6138.550699,10,1,6,0.080711,6,6
Toy,Toy,,12,37,49,12,37,49,7,0.339133,0.363865,12031.826424,3,1,6,0.081207,5,5
Asp_%28reptile%29,Asp_%28reptile%29,,1,8,9,1,8,9,8,0.289044,0.305042,17.736009,4,1,56,0.319444,14,14
Asparagus,Asparagus,,5,17,22,5,17,22,7,0.326883,0.348555,545.636807,6,1,6,0.161905,5,5
Autism,Autism,,10,23,33,10,23,33,7,0.329728,0.353049,1975.98169,3,1,6,0.10322,14,14
Sleep,Sleep,,9,11,20,9,11,20,7,0.311678,0.329862,966.287334,7,1,6,0.215686,5,5
Tourette_syndrome,Tourette_syndrome,,3,15,18,3,15,18,7,0.291361,0.308268,9623.115198,3,1,6,0.069853,14,14
Astatine,Astatine,,7,15,22,7,15,22,7,0.288932,0.306072,206.616528,9,1,6,0.415441,14,14
Isaac_Asimov,Isaac_Asimov,,16,35,51,16,35,51,7,0.335846,0.360194,10713.055147,3,1,6,0.058742,12,12
Polonium,Polonium,,15,25,40,15,25,40,7,0.302379,0.322154,1105.234722,9,1,6,0.23908,14,14
Comet_Shoemaker-Levy_9,Comet_Shoemaker-Levy_9,,8,27,35,8,27,35,7,0.310034,0.330619,2266.699158,9,1,6,0.15977,14,14
Carl_Sagan,Carl_Sagan,,13,46,59,13,46,59,6,0.341102,0.367579,10309.923487,9,1,6,0.099057,12,12
Francis_Bacon,Francis_Bacon,,16,21,37,16,21,37,7,0.322232,0.34383,1986.659488,3,1,6,0.102273,12,12
Big_Bang,Big_Bang,,31,46,77,31,46,77,7,0.320171,0.344282,22094.133923,9,1,6,0.13247,14,14
Cosmic_inflation,Cosmic_inflation,,11,19,30,11,19,30,7,0.289014,0.305946,872.167173,9,1,6,0.214286,14,14
Crab_Nebula,Crab_Nebula,,2,19,21,2,19,21,7,0.29628,0.314331,60.942377,9,1,6,0.302381,14,14
Fermi_paradox,Fermi_paradox,,3,32,35,3,32,35,7,0.320297,0.342229,450.768,9,1,6,0.114583,14,14
Hubble%27s_law,Hubble%27s_law,,7,14,21,7,14,21,7,0.284232,0.30063,82.108239,9,1,6,0.480952,14,14
Metric_expansion_of_space,Metric_expansion_of_space,,7,19,26,7,19,26,7,0.30456,0.322102,581.446691,9,1,6,0.276316,14,14
Open_cluster,Open_cluster,,8,18,26,8,18,26,7,0.298923,0.31666,564.842032,9,1,6,0.313853,14,14
Planetary_nebula,Planetary_nebula,,8,27,35,8,27,35,7,0.299741,0.318697,5107.405736,9,1,6,0.260215,14,14
Red_giant,Red_giant,,11,9,20,11,9,20,7,0.291928,0.308232,1505.382362,9,1,6,0.3125,14,14
Uranus,Uranus,,17,34,51,17,34,51,7,0.326462,0.34887,3494.273028,9,1,6,0.186411,14,14
Astrophysics_Data_System,Astrophysics_Data_System,,0,36,36,0,36,36,7,0.344872,0.370958,0,5,1,57,0.147619,14,14
Boolean_logic,Boolean_logic,,4,8,12,4,8,12,7,0.289633,0.305178,4834.023757,5,1,6,0.133333,10,10
Fedora_Core,Fedora_Core,,5,8,13,5,8,13,7,0.274997,0.288588,516.053842,5,1,6,0.136364,8,8
Pleiades_%28star_cluster%29,Pleiades_%28star_cluster%29,,6,33,39,6,33,39,7,0.329513,0.352914,6138.771465,9,1,6,0.109524,14,14
TeX,TeX,,7,20,27,7,20,27,7,0.312086,0.332948,4390.186666,5,1,6,0.108696,8,8
Asunci%C3%B3n,Asunci%C3%B3n,,6,12,18,6,12,18,7,0.305041,0.323749,41.162374,0,1,6,0.371429,6,6
Eagle,Eagle,,34,35,69,34,35,69,7,0.334544,0.359479,17719.562968,7,1,6,0.084347,14,14
Athanasius_Kircher,Athanasius_Kircher,,3,51,54,3,51,54,7,0.341591,0.368947,1380.350929,9,1,6,0.070755,12,12
Cat,Cat,,31,37,68,31,37,68,7,0.317562,0.340317,7293.72911,7,1,6,0.062748,14,14
Goose,Goose,,18,14,32,18,14,32,7,0.30157,0.319869,4473.983581,7,1,6,0.130769,14,14
Love,Love,,19,20,39,19,20,39,7,0.309963,0.329005,5869.701367,3,1,6,0.055556,5,5
Creationism,Creationism,,14,53,67,14,53,67,7,0.352951,0.380688,4865.242668,2,1,6,0.116999,13,13
Margaret_Sanger,Margaret_Sanger,,2,12,14,2,12,14,7,0.316299,0.336213,60.698357,11,1,6,0.159341,12,12
Attalus_I,Attalus_I,,2,12,14,2,12,14,7,0.301929,0.320793,129.676478,3,1,6,0.227273,12,12
Owl,Owl,,24,32,56,24,32,56,7,0.319741,0.341947,25623.357061,7,1,6,0.088435,14,14
Bogot%C3%A1,Bogot%C3%A1,,14,14,28,14,14,28,7,0.295869,0.314134,345.491036,0,1,6,0.193841,6,6
Skiing,Skiing,,22,23,45,22,23,45,7,0.329486,0.353577,2965.3489,13,1,6,0.165244,5,5
Calgary,Calgary,,13,26,39,13,26,39,7,0.327041,0.350671,1827.477636,11,1,6,0.187302,6,6
Gone_with_the_Wind_%28film%29,Gone_with_the_Wind_%28film%29,,10,27,37,10,27,37,7,0.330939,0.355409,2968.344834,11,1,6,0.138146,5,5
National_Hockey_League,National_Hockey_League,,32,28,60,32,28,60,7,0.324476,0.347152,2825.507509,11,1,6,0.199359,5,5
Newcastle_upon_Tyne,Newcastle_upon_Tyne,,19,60,79,19,60,79,6,0.355334,0.38522,11273.776982,1,1,6,0.134585,6,6
Trinidad_and_Tobago,Trinidad_and_Tobago,,35,50,85,35,50,85,7,0.350935,0.379011,9359.864426,8,1,6,0.144953,3,3
Atlantic_Coast_Line_Railroad,Atlantic_Coast_Line_Railroad,,3,7,10,3,7,10,7,0.308477,0.326269,188.118025,11,1,6,0.311111,4,4
Belfast,Belfast,,30,19,49,30,19,49,7,0.324788,0.346787,2462.947062,1,1,6,0.088269,6,6
Georgetown%2C_Guyana,Georgetown%2C_Guyana,,3,14,17,3,14,17,7,0.322642,0.343856,571.312303,0,1,6,0.338095,6,6
Gothenburg,Gothenburg,,12,39,51,12,39,51,7,0.338256,0.364391,1706.493858,13,1,6,0.171498,6,6
Irish_Sea,Irish_Sea,,19,27,46,19,27,46,6,0.331453,0.354078,7609.632187,1,1,6,0.176923,6,6
Oslo,Oslo,,22,25,47,22,25,47,7,0.320348,0.343116,2035.66177,13,1,6,0.178049,6,6
Panama_Canal,Panama_Canal,,33,28,61,33,28,61,7,0.328153,0.352679,4075.319966,11,1,6,0.120545,4,4
Portsmouth,Portsmouth,,25,42,67,25,42,67,7,0.333388,0.35872,6918.653709,1,1,6,0.104123,6,6
RMS_Titanic,RMS_Titanic,,11,35,46,11,35,46,7,0.333663,0.358675,7938.948561,1,1,6,0.101626,7,7
Rockall,Rockall,,7,27,34,7,27,34,6,0.332159,0.355612,1167.23736,1,1,6,0.185057,6,6
Atlantic_herring,Atlantic_herring,,0,19,19,0,19,19,7,0.303382,0.32187,0,7,1,58,0.22807,14,14
Atlantis,Atlantis,,10,50,60,10,50,60,7,0.346496,0.374879,3422.692341,2,1,6,0.117794,13,13
Charles_Etienne_Brasseur_de_Bourbourg,Charles_Etienne_Brasseur_de_Bourbourg,,4,20,24,4,20,24,7,0.311367,0.332175,157.940976,2,1,6,0.126482,12,12
Santorini,Santorini,,8,30,38,8,30,38,7,0.32484,0.348249,1361.819979,2,1,6,0.184476,6,6
Caesium,Caesium,,20,33,53,20,33,53,7,0.307517,0.329387,6895.849976,9,1,6,0.194541,14,14
Lithium,Lithium,,23,39,62,23,39,62,7,0.33186,0.357666,3302.385071,9,1,6,0.19899,14,14
Promethium,Promethium,,8,16,24,8,16,24,7,0.298066,0.316637,281.565586,9,1,6,0.362573,14,14
Quark,Quark,,13,10,23,13,10,23,7,0.288397,0.303284,1188.576987,9,1,6,0.238971,14,14
Rubidium,Rubidium,,14,30,44,14,30,44,7,0.305294,0.326077,1022.955542,9,1,6,0.260317,14,14
Technetium,Technetium,,13,57,70,13,57,70,7,0.326883,0.353244,2216.671205,9,1,6,0.190532,14,14
Ununhexium,Ununhexium,,7,13,20,7,13,20,7,0.289737,0.30699,132.747547,9,1,6,0.390476,14,14
Hirohito,Hirohito,,7,26,33,7,26,33,7,0.333635,0.358352,585.127714,10,1,6,0.321429,12,12
Marshall_Islands,Marshall_Islands,,28,22,50,28,22,50,6,0.330912,0.354387,1380.343272,8,1,6,0.209756,6,6
First_Macedonian_War,First_Macedonian_War,,5,6,11,5,6,11,7,0.284391,0.299917,127.103646,3,1,6,0.333333,7,7
Cerebellum,Cerebellum,,7,19,26,7,19,26,7,0.298022,0.31591,2543.399896,7,1,6,0.091667,14,14
Mexico_City,Mexico_City,,54,36,90,54,36,90,7,0.330669,0.355705,6737.876396,0,1,6,0.103213,6,6
Augusta%2C_Lady_Gregory,Augusta%2C_Lady_Gregory,,1,23,24,1,23,24,7,0.318435,0.340154,295.2153,3,1,6,0.130435,12,12
William_Gladstone,William_Gladstone,,4,40,44,4,40,44,7,0.330588,0.357672,366.262101,1,1,6,0.127378,7,7
Augustan_literature,Augustan_literature,,2,51,53,2,51,53,7,0.328525,0.35509,7682.274557,3,1,6,0.084906,9,9
Colley_Cibber,Colley_Cibber,,7,14,21,7,14,21,7,0.298637,0.316875,2436.267514,1,1,6,0.195833,12,12
Jonathan_Wild,Jonathan_Wild,,1,11,12,1,11,12,7,0.291194,0.308854,7.83039,1,1,6,0.121212,12,12
Max_Weber,Max_Weber,,21,48,69,21,48,69,7,0.345403,0.373132,2930.014294,3,1,6,0.159016,12,12
Restoration_comedy,Restoration_comedy,,6,17,23,6,17,23,7,0.301996,0.320655,3031.375882,1,1,6,0.195906,9,9
Robinson_Crusoe,Robinson_Crusoe,,5,24,29,5,24,29,7,0.323543,0.347571,337.372412,3,1,6,0.124339,9,9
William_and_Mary,William_and_Mary,,8,4,12,8,4,12,8,0.253138,0.264493,50.737095,1,1,6,0.3,12,12
Auguste_Rodin,Auguste_Rodin,,8,16,24,8,16,24,7,0.297541,0.315465,2658.141349,4,1,6,0.114625,12,12
Oil_painting,Oil_painting,,7,10,17,7,10,17,7,0.296107,0.312074,384.238021,4,1,6,0.104762,0,0
Watercolor_painting,Watercolor_painting,,4,15,19,4,15,19,7,0.312616,0.333209,335.758777,4,1,6,0.096491,0,0
Autocracy,Autocracy,,17,6,23,17,6,23,7,0.281528,0.296881,248.040772,3,1,6,0.184211,2,2
Australian_Open,Australian_Open,,19,11,30,19,11,30,7,0.289035,0.303729,802.219981,12,1,6,0.311594,5,5
Christmas_Island,Christmas_Island,,21,36,57,21,36,57,7,0.332841,0.358406,9533.112579,8,1,6,0.245646,6,6
Cocos_%28Keeling%29_Islands,Cocos_%28Keeling%29_Islands,,18,24,42,18,24,42,7,0.332677,0.357386,841.32611,8,1,6,0.323212,6,6
Dingo,Dingo,,8,10,18,8,10,18,7,0.293939,0.308959,473.171949,7,1,6,0.295238,14,14
Emu,Emu,,8,15,23,8,15,23,7,0.304789,0.323124,7075.006453,7,1,6,0.147059,14,14
Flag_of_Australia,Flag_of_Australia,,3,13,16,3,13,16,7,0.308172,0.326482,353.805182,1,1,6,0.271429,6,6
Grand_Slam_%28tennis%29,Grand_Slam_%28tennis%29,,19,12,31,19,12,31,7,0.275689,0.289655,9331.04862,12,1,6,0.333333,5,5
Heard_Island_and_McDonald_Islands,Heard_Island_and_McDonald_Islands,,1,11,12,1,11,12,7,0.317239,0.336382,295.307096,7,1,6,0.209091,6,6
Kangaroo,Kangaroo,,16,21,37,16,21,37,7,0.32458,0.345273,8381.942829,7,1,6,0.137311,14,14
Kookaburra,Kookaburra,,3,6,9,3,6,9,7,0.281352,0.294906,289.647897,7,1,6,0.5,14,14
Multiculturalism,Multiculturalism,,21,54,75,21,54,75,6,0.346733,0.375502,15820.005125,3,1,6,0.13354,2,2
Netball,Netball,,10,15,25,10,15,25,7,0.322874,0.344411,657.24153,1,1,6,0.205628,5,5
New_Caledonia,New_Caledonia,,24,32,56,24,32,56,7,0.330346,0.354256,4153.474238,8,1,6,0.168363,6,6
Norfolk_Island,Norfolk_Island,,10,32,42,10,32,42,7,0.326251,0.350634,1461.030059,8,1,6,0.110897,6,6
Platypus,Platypus,,8,26,34,8,26,34,7,0.324372,0.34487,7997.422232,7,1,6,0.151613,14,14
Wombat,Wombat,,4,11,15,4,11,15,7,0.292771,0.30744,316.016297,7,1,6,0.203297,14,14
WorkChoices,WorkChoices,,2,1,3,2,1,3,7,0.264449,0.276036,12.013291,11,1,6,0,7,7
Fauna_of_Australia,Fauna_of_Australia,,2,72,74,2,72,74,7,0.331697,0.360075,20699.623925,7,1,6,0.077379,14,14
Tree_frog,Tree_frog,,4,9,13,4,9,13,7,0.301099,0.317666,46.010308,7,1,6,0.287879,14,14
The_Championships%2C_Wimbledon,The_Championships%2C_Wimbledon,,19,17,36,19,17,36,7,0.296475,0.313853,12156.13529,12,1,6,0.336842,5,5
U.S._Open_%28tennis%29,U.S._Open_%28tennis%29,,17,10,27,17,10,27,7,0.27612,0.290305,1299.635805,12,1,6,0.419118,5,5
Australian_Ringneck,Australian_Ringneck,,0,7,7,0,7,7,7,0.2825,0.296483,0,7,1,59,0.428571,14,14
Australian_constitutional_law,Australian_constitutional_law,,0,19,19,0,19,19,7,0.301084,0.321774,0,11,1,60,0.152047,6,6
Canadian_Charter_of_Rights_and_Freedoms,Canadian_Charter_of_Rights_and_Freedoms,,7,19,26,7,19,26,7,0.312038,0.332896,962.512742,11,1,6,0.201581,2,2
Canadian_Senate,Canadian_Senate,,11,13,24,11,13,24,7,0.314532,0.333998,918.22118,11,1,6,0.242105,2,2
Election,Election,,37,30,67,37,30,67,7,0.331263,0.355137,4516.583852,3,1,6,0.091803,2,2
United_States_Bill_of_Rights,United_States_Bill_of_Rights,,18,20,38,18,20,38,7,0.320297,0.342039,3204.283275,11,1,6,0.182765,2,2
Guernsey,Guernsey,,25,33,58,25,33,58,7,0.331155,0.357392,10749.436775,1,1,6,0.173469,6,6
Nauru,Nauru,,28,35,63,28,35,63,7,0.332186,0.357974,3006.603828,8,1,6,0.140112,6,6
Neighbours,Neighbours,,3,14,17,3,14,17,7,0.311176,0.329969,573.957758,12,1,6,0.166667,5,5
Canaletto,Canaletto,,5,2,7,5,2,7,8,0.264259,0.275535,71.703212,1,1,6,0.119048,12,12
Konrad_Lorenz,Konrad_Lorenz,,5,16,21,5,16,21,7,0.313899,0.333984,1682.561547,13,1,6,0.22807,12,12
Computer_programming,Computer_programming,,10,10,20,10,10,20,8,0.259938,0.27267,536.286177,5,1,6,0.154971,8,8
Palace_of_Westminster,Palace_of_Westminster,,31,39,70,31,39,70,7,0.324762,0.35056,10542.843147,1,1,6,0.125704,4,4
Formula_One,Formula_One,,24,84,108,24,84,108,7,0.359302,0.392758,15972.648236,0,1,6,0.188273,5,5
Karl_Benz,Karl_Benz,,4,11,15,4,11,15,7,0.308102,0.326082,344.011711,13,1,6,0.219697,12,12
Autobianchi_Primula,Autobianchi_Primula,,0,2,2,0,2,2,8,0.267057,0.279423,0,4,1,61,0,14,14
Mini,Mini,,4,9,13,4,9,13,7,0.29833,0.315173,649.589018,1,1,6,0.136364,4,4
Data_Encryption_Standard,Data_Encryption_Standard,,4,5,9,4,5,9,7,0.296692,0.313822,82.681973,3,1,6,0.25,8,8
Jersey,Jersey,,34,33,67,34,33,67,7,0.339873,0.365867,12471.138338,1,1,6,0.138312,6,6
Speech_synthesis,Speech_synthesis,,3,12,15,3,12,15,7,0.293917,0.311079,762.552273,5,1,6,0.071429,8,8
Automatic_number_plate_recognition,Automatic_number_plate_recognition,,0,20,20,0,20,20,6,0.331942,0.354665,0,1,1,62,0.157895,4,4
Nineteen_Eighty-Four,Nineteen_Eighty-Four,,8,47,55,8,47,55,7,0.349453,0.378053,2672.269553,3,1,6,0.166183,9,9
Santiago%2C_Chile,Santiago%2C_Chile,,18,16,34,18,16,34,7,0.306889,0.326109,914.908556,0,1,6,0.202279,6,6
Henry_Ford,Henry_Ford,,10,11,21,10,11,21,7,0.310532,0.329737,479.363032,11,1,6,0.122807,12,12
MINI_%28BMW%29,MINI_%28BMW%29,,2,6,8,2,6,8,7,0.316669,0.335568,542.58741,11,1,6,0.333333,4,4
Autostereogram,Autostereogram,,1,5,6,1,5,6,8,0.247724,0.257068,0,3,1,63,0.25,14,14
Lens_%28anatomy%29,Lens_%28anatomy%29,,8,5,13,8,5,13,8,0.253724,0.265272,532.874311,7,1,6,0.244444,14,14
Harvest,Harvest,,14,5,19,14,5,19,7,0.279163,0.292273,280.68784,6,1,6,0.055556,5,5
Avacha_Volcano,Avacha_Volcano,,1,7,8,1,7,8,7,0.289551,0.305578,9.793599,9,1,6,0.380952,6,6
Koryaksky,Koryaksky,,3,5,8,3,5,8,7,0.287253,0.302524,5135.375611,9,1,6,0.4,6,6
Mount_Everest,Mount_Everest,,19,28,47,19,28,47,7,0.336823,0.359906,6841.13989,10,1,6,0.123044,6,6
Avatar__The_Last_Airbender,Avatar__The_Last_Airbender,,1,3,4,1,3,4,7,0.289147,0.30519,6.928197,1,1,64,0.083333,5,5
Avocado,Avocado,,8,40,48,8,40,48,7,0.337918,0.36367,2931.859594,6,1,6,0.146733,14,14
Lemon,Lemon,,23,31,54,23,31,54,7,0.331588,0.355292,12006.28858,6,1,6,0.116559,14,14
Nahuatl_language,Nahuatl_language,,7,14,21,7,14,21,7,0.304263,0.322263,680.991233,0,1,6,0.195833,9,9
Avon_Gorge,Avon_Gorge,,3,18,21,3,18,21,7,0.305501,0.322951,713.008707,7,1,6,0.065359,6,6
Beeching_Axe,Beeching_Axe,,5,14,19,5,14,19,7,0.310794,0.33052,577.872445,1,1,6,0.216374,4,4
Clifton_Suspension_Bridge,Clifton_Suspension_Bridge,,4,9,13,4,9,13,7,0.299919,0.316914,84.65541,1,1,6,0.311111,4,4
Ice_age,Ice_age,,72,24,96,72,24,96,7,0.309607,0.328921,12421.376744,9,1,6,0.054598,6,6
Isambard_Kingdom_Brunel,Isambard_Kingdom_Brunel,,15,25,40,15,25,40,7,0.32591,0.350031,8108.160436,1,1,6,0.147899,12,12
Jackdaw,Jackdaw,,6,19,25,6,19,25,7,0.314654,0.335741,876.797508,7,1,6,0.178571,14,14
Pigeon,Pigeon,,9,24,33,9,24,33,7,0.32484,0.346642,3463.033891,7,1,6,0.119355,14,14
Weston-super-Mare,Weston-super-Mare,,3,12,15,3,12,15,7,0.314166,0.335538,180.381127,1,1,6,0.228571,6,6
Avro_Lancaster,Avro_Lancaster,,2,19,21,2,19,21,7,0.323776,0.345854,173.959378,13,1,6,0.257143,7,7
Blackpool,Blackpool,,6,9,15,6,9,15,7,0.303784,0.3207,207.530581,1,1,6,0.080952,6,6
Supermarine_Spitfire,Supermarine_Spitfire,,11,38,49,11,38,49,7,0.343327,0.369826,1371.874782,13,1,6,0.185024,7,7
Weapon,Weapon,,26,28,54,26,28,54,6,0.332677,0.356117,3832.2938,9,1,6,0.08716,7,7
Ayaan_Hirsi_Ali,Ayaan_Hirsi_Ali,,4,31,35,4,31,35,7,0.328552,0.35311,994.058349,2,1,6,0.184659,12,12
D%C3%BCsseldorf,D%C3%BCsseldorf,,11,28,39,11,28,39,7,0.333059,0.35924,2428.095484,13,1,6,0.183601,6,6
Jyllands-Posten_Muhammad_cartoons_controversy,Jyllands-Posten_Muhammad_cartoons_controversy,,2,31,33,2,31,33,7,0.331724,0.357072,77.278614,2,1,6,0.266129,7,7
Political_science,Political_science,,35,25,60,35,25,60,7,0.30101,0.321396,5320.627163,3,1,6,0.083508,2,2
Aye-aye,Aye-aye,,0,9,9,0,9,9,7,0.289891,0.305705,0,7,1,65,0.180556,14,14
London_Zoo,London_Zoo,,7,12,19,7,12,19,7,0.307098,0.324355,1070.257954,7,1,6,0.102941,6,6
Woodpecker,Woodpecker,,15,11,26,15,11,26,7,0.305662,0.323301,15174.024307,7,1,6,0.114719,14,14
Aymer_de_Valence%2C_2nd_Earl_of_Pembroke,Aymer_de_Valence%2C_2nd_Earl_of_Pembroke,,1,14,15,1,14,15,7,0.308453,0.328392,25.602946,1,1,6,0.291209,12,12
Edward_II_of_England,Edward_II_of_England,,13,12,25,13,12,25,7,0.309395,0.329506,5103.061783,1,1,6,0.223684,12,12
Henry_III_of_England,Henry_III_of_England,,19,13,32,19,13,32,7,0.296432,0.314963,368.48456,1,1,6,0.167692,12,12
Azerbaijani_people,Azerbaijani_people,,10,47,57,10,47,57,7,0.335041,0.362106,1146.612886,2,1,6,0.181373,6,6
Iranian_peoples,Iranian_peoples,,14,54,68,14,54,68,7,0.332077,0.359633,8789.917096,2,1,6,0.178531,6,6
Civil_society,Civil_society,,14,19,33,14,19,33,7,0.302244,0.321957,2845.359614,3,1,6,0.150575,2,2
Quetzalcoatl,Quetzalcoatl,,5,14,19,5,14,19,7,0.303125,0.320882,204.832242,0,1,6,0.186275,13,13
BASIC,BASIC,,2,5,7,2,5,7,7,0.269208,0.281875,174.838594,5,1,6,0.2,8,8
Channel_Islands,Channel_Islands,,28,33,61,28,33,61,7,0.337552,0.363672,4015.256798,1,1,6,0.164404,6,6
DVD,DVD,,63,4,67,63,4,67,7,0.264967,0.277517,617.118747,11,1,6,0.035897,8,8
EastEnders,EastEnders,,6,28,34,6,28,34,6,0.339873,0.364595,1287.234131,1,1,6,0.152874,5,5
John_Logie_Baird,John_Logie_Baird,,4,14,18,4,14,18,7,0.311152,0.331126,442.550555,1,1,6,0.1625,12,12
BBC_television_drama,BBC_television_drama,,5,31,36,5,31,36,7,0.331941,0.355922,9796.496414,1,1,6,0.16934,5,5
Sydney_Newman,Sydney_Newman,,2,15,17,2,15,17,7,0.308641,0.327506,161.248588,11,1,6,0.190476,12,12
The_Quatermass_Experiment,The_Quatermass_Experiment,,2,14,16,2,14,16,7,0.324632,0.346027,4624.221205,1,1,6,0.261905,5,5
Royal_Dutch_Shell,Royal_Dutch_Shell,,6,25,31,6,25,31,6,0.335291,0.358428,1036.859819,9,1,6,0.144089,1,1
BT_Tower,BT_Tower,,2,11,13,2,11,13,7,0.30333,0.321185,255.969546,1,1,6,0.173077,4,4
Company_%28law%29,Company_%28law%29,,7,7,14,7,7,14,7,0.311606,0.330407,603.997511,3,1,6,0.137363,1,1
Beriberi,Beriberi,,6,24,30,6,24,30,7,0.323337,0.346239,1398.4851,6,1,6,0.121693,14,14
Cyanocobalamin,Cyanocobalamin,,5,16,21,5,16,21,7,0.306889,0.325019,1269.869235,6,1,6,0.181287,14,14
Edema,Edema,,10,4,14,10,4,14,7,0.276214,0.288094,245.769296,6,1,6,0.054945,14,14
Pellagra,Pellagra,,6,9,15,6,9,15,7,0.304194,0.32335,543.614745,6,1,6,0.148352,14,14
Thiamine,Thiamine,,11,19,30,11,19,30,7,0.31077,0.330611,1539.110666,6,1,6,0.133598,14,14
Vitamin_D,Vitamin_D,,22,13,35,22,13,35,7,0.30265,0.319025,4281.260954,6,1,6,0.068966,14,14
Beaver,Beaver,,13,32,45,13,32,45,7,0.327808,0.351129,4241.68516,7,1,6,0.086527,14,14
Taj_Mahal,Taj_Mahal,,12,48,60,12,48,60,7,0.341102,0.368098,6393.780317,2,1,6,0.080844,6,6
Baby_Gender_Mentor,Baby_Gender_Mentor,,0,7,7,0,7,7,7,0.3053,0.323256,0,11,1,66,0.190476,14,14
Code_of_Hammurabi,Code_of_Hammurabi,,8,9,17,8,9,17,7,0.303489,0.321687,336.813465,2,1,6,0.25,7,7
Pythagorean_theorem,Pythagorean_theorem,,10,16,26,10,16,26,7,0.301502,0.320123,2424.274615,3,1,6,0.132035,10,10
Dice,Dice,,8,32,40,8,32,40,7,0.327728,0.351156,3386.491555,10,1,6,0.09985,5,5
Ivory,Ivory,,27,19,46,27,19,46,7,0.311606,0.332689,4513.715193,8,1,6,0.053426,14,14
Enzyme_kinetics,Enzyme_kinetics,,2,11,13,2,11,13,8,0.269512,0.284057,49.986276,7,1,6,0.381818,14,14
Insulin,Insulin,,9,28,37,9,28,37,7,0.32432,0.347022,4415.906487,9,1,6,0.091597,14,14
Lyme_disease,Lyme_disease,,5,25,30,5,25,30,7,0.336655,0.36021,1198.700941,7,1,6,0.155271,14,14
Baden-Powell_House,Baden-Powell_House,,0,8,8,0,8,8,7,0.295511,0.312265,0,12,1,67,0.178571,2,2
Robert_Baden-Powell%2C_1st_Baron_Baden-Powell,Robert_Baden-Powell%2C_1st_Baron_Baden-Powell,,6,20,26,6,20,26,7,0.325022,0.348516,520.955591,12,1,6,0.172101,2,2
Scouting,Scouting,,18,54,72,18,54,72,7,0.355147,0.38415,5469.233725,12,1,6,0.148595,2,2
Badger,Badger,,9,14,23,9,14,23,7,0.307844,0.325502,3221.229205,7,1,6,0.12987,14,14
Rabies,Rabies,,15,29,44,15,29,44,7,0.338765,0.362969,3356.140888,7,1,6,0.103205,14,14
Vole,Vole,,6,15,21,6,15,21,7,0.311152,0.331893,578.843394,7,1,6,0.185714,14,14
Weasel,Weasel,,8,8,16,8,8,16,8,0.289282,0.30489,161.178415,7,1,6,0.229167,14,14
Iraq_War,Iraq_War,,22,57,79,22,57,79,7,0.344201,0.372959,2808.395387,8,1,6,0.15045,7,7
Bahamas,Bahamas,,0,27,27,0,27,27,7,0.32699,0.350582,0,11,1,68,0.188034,3,3
Tupac_Shakur,Tupac_Shakur,,4,18,22,4,18,22,7,0.315929,0.337102,421.821159,11,1,6,0.123684,12,12
Baker_Island,Baker_Island,,5,9,14,5,9,14,7,0.318686,0.337998,858.068796,11,1,6,0.401515,6,6
Howland_Island,Howland_Island,,4,10,14,4,10,14,7,0.315462,0.334937,980.340513,11,1,6,0.280303,6,6
Bald_Eagle,Bald_Eagle,,6,29,35,6,29,35,7,0.329942,0.352502,15358.65259,7,1,6,0.154356,14,14
Golden_Eagle,Golden_Eagle,,8,29,37,8,29,37,7,0.330831,0.355578,1571.409391,7,1,6,0.163993,14,14
Osprey,Osprey,,5,24,29,5,24,29,7,0.332241,0.355419,2183.722339,7,1,6,0.164021,14,14
Snow_Goose,Snow_Goose,,3,13,16,3,13,16,7,0.316966,0.335811,395.710585,7,1,6,0.238095,14,14
Swan,Swan,,10,26,36,10,26,36,7,0.326304,0.349571,4250.611514,7,1,6,0.146169,14,14
Helsinki,Helsinki,,20,48,68,20,48,68,7,0.331996,0.359701,4730.950805,13,1,6,0.120307,6,6
Cleveland%2C_Ohio,Cleveland%2C_Ohio,,27,38,65,27,38,65,6,0.337327,0.363061,4605.857423,11,1,6,0.092655,6,6
Rail_transport,Rail_transport,,36,44,80,36,44,80,6,0.350844,0.3781,10432.464986,11,1,6,0.108168,4,4
Thunderstorm,Thunderstorm,,19,7,26,19,7,26,7,0.308759,0.326725,467.190384,9,1,6,0.1,6,6
Niger_River,Niger_River,,17,20,37,17,20,37,7,0.314849,0.336331,974.120268,8,1,6,0.171182,6,6
Bangalore,Bangalore,,13,37,50,13,37,50,7,0.328419,0.353133,6012.49471,10,1,6,0.100483,6,6
Chennai,Chennai,,18,45,63,18,45,63,7,0.331588,0.357989,2948.805151,10,1,6,0.118855,6,6
Economy_of_India,Economy_of_India,,9,40,49,9,40,49,7,0.341217,0.36701,992.003187,10,1,6,0.138298,1,1
Indian_Railways,Indian_Railways,,9,24,33,9,24,33,7,0.318061,0.339895,5745.640821,10,1,6,0.186508,4,4
Indian_Standard_Time,Indian_Standard_Time,,15,13,28,15,13,28,7,0.303898,0.321167,5396.889274,10,1,6,0.20751,6,6
Indian_cricket_team,Indian_cricket_team,,5,17,22,5,17,22,7,0.30587,0.325667,4940.786711,10,1,6,0.207602,5,5
Indian_independence_movement,Indian_independence_movement,,26,53,79,26,53,79,7,0.349272,0.379272,8554.264154,10,1,6,0.136217,2,2
Kolkata,Kolkata,,27,30,57,27,30,57,7,0.319994,0.34348,9867.007653,10,1,6,0.120124,6,6
Mumbai,Mumbai,,41,57,98,41,57,98,7,0.342775,0.370408,20439.998958,10,1,6,0.064006,6,6
Stem_cell,Stem_cell,,5,7,12,5,7,12,7,0.308547,0.326171,623.615571,7,1,6,0.136364,14,14
Sheikh_Mujibur_Rahman,Sheikh_Mujibur_Rahman,,2,20,22,2,20,22,7,0.328658,0.351437,138.246394,10,1,6,0.216667,12,12
Soils_retrogression_and_degradation,Soils_retrogression_and_degradation,,4,11,15,4,11,15,7,0.295438,0.311926,998.815665,9,1,6,0.225275,6,6
Bank_of_China_%28Hong_Kong%29,Bank_of_China_%28Hong_Kong%29,,0,11,11,0,11,11,7,0.308131,0.327341,0,10,1,69,0.445455,1,1
Renminbi,Renminbi,,12,15,27,12,15,27,7,0.300831,0.319052,406.208341,10,1,6,0.207143,1,1
List_of_circulating_currencies,List_of_circulating_currencies,,8,236,244,8,236,244,6,0.375509,0.421867,5069.380875,8,1,6,0.114529,1,1
Stock,Stock,,12,13,25,12,13,25,7,0.317961,0.337842,1310.538556,3,1,6,0.144928,1,1
Banksy,Banksy,,1,11,12,1,11,12,7,0.301749,0.319926,207.189488,1,1,6,0.154545,12,12
Christina_Aguilera,Christina_Aguilera,,5,34,39,5,34,39,7,0.34073,0.366439,1239.901792,11,1,6,0.147898,12,12
Union_Flag,Union_Flag,,13,30,43,13,30,43,7,0.336459,0.362204,1433.418297,1,1,6,0.194444,6,6
Barack_Obama,Barack_Obama,,1,48,49,1,48,49,7,0.336013,0.36291,241.692571,11,1,6,0.116578,12,12
Cinema_of_the_United_States,Cinema_of_the_United_States,,13,30,43,13,30,43,7,0.323131,0.345246,46651.08671,11,1,6,0.098077,5,5
Music_of_Barbados,Music_of_Barbados,,6,16,22,6,16,22,7,0.292729,0.309605,2026.616149,11,1,6,0.121053,11,11
Saint_Vincent_and_the_Grenadines,Saint_Vincent_and_the_Grenadines,,30,17,47,30,17,47,7,0.322437,0.344368,3431.315984,8,1,6,0.2,3,3
Barbara_McClintock,Barbara_McClintock,,6,12,18,6,12,18,7,0.316892,0.336458,676.453207,11,1,6,0.166667,12,12
John_von_Neumann,John_von_Neumann,,16,40,56,16,40,56,7,0.331074,0.355364,16206.506259,3,1,6,0.085106,12,12
Barbary_Lion,Barbary_Lion,,1,18,19,1,18,19,7,0.311798,0.332892,88.905689,7,1,6,0.222222,14,14
Cape_Lion,Cape_Lion,,2,10,12,2,10,12,7,0.301278,0.319895,20.028959,7,1,6,0.309091,14,14
Barbary_Macaque,Barbary_Macaque,,1,16,17,1,16,17,7,0.312881,0.333199,63.608066,7,1,6,0.233333,14,14
Castra,Castra,,5,10,15,5,10,15,7,0.302402,0.321261,166.620527,4,1,6,0.327273,7,7
Hannibal_Barca,Hannibal_Barca,,4,21,25,4,21,25,7,0.31305,0.335089,1999.800367,4,1,6,0.108333,12,12
Montevideo,Montevideo,,9,20,29,9,20,29,7,0.327305,0.350732,283.134532,0,1,6,0.32971,6,6
Tel_Aviv,Tel_Aviv,,20,26,46,20,26,46,7,0.316991,0.338798,1742.712544,2,1,6,0.114114,6,6
Bran,Bran,,7,12,19,7,12,19,7,0.316793,0.336097,257.814813,6,1,6,0.328571,5,5
Barn_Owl,Barn_Owl,,2,13,15,2,13,15,7,0.303239,0.320703,137.939964,7,1,6,0.301282,14,14
Eurasian_Eagle_Owl,Eurasian_Eagle_Owl,,2,14,16,2,14,16,8,0.308125,0.327347,113.072994,7,1,6,0.302198,14,14
Caravaggio,Caravaggio,,8,16,24,8,16,24,7,0.300074,0.31905,955.407561,4,1,6,0.123377,12,12
Christopher_Wren,Christopher_Wren,,17,35,52,17,35,52,7,0.334682,0.359131,8877.137001,1,1,6,0.101295,12,12
Dido_and_Aeneas,Dido_and_Aeneas,,5,12,17,5,12,17,7,0.289737,0.307038,476.553519,1,1,6,0.262821,9,9
Johann_Pachelbel,Johann_Pachelbel,,2,23,25,2,23,25,7,0.324892,0.348286,279.111505,13,1,6,0.250988,12,12
Rococo,Rococo,,20,22,42,20,22,42,7,0.323466,0.34582,3590.942475,13,1,6,0.142063,4,4
Barracuda,Barracuda,,1,13,14,1,13,14,7,0.299299,0.315642,13.845446,7,1,6,0.181319,14,14
Tuna,Tuna,,17,12,29,17,12,29,7,0.312399,0.331233,1884.911923,7,1,6,0.132479,14,14
Philosophy_of_mind,Philosophy_of_mind,,11,34,45,11,34,45,7,0.31816,0.339877,11258.066489,3,1,6,0.153627,13,13
Jackie_Robinson,Jackie_Robinson,,5,7,12,5,7,12,7,0.279182,0.2941,9246.472461,11,1,6,0.1,12,12
Old_Swiss_Confederacy,Old_Swiss_Confederacy,,3,9,12,3,9,12,7,0.284312,0.299208,43.311328,4,1,6,0.388889,7,7
Tarragon,Tarragon,,13,10,23,13,10,23,7,0.304446,0.323173,199.606751,6,1,6,0.353755,14,14
Basil_Brush,Basil_Brush,,1,7,8,1,7,8,7,0.291925,0.306526,18.589916,1,1,70,0.190476,5,5
Blue_Peter,Blue_Peter,,4,10,14,4,10,14,7,0.304469,0.321005,531.538248,1,1,6,0.160256,5,5
Weakest_Link,Weakest_Link,,1,17,18,1,17,18,7,0.325731,0.347463,268.722565,11,1,70,0.286765,5,5
Yes_Minister,Yes_Minister,,2,23,25,2,23,25,7,0.31826,0.339949,331.809,1,1,6,0.136667,5,5
Basilica_of_San_Francesco_d%27Assisi,Basilica_of_San_Francesco_d%27Assisi,,1,5,6,1,5,6,7,0.280457,0.294856,21.525316,10,1,6,0,4,4
Basilica_of_Santa_Maria_degli_Angeli,Basilica_of_Santa_Maria_degli_Angeli,,1,2,3,1,2,3,8,0.251551,0.262449,10.917677,4,1,6,0,4,4
Harlem_Globetrotters,Harlem_Globetrotters,,3,9,12,3,9,12,7,0.287294,0.303199,95.421518,11,1,6,0.177778,5,5
Michael_Jordan,Michael_Jordan,,6,15,21,6,15,21,7,0.308759,0.327669,1506.928249,11,1,6,0.173203,12,12
Basking_shark,Basking_shark,,5,19,24,5,19,24,7,0.31039,0.329367,324.139637,7,1,6,0.202632,14,14
Cookiecutter_shark,Cookiecutter_shark,,2,9,11,2,9,11,8,0.279124,0.293148,60.018202,7,1,6,0.3,14,14
Great_white_shark,Great_white_shark,,7,28,35,7,28,35,7,0.315217,0.33548,1210.922122,7,1,6,0.135484,14,14
Tiger_shark,Tiger_shark,,6,19,25,6,19,25,7,0.315413,0.33482,380.554002,7,1,6,0.183794,14,14
Bass_%28fish%29,Bass_%28fish%29,,2,3,5,2,3,5,8,0.265366,0.277371,22.723859,11,1,6,0.1,14,14
Basset_Hound,Basset_Hound,,0,9,9,0,9,9,7,0.31238,0.330929,0,11,1,71,0.208333,14,14
Recorder,Recorder,,7,23,30,7,23,30,7,0.310152,0.331822,1548.026274,11,1,6,0.1,11,11
The_Rite_of_Spring,The_Rite_of_Spring,,3,17,20,3,17,20,7,0.315904,0.337036,1139.500503,13,1,6,0.176471,11,11
Bat,Bat,,24,33,57,24,33,57,7,0.3251,0.347353,20701.624617,7,1,6,0.076923,14,14
Batman,Batman,,10,6,16,10,6,16,7,0.287885,0.302878,5027.055958,3,1,6,0.028571,5,5
Gliding,Gliding,,2,22,24,2,22,24,7,0.327861,0.350198,400.787583,13,1,6,0.173913,5,5
Henipavirus,Henipavirus,,1,12,13,1,12,13,7,0.302177,0.319864,60.49479,10,1,6,0.115385,14,14
Paleocene,Paleocene,,12,23,35,12,23,35,7,0.316743,0.337275,2231.625976,7,1,6,0.147126,6,6
Vampire,Vampire,,9,45,54,9,45,54,7,0.342167,0.370692,8783.734353,3,1,6,0.087059,13,13
Vampire_bat,Vampire_bat,,2,13,15,2,13,15,7,0.301166,0.318518,50.970877,7,1,6,0.186813,14,14
Bat-eared_Fox,Bat-eared_Fox,,1,10,11,1,10,11,7,0.289035,0.306324,62.370211,7,1,6,0.322222,14,14
Zebra,Zebra,,12,12,24,12,12,24,7,0.301144,0.319694,9671.20802,7,1,6,0.199346,14,14
Bear,Bear,,23,29,52,23,29,52,7,0.327384,0.350087,5500.01624,7,1,6,0.068027,14,14
Cotswolds,Cotswolds,,10,8,18,10,8,18,8,0.300809,0.318029,542.82531,1,1,6,0.183824,6,6
Lawn,Lawn,,6,18,24,6,18,24,7,0.329379,0.350224,1050.039157,1,1,6,0.109524,5,5
Palladian_architecture,Palladian_architecture,,9,30,39,9,30,39,7,0.332786,0.357682,10319.095412,1,1,6,0.166667,4,4
Plymouth,Plymouth,,16,32,48,16,32,48,7,0.33254,0.357226,7024.049336,1,1,6,0.150609,6,6
Politics_of_the_United_Kingdom,Politics_of_the_United_Kingdom,,9,41,50,9,41,50,7,0.324216,0.349787,714.557873,1,1,6,0.167438,2,2
Triathlon,Triathlon,,9,6,15,9,6,15,7,0.291886,0.307223,272.047334,4,1,6,0.128571,5,5
Bath_School_disaster,Bath_School_disaster,,1,10,11,1,10,11,7,0.308876,0.327484,41.721781,11,1,6,0.122222,7,7
Columbine_High_School_massacre,Columbine_High_School_massacre,,2,14,16,2,14,16,7,0.310604,0.329704,4707.467265,11,1,6,0.153846,7,7
Michigan_State_University,Michigan_State_University,,6,31,37,6,31,37,7,0.334047,0.358163,6511.55496,11,1,6,0.079365,6,6
Batholith,Batholith,,6,8,14,6,8,14,7,0.290714,0.305967,174.003669,9,1,6,0.198718,6,6
Spring_Heeled_Jack,Spring_Heeled_Jack,,1,19,20,1,19,20,7,0.323208,0.34376,340.661672,1,1,6,0.115789,13,13
Battle_of_Alesia,Battle_of_Alesia,,4,10,14,4,10,14,7,0.288705,0.304852,40.000077,4,1,6,0.318182,7,7
Battle_of_Amiens,Battle_of_Amiens,,4,10,14,4,10,14,7,0.314215,0.33417,126.112497,13,1,6,0.403846,7,7
George_V_of_the_United_Kingdom,George_V_of_the_United_Kingdom,,33,43,76,33,43,76,7,0.338313,0.366527,4986.726322,1,1,6,0.122975,12,12
Battle_of_Austerlitz,Battle_of_Austerlitz,,6,16,22,6,16,22,7,0.301547,0.320622,1867.369128,4,1,6,0.183824,7,7
Battle_of_Cannae,Battle_of_Cannae,,3,7,10,3,7,10,7,0.288254,0.304787,90.811294,4,1,6,0.122222,7,7
La_Grande_Arm%C3%A9e,La_Grande_Arm%C3%A9e,,3,37,40,3,37,40,7,0.329889,0.355672,1077.950333,4,1,6,0.242532,7,7
List_of_French_monarchs,List_of_French_monarchs,,7,12,19,7,12,19,7,0.295223,0.312949,156.285817,4,1,6,0.261029,12,12
War_and_Peace,War_and_Peace,,5,20,25,5,20,25,7,0.319012,0.340884,748.538843,3,1,6,0.171937,9,9
William_Pitt_the_Younger,William_Pitt_the_Younger,,11,29,40,11,29,40,7,0.320297,0.343188,938.786318,1,1,6,0.164286,12,12
Battle_of_Badr,Battle_of_Badr,,2,12,14,2,12,14,7,0.293216,0.310674,6.500318,2,1,6,0.391026,7,7
Tribe,Tribe,,35,7,42,35,7,42,7,0.307075,0.324207,1113.244097,3,1,6,0.072436,2,2
Battle_of_Bicocca,Battle_of_Bicocca,,1,11,12,1,11,12,7,0.29347,0.310741,3.237191,4,1,6,0.490909,7,7
Italian_War_of_1521,Italian_War_of_1521,,3,20,23,3,20,23,7,0.308712,0.329609,4909.997107,4,1,6,0.286842,7,7
War_of_the_League_of_Cambrai,War_of_the_League_of_Cambrai,,3,16,19,3,16,19,7,0.305778,0.325348,160.169699,4,1,6,0.310458,7,7
Battle_of_Normandy,Battle_of_Normandy,,23,43,66,23,43,66,7,0.340844,0.367861,4784.124603,13,1,6,0.181791,7,7
Battle_of_the_Bulge,Battle_of_the_Bulge,,6,38,44,6,38,44,6,0.33632,0.361515,2283.058757,13,1,6,0.160594,7,7
Blitzkrieg,Blitzkrieg,,23,27,50,23,27,50,7,0.311798,0.333909,2869.575053,13,1,6,0.194231,7,7
The_Blitz,The_Blitz,,12,30,42,12,30,42,6,0.328259,0.352639,3079.772663,1,1,6,0.175397,7,7
Dwight_D._Eisenhower,Dwight_D._Eisenhower,,37,41,78,37,41,78,6,0.336097,0.362728,11792.743344,11,1,6,0.140385,12,12
Victoria_Cross,Victoria_Cross,,19,21,40,19,21,40,7,0.321083,0.343953,1492.196525,1,1,6,0.099573,7,7
Battle_of_Lechaeum,Battle_of_Lechaeum,,1,3,4,1,3,4,7,0.266483,0.279172,9.95809,3,1,6,0.166667,7,7
Battle_of_Leyte_Gulf,Battle_of_Leyte_Gulf,,3,16,19,3,16,19,7,0.316323,0.337287,62.007742,10,1,6,0.3125,7,7
Northern_Mariana_Islands,Northern_Mariana_Islands,,14,23,37,14,23,37,7,0.325309,0.348027,1104.733627,11,1,6,0.184492,6,6
Pheidippides,Pheidippides,,1,7,8,1,7,8,7,0.29256,0.308629,64.482072,2,1,6,0.380952,7,7
Battle_of_the_Eastern_Solomons,Battle_of_the_Eastern_Solomons,,4,19,23,4,19,23,7,0.313413,0.333831,111.838153,2,1,6,0.295322,7,7
Battle_of_the_Santa_Cruz_Islands,Battle_of_the_Santa_Cruz_Islands,,4,13,17,4,13,17,7,0.304835,0.323796,20.346383,2,1,6,0.461538,7,7
Battle_of_Smolensk_%281943%29,Battle_of_Smolensk_%281943%29,,2,13,15,2,13,15,7,0.294815,0.312513,25.111739,13,1,6,0.397436,7,7
T-34,T-34,,2,55,57,2,55,57,7,0.329781,0.358225,409.17053,13,1,6,0.150842,7,7
Weymouth,Weymouth,,8,29,37,8,29,37,7,0.331128,0.356081,1051.003997,1,1,6,0.129735,6,6
Battle_of_Rennell_Island,Battle_of_Rennell_Island,,3,12,15,3,12,15,7,0.306332,0.325547,14.314721,2,1,6,0.477273,7,7
Naval_Battle_of_Guadalcanal,Naval_Battle_of_Guadalcanal,,6,14,20,6,14,20,7,0.310509,0.329864,11268.167404,2,1,6,0.325,7,7
Battle_of_Sitka,Battle_of_Sitka,,1,12,13,1,12,13,7,0.316768,0.336689,32.689001,11,1,6,0.224359,7,7
Benjamin_Harrison,Benjamin_Harrison,,14,20,34,14,20,34,7,0.30843,0.327831,1344.470122,11,1,6,0.137931,12,12
Battle_of_Vaslui,Battle_of_Vaslui,,1,9,10,1,9,10,7,0.285614,0.302887,0.691731,13,1,6,0.541667,7,7
Battle_of_Warsaw_%281920%29,Battle_of_Warsaw_%281920%29,,6,21,27,6,21,27,7,0.316867,0.338483,174.249849,13,1,6,0.306159,7,7
J%C3%B3zef_Pi%C5%82sudski,J%C3%B3zef_Pi%C5%82sudski,,9,46,55,9,46,55,6,0.339275,0.366231,767.228061,13,1,6,0.221569,12,12
Battle_of_the_Little_Bighorn,Battle_of_the_Little_Bighorn,,2,8,10,2,8,10,7,0.308923,0.327603,299.834926,11,1,6,0.122222,7,7
Western_Front_%28World_War_I%29,Western_Front_%28World_War_I%29,,7,29,36,7,29,36,7,0.324528,0.347633,476.247585,13,1,6,0.201613,7,7
Battles_of_the_Mexican-American_War,Battles_of_the_Mexican-American_War,,0,8,8,0,8,8,7,0.302499,0.319844,0,11,1,72,0.464286,7,7
Bay_Area_Rapid_Transit,Bay_Area_Rapid_Transit,,2,9,11,2,9,11,7,0.300987,0.318692,170.447928,11,1,6,0.375,4,4
Mass_Rapid_Transit_%28Singapore%29,Mass_Rapid_Transit_%28Singapore%29,,4,8,12,4,8,12,7,0.28709,0.30216,86.333402,10,1,6,0.072727,4,4
Landform,Landform,,14,16,30,14,16,30,7,0.302899,0.321007,2809.370741,9,1,6,0.077586,6,6
Leisure,Leisure,,5,10,15,5,10,15,7,0.299431,0.316693,296.360113,3,1,6,0.07619,5,5
Sand_art_and_play,Sand_art_and_play,,3,16,19,3,16,19,7,0.299542,0.317521,411.870701,9,1,6,0.066667,5,5
Bean,Bean,,17,7,24,17,7,24,7,0.301278,0.317958,607.755217,6,1,6,0.12987,14,14
Peanut,Peanut,,21,38,59,21,38,59,7,0.339446,0.365442,4330.276445,6,1,6,0.096491,14,14
Vicia_faba,Vicia_faba,,2,19,21,2,19,21,7,0.314605,0.336263,1569.28046,6,1,6,0.147619,14,14
Giant_Panda,Giant_Panda,,4,44,48,4,44,48,7,0.34237,0.368653,910.853587,10,1,6,0.13285,14,14
Red_Panda,Red_Panda,,2,27,29,2,27,29,7,0.311391,0.332728,369.17108,7,1,6,0.168091,14,14
Beatles_for_Sale,Beatles_for_Sale,,3,16,19,3,16,19,7,0.319112,0.340378,130.699442,11,1,6,0.283088,11,11
Hyde_Park%2C_London,Hyde_Park%2C_London,,11,14,25,11,14,25,7,0.29952,0.317078,3985.357822,1,1,6,0.169591,6,6
Paul_McCartney,Paul_McCartney,,20,54,74,20,54,74,6,0.349031,0.377167,7143.3362,11,1,6,0.091142,12,12
Sgt._Pepper%27s_Lonely_Hearts_Club_Band,Sgt._Pepper%27s_Lonely_Hearts_Club_Band,,8,24,32,8,24,32,7,0.328978,0.352235,793.974466,11,1,6,0.137931,11,11
The_Lion%2C_the_Witch_and_the_Wardrobe,The_Lion%2C_the_Witch_and_the_Wardrobe,,2,16,18,2,16,18,7,0.311487,0.332088,393.813598,3,1,6,0.166667,9,9
Bedbug,Bedbug,,1,13,14,1,13,14,7,0.301211,0.319336,67.631143,7,1,6,0.237179,14,14
Poultry,Poultry,,19,13,32,19,13,32,7,0.307797,0.326874,2633.22408,7,1,6,0.062808,14,14
Durham_Cathedral,Durham_Cathedral,,6,12,18,6,12,18,7,0.303284,0.321914,789.411029,1,1,6,0.1125,4,4
Beetle,Beetle,,16,21,37,16,21,37,7,0.290401,0.306947,7432.160589,7,1,6,0.127451,14,14
Honey_bee,Honey_bee,,1,18,19,1,18,19,7,0.314044,0.335597,155.803265,7,1,6,0.153595,14,14
Pollinator_decline,Pollinator_decline,,5,20,25,5,20,25,7,0.317712,0.337934,1100.66692,6,1,6,0.189723,2,2
Harold_Wilson,Harold_Wilson,,19,27,46,19,27,46,7,0.318036,0.34075,5968.549841,1,1,6,0.186186,12,12
Scottish_Highlands,Scottish_Highlands,,20,18,38,20,18,38,7,0.317513,0.338185,4420.120683,1,1,6,0.136364,6,6
Beep_%28SWBLW%29,Beep_%28SWBLW%29,,0,4,4,0,4,4,7,0.28042,0.293782,0,11,1,74,0.166667,4,4
CF7,CF7,,2,6,8,2,6,8,7,0.285543,0.299634,165.542936,11,1,73,0.196429,4,4
Guinness,Guinness,,7,19,26,7,19,26,7,0.322822,0.34501,1075.951961,1,1,6,0.105072,5,5
Playing_card,Playing_card,,6,26,32,6,26,32,7,0.332513,0.356687,2118.530342,4,1,6,0.136559,5,5
Sikkim,Sikkim,,16,52,68,16,52,68,7,0.335291,0.361689,27137.259091,10,1,6,0.097118,6,6
Beet,Beet,,7,24,31,7,24,31,7,0.329192,0.352226,527.049412,6,1,6,0.140212,14,14
Carrot,Carrot,,10,27,37,10,27,37,7,0.326173,0.348886,2504.922032,6,1,6,0.087395,14,14
Sugar_beet,Sugar_beet,,8,29,37,8,29,37,6,0.335124,0.358987,1371.322908,6,1,6,0.206774,14,14
Chestnut,Chestnut,,13,18,31,13,18,31,7,0.328233,0.350771,6262.552328,6,1,6,0.100985,14,14
Permian,Permian,,26,30,56,26,30,56,7,0.328472,0.351106,5943.863961,7,1,6,0.122784,6,6
Stag_beetle,Stag_beetle,,1,14,15,1,14,15,7,0.307681,0.326254,250.167906,7,1,6,0.214286,14,14
Behavioral_finance,Behavioral_finance,,1,5,6,1,5,6,8,0.26521,0.277217,8.279992,3,1,6,0.066667,1,1
Grand_Canal_of_China,Grand_Canal_of_China,,7,13,20,7,13,20,7,0.300074,0.31844,272.898688,10,1,6,0.271429,6,6
Great_Wall_of_China,Great_Wall_of_China,,16,19,35,16,19,35,7,0.3085,0.326853,3669.968433,10,1,6,0.12963,4,4
Qin_Dynasty,Qin_Dynasty,,11,6,17,11,6,17,8,0.28188,0.295255,318.018969,10,1,6,0.416667,7,7
Tiananmen_Square_protests_of_1989,Tiananmen_Square_protests_of_1989,,7,27,34,7,27,34,7,0.329567,0.353448,678.88526,10,1,6,0.258065,7,7
Eurovision_Song_Contest,Eurovision_Song_Contest,,8,44,52,8,44,52,7,0.343967,0.371343,5483.961122,13,1,6,0.152245,11,11
Flag_of_Belarus,Flag_of_Belarus,,2,10,12,2,10,12,7,0.294987,0.312368,45.940778,13,1,6,0.372727,6,6
Habsburg_Spain,Habsburg_Spain,,6,47,53,6,47,53,7,0.33554,0.361727,6499.241843,4,1,6,0.178635,7,7
The_Adventures_of_Tintin,The_Adventures_of_Tintin,,6,52,58,6,52,58,7,0.35133,0.380018,7484.476254,13,1,6,0.136027,5,5
Belton_House,Belton_House,,0,19,19,0,19,19,7,0.309518,0.330005,0,1,1,75,0.122807,4,4
Manorialism,Manorialism,,6,11,17,6,11,17,7,0.296866,0.314593,169.132196,4,1,6,0.1625,7,7
Speaker_of_the_British_House_of_Commons,Speaker_of_the_British_House_of_Commons,,11,15,26,11,15,26,7,0.305547,0.324848,174.881843,1,1,6,0.373518,2,2
Ben-Hur_%281959_film%29,Ben-Hur_%281959_film%29,,0,9,9,0,9,9,7,0.298865,0.316926,0,4,1,76,0.25,5,5
Sermon_on_the_Mount,Sermon_on_the_Mount,,8,11,19,8,11,19,7,0.285192,0.301227,952.561781,3,1,6,0.17033,13,13
London_Bridge,London_Bridge,,9,20,29,9,20,29,6,0.320246,0.341819,2065.515356,1,1,6,0.106884,4,4
Ben_Nevis,Ben_Nevis,,3,16,19,3,16,19,7,0.312954,0.332207,3071.165,1,1,6,0.158088,6,6
Loch,Loch,,7,7,14,7,7,14,7,0.301032,0.318207,2050.418039,1,1,6,0.339744,6,6
Pony,Pony,,3,2,5,3,2,5,7,0.277957,0.29044,62.514057,1,1,6,0,14,14
Bench_language,Bench_language,,0,4,4,0,4,4,7,0.278982,0.294138,0,3,1,77,0.166667,9,9
Ordinal_number,Ordinal_number,,5,4,9,5,4,9,8,0.26547,0.278177,233.552895,3,1,6,0.178571,10,10
Police_state,Police_state,,5,11,16,5,11,16,7,0.313923,0.333056,764.556569,3,1,6,0.166667,2,2
Benjamin_Britten,Benjamin_Britten,,14,9,23,14,9,23,8,0.277329,0.291879,6731.273548,11,1,6,0.113158,9,9
Brass_instrument,Brass_instrument,,7,14,21,7,14,21,7,0.31187,0.331429,1162.059451,11,1,6,0.127451,11,11
Peter_Grimes,Peter_Grimes,,1,4,5,1,4,5,8,0.287518,0.303085,108.353505,1,1,6,0.5,9,9
Robert_Gascoyne-Cecil%2C_3rd_Marquess_of_Salisbury,Robert_Gascoyne-Cecil%2C_3rd_Marquess_of_Salisbury,,15,15,30,15,15,30,7,0.305455,0.32519,524.176633,1,1,6,0.321667,12,12
Lightning_rod,Lightning_rod,,3,15,18,3,15,18,6,0.31709,0.337107,492.035919,9,1,6,0.132353,4,4
Lunar_eclipse,Lunar_eclipse,,14,10,24,14,10,24,7,0.29983,0.31592,808.861133,9,1,6,0.169591,14,14
William_Henry_Harrison,William_Henry_Harrison,,12,17,29,12,17,29,7,0.295589,0.313167,1098.974181,11,1,6,0.130435,12,12
William_Howard_Taft,William_Howard_Taft,,14,48,62,14,48,62,7,0.337271,0.364235,1654.867449,11,1,6,0.154935,12,12
William_McKinley,William_McKinley,,15,17,32,15,17,32,7,0.300697,0.318501,886.460018,11,1,6,0.203704,12,12
Benjamin_Mountfort,Benjamin_Mountfort,,1,22,23,1,22,23,7,0.331129,0.35474,52.79279,1,1,78,0.190476,4,4
Francis_Petre,Francis_Petre,,1,21,22,1,21,22,7,0.324298,0.34689,21.649639,1,1,78,0.240476,4,4
The_Cantos,The_Cantos,,3,86,89,3,86,89,7,0.363424,0.396611,5178.404447,3,1,6,0.084509,9,9
Benjamin_of_Tudela,Benjamin_of_Tudela,,0,16,16,0,16,16,7,0.313345,0.335227,0,2,1,79,0.2625,7,7
Rhenium,Rhenium,,11,32,43,11,32,43,7,0.313195,0.335203,511.163644,9,1,6,0.242017,14,14
Osteomalacia,Osteomalacia,,3,0,3,3,0,3,0,0,0,0,6,1,3,0,14,14
Berkelium,Berkelium,,7,15,22,7,15,22,7,0.284033,0.300789,20.421781,9,1,6,0.371324,14,14
Californium,Californium,,13,24,37,13,24,37,7,0.308923,0.329149,848.885778,9,1,6,0.263547,14,14
Terbium,Terbium,,7,18,25,7,18,25,7,0.289861,0.308283,90.260266,9,1,6,0.353801,14,14
Berlin_Wall,Berlin_Wall,,20,23,43,20,23,43,6,0.325048,0.348121,2097.909482,13,1,6,0.224603,7,7
German_reunification,German_reunification,,19,16,35,19,16,35,7,0.31276,0.333803,432.090775,13,1,6,0.277011,7,7
Wernher_von_Braun,Wernher_von_Braun,,12,35,47,12,35,47,7,0.342052,0.367421,7591.137056,13,1,6,0.151282,12,12
Maglev_train,Maglev_train,,6,18,24,6,18,24,7,0.319716,0.340168,729.809882,10,1,6,0.197619,4,4
Marshall_Plan,Marshall_Plan,,16,56,72,16,56,72,6,0.350692,0.380147,2619.319505,13,1,6,0.238095,7,7
Bernard_Hinault,Bernard_Hinault,,4,5,9,4,5,9,7,0.26869,0.281203,8.447789,4,1,6,0.6,12,12
Greg_LeMond,Greg_LeMond,,3,8,11,3,8,11,7,0.300452,0.317615,262.202347,4,1,6,0.375,12,12
Laurent_Fignon,Laurent_Fignon,,3,4,7,3,4,7,7,0.279067,0.292931,34.109672,4,1,6,0.65,12,12
Georg_Cantor,Georg_Cantor,,12,22,34,12,22,34,7,0.318086,0.339996,4496.598552,3,1,6,0.123153,12,12
Betelgeuse_incident,Betelgeuse_incident,,0,14,14,0,14,14,7,0.30907,0.329353,0,1,1,80,0.346154,4,4
Bette_Davis,Bette_Davis,,7,23,30,7,23,30,6,0.327331,0.349708,1421.42188,11,1,6,0.170769,12,12
Jane_Fonda,Jane_Fonda,,8,25,33,8,25,33,7,0.323905,0.347984,3474.59122,11,1,6,0.134409,12,12
Yak,Yak,,12,15,27,12,15,27,7,0.298483,0.315988,332.255507,10,1,6,0.215415,14,14
Dead_Sea_scrolls,Dead_Sea_scrolls,,3,14,17,3,14,17,7,0.29776,0.314824,255.450735,2,1,6,0.166667,13,13
Names_of_God_in_Judaism,Names_of_God_in_Judaism,,3,17,20,3,17,20,7,0.29811,0.316397,186.096341,2,1,6,0.264706,13,13
Pentateuch,Pentateuch,,5,2,7,5,2,7,8,0.246429,0.257408,70.731455,2,1,6,0.3,13,13
Bicycle_Thieves,Bicycle_Thieves,,1,6,7,1,6,7,7,0.303579,0.321624,32.652586,4,1,6,0.309524,5,5
Physical_paradox,Physical_paradox,,1,19,20,1,19,20,7,0.289385,0.306756,40.46371,9,1,6,0.222222,14,14
Plasma_%28physics%29,Plasma_%28physics%29,,28,21,49,28,21,49,7,0.302741,0.321184,4264.69539,9,1,6,0.160976,14,14
Calvin_Coolidge,Calvin_Coolidge,,13,19,32,13,19,32,7,0.319112,0.341182,693.320875,11,1,6,0.186508,12,12
Chester_A._Arthur,Chester_A._Arthur,,7,18,25,7,18,25,7,0.292286,0.310225,633.318662,11,1,6,0.15,12,12
Franklin_Pierce,Franklin_Pierce,,7,22,29,7,22,29,7,0.310818,0.329983,209.170063,11,1,6,0.230769,12,12
Harry_S._Truman,Harry_S._Truman,,35,50,85,35,50,85,6,0.343094,0.370696,4961.643075,11,1,6,0.165102,12,12
Herbert_Hoover,Herbert_Hoover,,23,33,56,23,33,56,7,0.322771,0.346494,3862.332015,11,1,6,0.130319,12,12
John_Tyler,John_Tyler,,9,10,19,9,10,19,7,0.283397,0.298277,124.816764,11,1,6,0.254167,12,12
Millard_Fillmore,Millard_Fillmore,,8,16,24,8,16,24,7,0.307914,0.327128,173.898527,11,1,6,0.235714,12,12
Rutherford_B._Hayes,Rutherford_B._Hayes,,7,14,21,7,14,21,7,0.298066,0.315767,353.233223,11,1,6,0.183007,12,12
Warren_G._Harding,Warren_G._Harding,,9,38,47,9,38,47,7,0.326988,0.351224,1064.46202,11,1,6,0.119048,12,12
Billie_Holiday,Billie_Holiday,,9,8,17,9,8,17,6,0.301457,0.319228,205.508173,11,1,6,0.161905,12,12
Biosphere,Biosphere,,23,22,45,23,22,45,7,0.314069,0.33442,4137.314765,9,1,6,0.120122,6,6
PSR_B1620-26c,PSR_B1620-26c,,2,10,12,2,10,12,8,0.281254,0.296365,16.401784,9,1,6,0.388889,14,14
Trigonometric_function,Trigonometric_function,,7,15,22,7,15,22,7,0.29574,0.312415,654.015072,3,1,6,0.152047,10,10
Optical_telescope,Optical_telescope,,2,6,8,2,6,8,8,0.26622,0.278622,88.593094,9,1,6,0.2,14,14
Biofuel,Biofuel,,14,27,41,14,27,41,7,0.329353,0.352362,2925.371096,6,1,6,0.185714,2,2
List_of_essential_oils,List_of_essential_oils,,3,18,21,3,18,21,8,0.28887,0.306065,1929.995139,6,1,6,0.147059,5,5
List_of_vegetable_oils,List_of_vegetable_oils,,3,46,49,3,46,49,7,0.331047,0.358525,23632.644716,6,1,6,0.090821,5,5
Bog,Bog,,18,29,47,18,29,47,7,0.33048,0.354001,7962.06514,1,1,6,0.121951,6,6
History_of_Earth,History_of_Earth,,10,97,107,10,97,107,7,0.365522,0.398707,10507.899838,7,1,6,0.084765,6,6
Life,Life,,55,15,70,55,15,70,7,0.294216,0.311932,4731.67253,9,1,6,0.10452,14,14
Environmental_science,Environmental_science,,7,19,26,7,19,26,7,0.308055,0.326666,538.921033,9,1,6,0.152381,2,2
Waste_management,Waste_management,,11,30,41,11,30,41,6,0.333388,0.357939,2271.34192,9,1,6,0.119048,2,2
C%2B%2B,C%2B%2B,,12,6,18,12,6,18,7,0.285312,0.299336,2790.945966,5,1,6,0.165441,8,8
Prion,Prion,,10,16,26,10,16,26,7,0.299675,0.317868,1645.511141,7,1,6,0.294372,14,14
Sequence_alignment,Sequence_alignment,,4,11,15,4,11,15,7,0.28811,0.303868,4814.812705,7,1,6,0.3,14,14
Creation-evolution_controversy,Creation-evolution_controversy,,4,54,58,4,54,58,7,0.355926,0.383648,1487.05995,9,1,6,0.100673,13,13
Drosophila_melanogaster,Drosophila_melanogaster,,4,19,23,4,19,23,7,0.298946,0.317297,1586.103874,7,1,6,0.168831,14,14
Genetic_code,Genetic_code,,15,13,28,15,13,28,7,0.288274,0.302937,4639.01585,7,1,6,0.326316,14,14
Plate_tectonics,Plate_tectonics,,54,40,94,54,40,94,7,0.350722,0.378022,16940.953668,9,1,6,0.109438,6,6
Bionicle__Mask_of_Light,Bionicle__Mask_of_Light,,0,4,4,0,4,4,7,0.294626,0.310992,0,1,1,82,0.333333,5,5
Lego,Lego,,1,23,24,1,23,24,7,0.320835,0.342322,182.157883,1,1,81,0.105072,5,5
Hydrology,Hydrology,,15,25,40,15,25,40,7,0.318911,0.340181,7141.532083,9,1,6,0.090476,6,6
Haemophilia,Haemophilia,,2,4,6,2,4,6,7,0.281196,0.295216,30.520063,4,1,6,0,14,14
Dodo,Dodo,,11,27,38,11,27,38,7,0.31351,0.333899,25132.795126,7,1,6,0.087356,14,14
Dove,Dove,,18,24,42,18,24,42,7,0.32484,0.346642,15428.538875,7,1,6,0.107843,14,14
Falcon,Falcon,,11,16,27,11,16,27,7,0.310295,0.330886,2031.410637,7,1,6,0.184783,14,14
Flamingo,Flamingo,,6,15,21,6,15,21,7,0.304194,0.322543,530.920286,7,1,6,0.149123,14,14
Great_Auk,Great_Auk,,3,22,25,3,22,25,7,0.317761,0.337511,443.233168,7,1,6,0.164032,14,14
House_Sparrow,House_Sparrow,,8,25,33,8,25,33,7,0.330399,0.353189,16409.187316,7,1,6,0.173645,14,14
Passenger_Pigeon,Passenger_Pigeon,,4,17,21,4,17,21,7,0.314117,0.333141,1289.836995,7,1,6,0.192982,14,14
Redwing,Redwing,,2,15,17,2,15,17,8,0.303625,0.322257,11431.057578,7,1,6,0.280952,14,14
Rock_Pigeon,Rock_Pigeon,,8,27,35,8,27,35,7,0.324372,0.346607,2828.598263,7,1,6,0.139785,14,14
Snowy_Owl,Snowy_Owl,,2,18,20,2,18,20,7,0.316151,0.335311,1008.571382,7,1,6,0.157895,14,14
Swift,Swift,,5,12,17,5,12,17,7,0.291592,0.307427,387.689491,7,1,6,0.157143,14,14
Turkey_%28bird%29,Turkey_%28bird%29,,8,15,23,8,15,23,7,0.309466,0.329972,11837.47982,7,1,6,0.164286,14,14
Blackbird,Blackbird,,6,14,20,6,14,20,7,0.309159,0.328119,653.161387,7,1,6,0.231579,14,14
Blackcap,Blackcap,,1,12,13,1,12,13,7,0.311894,0.331813,7.966312,7,1,6,0.318182,14,14
Canada_Goose,Canada_Goose,,5,20,25,5,20,25,7,0.325858,0.346903,5872.288021,7,1,6,0.166667,14,14
Chaffinch,Chaffinch,,2,19,21,2,19,21,7,0.319263,0.342052,94.882968,7,1,6,0.192105,14,14
Skylark,Skylark,,2,17,19,2,17,19,7,0.315634,0.337772,83.979848,7,1,6,0.196078,14,14
Vulture,Vulture,,6,18,24,6,18,24,7,0.315119,0.33672,654.33819,7,1,6,0.183794,14,14
Whooping_Crane,Whooping_Crane,,1,7,8,1,7,8,8,0.280631,0.29467,2.222732,7,1,6,0.303571,14,14
Kite_%28bird%29,Kite_%28bird%29,,7,8,15,7,8,15,8,0.27188,0.284098,3443.780125,7,1,6,0.401515,14,14
M6_motorway,M6_motorway,,4,19,23,4,19,23,7,0.312303,0.333019,245.236775,1,1,6,0.283626,4,4
River_Severn,River_Severn,,15,17,32,15,17,32,7,0.320525,0.340537,8240.669733,1,1,6,0.125661,6,6
Ska,Ska,,12,23,35,12,23,35,7,0.320956,0.342906,8071.321434,11,1,6,0.160215,11,11
Stratford-upon-Avon,Stratford-upon-Avon,,7,5,12,7,5,12,7,0.298373,0.31477,398.034729,1,1,6,0.322222,6,6
Menstrual_cycle,Menstrual_cycle,,4,10,14,4,10,14,7,0.29546,0.311036,477.63139,7,1,6,0.070513,14,14
Tansy,Tansy,,1,10,11,1,10,11,7,0.299608,0.317083,229.569572,7,1,6,0.209091,14,14
Thallium,Thallium,,13,48,61,13,48,61,7,0.343851,0.37041,2462.864325,9,1,6,0.170707,14,14
Ununpentium,Ununpentium,,7,17,24,7,17,24,7,0.312567,0.332783,245.37117,9,1,6,0.320261,14,14
Gaur,Gaur,,4,20,24,4,20,24,7,0.301525,0.319626,295.787274,10,1,6,0.257895,14,14
Bj%C3%B6rn_Borg,Bj%C3%B6rn_Borg,,7,25,32,7,25,32,7,0.309442,0.329354,3085.645246,12,1,6,0.193846,12,12
Boris_Becker,Boris_Becker,,9,36,45,9,36,45,7,0.335124,0.359873,12938.729521,12,1,6,0.231231,12,12
Davis_Cup,Davis_Cup,,15,53,68,15,53,68,6,0.345315,0.373701,5821.444625,12,1,6,0.141065,5,5
John_McEnroe,John_McEnroe,,8,31,39,8,31,39,7,0.328206,0.35177,1831.676324,12,1,6,0.225806,12,12
Pete_Sampras,Pete_Sampras,,13,49,62,13,49,62,6,0.341735,0.368574,6895.296255,12,1,6,0.175918,12,12
Tennis_Masters_Cup,Tennis_Masters_Cup,,8,19,27,8,19,27,7,0.303534,0.321572,582.864109,12,1,6,0.171429,5,5
William_Renshaw,William_Renshaw,,3,4,7,3,4,7,7,0.272465,0.285158,47.036747,12,1,6,0.3,12,12
Willem_Barents,Willem_Barents,,2,7,9,2,7,9,7,0.288932,0.304229,21.499975,4,1,6,0.380952,12,12
Black-backed_Jackal,Black-backed_Jackal,,1,9,10,1,9,10,7,0.28809,0.304959,17.286174,7,1,6,0.366667,14,14
Black-footed_Cat,Black-footed_Cat,,0,13,13,0,13,13,7,0.291119,0.307727,0,7,1,83,0.352564,14,14
Black-winged_Stilt,Black-winged_Stilt,,2,13,15,2,13,15,7,0.310413,0.331198,259.257841,7,1,6,0.161905,14,14
Hunger,Hunger,,4,3,7,4,3,7,7,0.276064,0.288512,58.520038,3,1,6,0.066667,14,14
Black_Rhinoceros,Black_Rhinoceros,,2,21,23,2,21,23,7,0.302876,0.322284,76.080298,8,1,6,0.272727,14,14
Black_Robin,Black_Robin,,0,9,9,0,9,9,7,0.289601,0.304332,0,7,1,84,0.361111,14,14
Tiger,Tiger,,16,50,66,16,50,66,7,0.335291,0.362131,11894.181053,10,1,6,0.113927,14,14
Black_Seminoles,Black_Seminoles,,0,8,8,0,8,8,7,0.287405,0.303211,0,11,1,85,0.125,6,6
Robert_Oppenheimer,Robert_Oppenheimer,,7,46,53,7,46,53,6,0.347744,0.374124,2151.172618,9,1,6,0.156735,12,12
Roche_limit,Roche_limit,,6,10,16,6,10,16,7,0.297519,0.313967,85.9626,9,1,6,0.416667,14,14
Black_panther,Black_panther,,1,19,20,1,19,20,7,0.318686,0.34154,163.826206,7,1,6,0.139474,14,14
Bobcat,Bobcat,,8,12,20,8,12,20,7,0.308641,0.326779,308.578263,7,1,6,0.149123,14,14
Edible_salt,Edible_salt,,11,21,32,11,21,32,7,0.316151,0.338011,1463.538697,6,1,6,0.083908,14,14
Long_pepper,Long_pepper,,2,10,12,2,10,12,8,0.292813,0.308945,15.782612,10,1,6,0.227273,14,14
Ramesses_II,Ramesses_II,,7,12,19,7,12,19,7,0.305087,0.324267,3313.370827,2,1,6,0.27619,7,7
Sichuan_Pepper,Sichuan_Pepper,,11,14,25,11,14,25,7,0.318911,0.340249,508.0455,6,1,6,0.244565,5,5
Black_widow_spider,Black_widow_spider,,0,11,11,0,11,11,7,0.306593,0.324514,0,7,1,86,0.309091,14,14
Thrush_%28bird%29,Thrush_%28bird%29,,9,5,14,9,5,14,8,0.259739,0.272126,3455.553552,7,1,6,0.282051,14,14
Blackjack,Blackjack,,2,5,7,2,5,7,7,0.300274,0.316688,63.64027,7,1,6,0.233333,5,5
Card_game,Card_game,,9,11,20,9,11,20,7,0.301256,0.318696,12715.727946,1,1,6,0.084559,5,5
Blacktip_reef_shark,Blacktip_reef_shark,,3,7,10,3,7,10,8,0.266921,0.279906,4604.988177,7,1,6,0.446429,14,14
Gray_reef_shark,Gray_reef_shark,,1,9,10,1,9,10,8,0.269297,0.283238,31.972902,7,1,6,0.263889,14,14
Computer_and_video_games,Computer_and_video_games,,19,32,51,19,32,51,7,0.336459,0.360967,9170.484037,5,1,6,0.117946,5,5
Firefly_%28TV_series%29,Firefly_%28TV_series%29,,6,16,22,6,16,22,7,0.323621,0.344274,1052.451162,11,1,6,0.126316,5,5
Pan_Am_Flight_103,Pan_Am_Flight_103,,6,35,41,6,35,41,6,0.341361,0.367826,435.212846,1,1,6,0.141667,7,7
Synthesizer,Synthesizer,,14,8,22,14,8,22,7,0.282233,0.297085,1095.548997,11,1,6,0.094737,11,11
Blokus,Blokus,,0,2,2,0,2,2,8,0.248316,0.258127,0,2,1,87,1,5,5
Blue_Jay,Blue_Jay,,2,15,17,2,15,17,7,0.297498,0.314424,343.790768,7,1,6,0.176471,14,14
Buckingham_Palace,Buckingham_Palace,,26,44,70,26,44,70,7,0.327015,0.354215,11705.43475,1,1,6,0.132998,4,4
Blue_Tit,Blue_Tit,,0,14,14,0,14,14,7,0.30231,0.320045,0,7,1,90,0.269231,14,14
Great_Tit,Great_Tit,,1,13,14,1,13,14,7,0.310895,0.33004,33.046719,7,1,89,0.274725,14,14
Treecreeper,Treecreeper,,2,11,13,2,11,13,7,0.2967,0.313651,56.703225,7,1,88,0.269231,14,14
Blue_Whale,Blue_Whale,,2,28,30,2,28,30,7,0.33358,0.357106,2122.842168,7,1,6,0.176108,14,14
Double-decker_bus,Double-decker_bus,,4,22,26,4,22,26,7,0.331833,0.355326,727.057167,10,1,6,0.193846,4,4
Humpback_Whale,Humpback_Whale,,5,26,31,5,26,31,7,0.326935,0.348588,3348.12752,7,1,6,0.156404,14,14
Outer_Hebrides,Outer_Hebrides,,15,6,21,15,6,21,7,0.289117,0.30439,229.238541,1,1,6,0.202206,6,6
Whale_song,Whale_song,,2,14,16,2,14,16,7,0.306958,0.325585,84.193842,7,1,6,0.131868,14,14
Blue_shark,Blue_shark,,2,16,18,2,16,18,7,0.298044,0.315363,44.5168,7,1,6,0.1875,14,14
Music_of_Ireland,Music_of_Ireland,,4,21,25,4,21,25,7,0.325544,0.348498,640.847133,11,1,6,0.153986,11,11
Bluetooth,Bluetooth,,9,12,21,9,12,21,7,0.29641,0.313367,1586.96035,5,1,6,0.096491,4,4
Civilization_%28computer_game%29,Civilization_%28computer_game%29,,5,24,29,5,24,29,7,0.332322,0.355014,2303.030287,2,1,6,0.06746,5,5
Go_%28board_game%29,Go_%28board_game%29,,7,17,24,7,17,24,7,0.30342,0.321434,1704.158033,10,1,6,0.192105,5,5
Mancala,Mancala,,2,18,20,2,18,20,7,0.333005,0.357246,530.463608,2,1,6,0.25731,5,5
Monopoly_%28game%29,Monopoly_%28game%29,,7,30,37,7,30,37,6,0.335318,0.359299,2094.203229,11,1,6,0.113445,5,5
Bologna,Bologna,,27,39,66,27,39,66,7,0.338652,0.365448,6033.940965,4,1,6,0.149727,6,6
Christian_Bale,Christian_Bale,,4,22,26,4,22,26,7,0.330077,0.352892,1169.754697,11,1,6,0.130435,12,12
Minneapolis%2C_Minnesota,Minneapolis%2C_Minnesota,,15,54,69,15,54,69,7,0.344845,0.373095,7487.676358,11,1,6,0.107391,6,6
Neil_Young,Neil_Young,,4,29,33,4,29,33,7,0.317736,0.340052,296.075,11,1,6,0.111828,12,12
Sony,Sony,,18,21,39,18,21,39,7,0.308594,0.328025,3502.302108,5,1,6,0.07563,1,1
Body_mass_index,Body_mass_index,,2,3,5,2,3,5,8,0.268122,0.280861,31.813499,8,1,6,0.05,14,14
Bodyline,Bodyline,,4,12,16,4,12,16,7,0.307377,0.326735,141.448388,12,1,6,0.274725,5,5
James_Bond,James_Bond,,19,36,55,19,36,55,7,0.340701,0.366616,9522.031925,11,1,6,0.106275,5,5
Dartmoor,Dartmoor,,5,7,12,5,7,12,8,0.29237,0.308243,75.503672,1,1,6,0.090909,6,6
Haraldsk%C3%A6r_Woman,Haraldsk%C3%A6r_Woman,,1,7,8,1,7,8,7,0.295524,0.312221,7.103992,13,1,6,0.285714,7,7
Sim%C3%B3n_Bol%C3%ADvar,Sim%C3%B3n_Bol%C3%ADvar,,14,23,37,14,23,37,7,0.31836,0.340405,483.205752,0,1,6,0.218254,12,12
Bohemian_Rhapsody,Bohemian_Rhapsody,,1,21,22,1,21,22,7,0.329862,0.353123,18.33503,11,1,6,0.271429,11,11
Bohor_Reedbuck,Bohor_Reedbuck,,0,6,6,0,6,6,7,0.286795,0.303013,0,7,1,91,0.4,14,14
Bohrium,Bohrium,,7,17,24,7,17,24,7,0.300519,0.319597,373.789578,9,1,6,0.316993,14,14
Dubnium,Dubnium,,7,19,26,7,19,26,7,0.318585,0.340072,249.488151,9,1,6,0.304762,14,14
Hassium,Hassium,,6,9,15,6,9,15,7,0.276026,0.291212,8.385147,9,1,6,0.455556,14,14
Seaborgium,Seaborgium,,6,14,20,6,14,20,7,0.310937,0.330995,167.895589,9,1,6,0.342857,14,14
La_Paz,La_Paz,,6,8,14,6,8,14,7,0.299144,0.315942,139.677706,0,1,6,0.179487,6,6
Lake_Titicaca,Lake_Titicaca,,7,5,12,7,5,12,7,0.286765,0.301708,109.55978,0,1,6,0.355556,6,6
Sucre,Sucre,,3,8,11,3,8,11,7,0.297105,0.314226,23.229552,0,1,6,0.477778,6,6
Guglielmo_Marconi,Guglielmo_Marconi,,9,21,30,9,21,30,7,0.321695,0.343373,886.655541,1,1,6,0.175385,12,12
Medieval_commune,Medieval_commune,,5,11,16,5,11,16,7,0.295352,0.313362,2789.092038,4,1,6,0.296703,7,7
Boltysh_crater,Boltysh_crater,,1,9,10,1,9,10,7,0.307868,0.325075,48.027882,7,1,6,0.222222,6,6
Bushbuck,Bushbuck,,1,8,9,1,8,9,8,0.266798,0.279604,4.246743,7,1,6,0.333333,14,14
Booby,Booby,,1,12,13,1,12,13,7,0.30063,0.318168,12.301504,7,1,6,0.237179,14,14
Book,Book,,21,27,48,21,27,48,7,0.314264,0.336253,4325.111879,3,1,6,0.066162,9,9
Johannes_Gutenberg,Johannes_Gutenberg,,5,14,19,5,14,19,7,0.304743,0.32379,717.040488,4,1,6,0.143791,12,12
Library_of_Congress,Library_of_Congress,,21,17,38,21,17,38,7,0.318535,0.339289,1513.529962,11,1,6,0.120168,2,2
Book_of_Kells,Book_of_Kells,,9,22,31,9,22,31,7,0.312664,0.334368,2630.554574,1,1,6,0.146825,9,9
Lindisfarne_Gospels,Lindisfarne_Gospels,,3,13,16,3,13,16,7,0.302447,0.321033,207.914185,1,1,6,0.208333,13,13
Venn_diagram,Venn_diagram,,1,8,9,1,8,9,7,0.294729,0.311465,118.409056,3,1,6,0.263889,10,10
Borage,Borage,,9,39,48,9,39,48,7,0.310152,0.332325,153.859121,6,1,6,0.271341,14,14
Chives,Chives,,11,25,36,11,25,36,7,0.323311,0.346712,641.545254,6,1,6,0.201426,14,14
Cubeb,Cubeb,,11,25,36,11,25,36,7,0.33167,0.355296,2280.130713,6,1,6,0.179832,14,14
Cymbopogon,Cymbopogon,,11,12,23,11,12,23,8,0.296258,0.313705,233.589473,6,1,6,0.257576,14,14
Dill,Dill,,10,48,58,10,48,58,7,0.323569,0.350264,5314.437867,6,1,6,0.207843,14,14
Juniper_berry,Juniper_berry,,10,18,28,10,18,28,7,0.312206,0.333139,2192.048436,6,1,6,0.178571,5,5
Lovage,Lovage,,10,6,16,10,6,16,8,0.268797,0.28254,13.818355,6,1,6,0.529167,14,14
Mango,Mango,,19,45,64,19,45,64,7,0.342891,0.369818,4632.540856,6,1,6,0.112712,14,14
Marjoram,Marjoram,,11,38,49,11,38,49,7,0.30587,0.327612,323.923549,6,1,6,0.270122,14,14
Mentha,Mentha,,11,21,32,11,21,32,7,0.315486,0.337127,1695.491502,6,1,6,0.254839,14,14
Oregano,Oregano,,14,18,32,14,18,32,7,0.307214,0.327102,2795.187306,6,1,6,0.252463,14,14
Paprika,Paprika,,14,9,23,14,9,23,7,0.295977,0.314228,407.771476,6,1,6,0.292208,5,5
Rosemary,Rosemary,,15,11,26,15,11,26,8,0.288192,0.303549,304.105991,6,1,6,0.263077,14,14
Saffron,Saffron,,18,64,82,18,64,82,7,0.346614,0.376717,5255.070694,6,1,6,0.089123,14,14
Sesame,Sesame,,16,16,32,16,16,32,7,0.310485,0.331815,1003.462151,6,1,6,0.162366,14,14
Sorrel,Sorrel,,11,40,51,11,40,51,7,0.307985,0.329772,448.851206,6,1,6,0.258029,14,14
Sumac,Sumac,,14,10,24,14,10,24,7,0.297083,0.314885,1059.20305,6,1,6,0.28355,14,14
Tamarind,Tamarind,,10,21,31,10,21,31,7,0.312688,0.335293,428.310937,6,1,6,0.193548,14,14
Turmeric,Turmeric,,12,39,51,12,39,51,7,0.301278,0.321145,901.107871,6,1,6,0.222591,14,14
Wasabi,Wasabi,,13,19,32,13,19,32,7,0.327094,0.348849,3058.936521,6,1,6,0.191954,14,14
Hopman_Cup,Hopman_Cup,,2,20,22,2,20,22,7,0.319087,0.34112,7893.278975,12,1,6,0.271053,5,5
Italo_disco,Italo_disco,,1,7,8,1,7,8,7,0.30101,0.318995,12.0123,11,1,6,0.321429,11,11
Stefan_Edberg,Stefan_Edberg,,9,28,37,9,28,37,7,0.33075,0.355006,3255.606465,12,1,6,0.330049,12,12
Husein_Grada%C5%A1%C4%8Devi%C4%87,Husein_Grada%C5%A1%C4%8Devi%C4%87,,2,18,20,2,18,20,7,0.311511,0.332887,49.539711,2,1,6,0.222222,12,12
Boston_RFC,Boston_RFC,,1,9,10,1,9,10,6,0.308782,0.327167,60.268536,1,1,6,0.291667,5,5
Cheers,Cheers,,5,19,24,5,19,24,7,0.317016,0.33725,5663.464708,11,1,6,0.121053,5,5
Global_city,Global_city,,20,148,168,20,148,168,7,0.359525,0.397626,18189.521651,4,1,6,0.060134,6,6
Merrimack_River,Merrimack_River,,3,5,8,3,5,8,7,0.300118,0.316961,149.237111,11,1,6,0.261905,6,6
New_England_Patriots,New_England_Patriots,,3,5,8,3,5,8,7,0.271807,0.284326,72.595108,11,1,6,0.066667,5,5
Boston_Terrier,Boston_Terrier,,1,4,5,1,4,5,7,0.295697,0.311685,84.170657,11,1,6,0.1,14,14
Cornea,Cornea,,14,7,21,14,7,21,7,0.28314,0.298059,2373.910953,7,1,6,0.080882,14,14
Boston_and_Lowell_Railroad,Boston_and_Lowell_Railroad,,0,13,13,0,13,13,7,0.320604,0.340487,0,4,1,92,0.141026,4,4
Chocolate,Chocolate,,20,27,47,20,27,47,7,0.319137,0.340195,8594.387794,6,1,6,0.059814,5,5
Gardening,Gardening,,9,18,27,9,18,27,6,0.329005,0.350826,1629.959513,1,1,6,0.168333,5,5
Bottlenose_Dolphin,Bottlenose_Dolphin,,4,27,31,4,27,31,7,0.326804,0.348543,3367.662044,7,1,6,0.135468,14,14
Bull_shark,Bull_shark,,6,29,35,6,29,35,7,0.320855,0.343417,701.638558,7,1,6,0.134581,14,14
U.S._Navy_Marine_Mammal_Program,U.S._Navy_Marine_Mammal_Program,,2,8,10,2,8,10,7,0.288829,0.304156,31.858244,11,1,6,0.097222,7,7
Jane_Eyre,Jane_Eyre,,1,19,20,1,19,20,7,0.317513,0.338559,477.629248,3,1,6,0.121053,9,9
Boundary_Waters_Canoe_Area_Wilderness,Boundary_Waters_Canoe_Area_Wilderness,,1,18,19,1,18,19,7,0.324424,0.346218,31.916888,11,1,6,0.196078,6,6
Bourbonnais_train_accident,Bourbonnais_train_accident,,0,5,5,0,5,5,7,0.298206,0.314787,0,11,1,93,0.6,4,4
Bouvet_Island,Bouvet_Island,,2,13,15,2,13,15,7,0.315609,0.335809,112.678333,9,1,6,0.307692,6,6
Boy_Scout,Boy_Scout,,1,8,9,1,8,9,7,0.304103,0.321459,106.71295,12,1,6,0.303571,2,2
Eagle_Scout_%28Boy_Scouts_of_America%29,Eagle_Scout_%28Boy_Scouts_of_America%29,,9,8,17,9,8,17,7,0.294708,0.309953,5104.800052,11,1,6,0.114286,2,2
Boyle_Roche,Boyle_Roche,,0,3,3,0,3,3,7,0.26297,0.27425,0,1,1,94,0.166667,12,12
Limerick,Limerick,,9,16,25,9,16,25,6,0.321695,0.342189,3587.837074,1,1,6,0.197464,6,6
Brabantian,Brabantian,,5,9,14,5,9,14,7,0.285755,0.300727,193.532613,4,1,6,0.597222,9,9
East_Flemish,East_Flemish,,5,13,18,5,13,18,7,0.292307,0.309186,384.156015,4,1,6,0.384615,9,9
Zuid-Gelders,Zuid-Gelders,,5,5,10,5,5,10,7,0.258036,0.269045,0,4,1,6,1,9,9
Brabham,Brabham,,2,9,11,2,9,11,7,0.307121,0.324739,192.608596,0,1,6,0.211111,5,5
Damon_Hill,Damon_Hill,,5,12,17,5,12,17,7,0.309371,0.327846,8559.029618,0,1,6,0.301282,12,12
Milton_Keynes,Milton_Keynes,,6,28,34,6,28,34,7,0.335069,0.360071,1144.634007,1,1,6,0.113978,6,6
Brachiosaurus,Brachiosaurus,,6,29,35,6,29,35,7,0.327994,0.351014,1400.825213,7,1,6,0.216129,14,14
Sauroposeidon,Sauroposeidon,,4,26,30,4,26,30,7,0.321746,0.344056,503.494154,7,1,6,0.244709,14,14
Trimurti,Trimurti,,2,6,8,2,6,8,8,0.269835,0.283338,6.106632,2,1,6,0.566667,13,13
Down_syndrome,Down_syndrome,,9,6,15,9,6,15,7,0.285634,0.300772,615.83879,13,1,6,0.02381,14,14
Huntington%27s_disease,Huntington%27s_disease,,3,9,12,3,9,12,8,0.28312,0.297432,144.184673,7,1,6,0.128788,14,14
Kuru_%28disease%29,Kuru_%28disease%29,,2,10,12,2,10,12,7,0.292117,0.307802,54.509437,7,1,6,0.233333,14,14
Tay-Sachs_disease,Tay-Sachs_disease,,2,11,13,2,11,13,7,0.316743,0.335383,178.701483,7,1,6,0.151515,14,14
Brandon_Routh,Brandon_Routh,,1,11,12,1,11,12,7,0.307541,0.325572,47.174798,11,1,6,0.090909,12,12
Bratislava,Bratislava,,13,48,61,13,48,61,6,0.336013,0.364114,2280.442147,13,1,6,0.230303,6,6
Economic_inequality,Economic_inequality,,4,22,26,4,22,26,7,0.322745,0.344123,1029.498724,3,1,6,0.121538,1,1
Pel%C3%A9,Pel%C3%A9,,10,16,26,10,16,26,7,0.300163,0.319011,1841.355062,0,1,6,0.133333,12,12
Butter,Butter,,18,51,69,18,51,69,7,0.351056,0.380201,6056.220646,6,1,6,0.121096,5,5
Last_Supper,Last_Supper,,8,12,20,8,12,20,7,0.298088,0.314489,778.956886,2,1,6,0.154412,13,13
Pumpkin,Pumpkin,,7,20,27,7,20,27,7,0.324242,0.345125,795.438394,6,1,6,0.123188,5,5
Soup,Soup,,19,57,76,19,57,76,7,0.350631,0.379157,7586.966427,6,1,6,0.082694,5,5
Breaker_Morant,Breaker_Morant,,1,14,15,1,14,15,7,0.311487,0.331527,42.345313,1,1,6,0.197802,12,12
Gold_standard,Gold_standard,,13,61,74,13,61,74,7,0.356929,0.387011,3415.635498,13,1,6,0.152214,1,1
Wall_Street,Wall_Street,,17,28,45,17,28,45,6,0.33347,0.357153,4478.966976,11,1,6,0.107692,6,6
Brian_Close,Brian_Close,,0,8,8,0,8,8,7,0.289933,0.305299,0,1,1,95,0.160714,12,12
Force,Force,,30,16,46,30,16,46,7,0.289965,0.306616,3184.788408,9,1,6,0.081646,14,14
Forth_Bridge_%28railway%29,Forth_Bridge_%28railway%29,,3,13,16,3,13,16,7,0.300185,0.317544,4786.568602,1,1,6,0.089744,4,4
Tay_Rail_Bridge,Tay_Rail_Bridge,,4,9,13,4,9,13,7,0.294944,0.311497,2296.99114,1,1,6,0.088889,4,4
The_Iron_Bridge,The_Iron_Bridge,,1,6,7,1,6,7,7,0.299498,0.314868,5.975763,1,1,6,0.233333,4,4
Tower_Bridge,Tower_Bridge,,7,10,17,7,10,17,7,0.299122,0.317126,624.624136,1,1,6,0.181818,4,4
George_IV_of_the_United_Kingdom,George_IV_of_the_United_Kingdom,,21,39,60,21,39,60,7,0.317537,0.341844,7509.946263,1,1,6,0.126701,12,12
Vodafone,Vodafone,,7,89,96,7,89,96,6,0.355926,0.388254,1674.419553,8,1,6,0.138527,1,1
Daniel_Day-Lewis,Daniel_Day-Lewis,,2,9,11,2,9,11,7,0.298593,0.316312,1206.544795,1,1,6,0.127273,12,12
John_Cabot,John_Cabot,,8,11,19,8,11,19,7,0.304172,0.323303,768.586285,1,1,6,0.172794,12,12
Mendip_Hills,Mendip_Hills,,7,29,36,7,29,36,7,0.325361,0.347818,12172.846426,1,1,6,0.088068,6,6
Goa,Goa,,19,51,70,19,51,70,7,0.340644,0.367409,8759.875089,10,1,6,0.089038,6,6
Walter_Raleigh,Walter_Raleigh,,10,22,32,10,22,32,7,0.320348,0.342037,1433.379843,1,1,6,0.097701,12,12
CS_gas,CS_gas,,2,31,33,2,31,33,7,0.337861,0.362615,706.230441,9,1,6,0.108902,14,14
Richard_II_of_England,Richard_II_of_England,,16,18,34,16,18,34,7,0.305294,0.325124,595.973335,1,1,6,0.231481,12,12
British_Indian_Ocean_Territory,British_Indian_Ocean_Territory,,21,56,77,21,56,77,6,0.342052,0.370202,2554.17107,8,1,6,0.199371,3,3
British_Virgin_Islands,British_Virgin_Islands,,16,23,39,16,23,39,6,0.339417,0.363328,2072.335525,8,1,6,0.164286,3,3
Diego_Garcia,Diego_Garcia,,3,23,26,3,23,26,6,0.326593,0.349133,58.650612,10,1,6,0.221014,6,6
French_Polynesia,French_Polynesia,,18,8,26,18,8,26,7,0.29574,0.313566,78.355658,8,1,6,0.182971,6,6
French_Southern_and_Antarctic_Lands,French_Southern_and_Antarctic_Lands,,17,14,31,17,14,31,7,0.311319,0.332136,374.907324,8,1,6,0.424138,6,6
Pitcairn_Islands,Pitcairn_Islands,,12,29,41,12,29,41,7,0.333361,0.356839,1791.155759,8,1,6,0.105263,6,6
British_Isles_%28terminology%29,British_Isles_%28terminology%29,,4,60,64,4,60,64,7,0.340129,0.368478,415.771857,1,1,6,0.173446,6,6
Fair_Isle,Fair_Isle,,3,8,11,3,8,11,7,0.292264,0.307057,796.068096,1,1,6,0.208333,6,6
Inner_Hebrides,Inner_Hebrides,,5,6,11,5,6,11,7,0.278128,0.292169,164.127996,1,1,6,0.446429,6,6
Isles_of_Scilly,Isles_of_Scilly,,8,15,23,8,15,23,7,0.319187,0.340212,2843.657266,1,1,6,0.152381,6,6
Ordovician,Ordovician,,15,17,32,15,17,32,7,0.313437,0.332578,1090.688858,7,1,6,0.21558,6,6
FIFA,FIFA,,23,26,49,23,26,49,7,0.33919,0.365214,1824.536138,0,1,6,0.224739,5,5
Edward_IV_of_England,Edward_IV_of_England,,16,17,33,16,17,33,7,0.296931,0.315689,762.362402,1,1,6,0.226449,12,12
Edward_VIII_of_the_United_Kingdom,Edward_VIII_of_the_United_Kingdom,,15,40,55,15,40,55,7,0.332023,0.358021,1978.82434,1,1,6,0.162319,12,12
Edward_V_of_England,Edward_V_of_England,,9,10,19,9,10,19,7,0.290651,0.307594,100.810448,1,1,6,0.395604,7,7
George_II_of_Great_Britain,George_II_of_Great_Britain,,13,24,37,13,24,37,7,0.32055,0.343875,652.942107,1,1,6,0.180871,12,12
Henry_IV_of_England,Henry_IV_of_England,,19,17,36,19,17,36,7,0.29602,0.314832,719.019411,1,1,6,0.156989,12,12
Henry_I_of_England,Henry_I_of_England,,19,16,35,19,16,35,7,0.296822,0.316371,2834.316011,1,1,6,0.199275,12,12
Henry_VI_of_England,Henry_VI_of_England,,13,19,32,13,19,32,7,0.296497,0.315627,683.995078,1,1,6,0.226449,12,12
Malcolm_III_of_Scotland,Malcolm_III_of_Scotland,,13,12,25,13,12,25,7,0.295675,0.313424,665.723765,1,1,6,0.194805,7,7
Malcolm_II_of_Scotland,Malcolm_II_of_Scotland,,6,13,19,6,13,19,7,0.294216,0.311866,146.654147,1,1,6,0.213235,7,7
Order_of_the_Thistle,Order_of_the_Thistle,,10,24,34,10,24,34,7,0.31831,0.340183,1136.533979,1,1,6,0.227586,7,7
Sandringham_House,Sandringham_House,,6,5,11,6,5,11,7,0.274067,0.287884,1.403213,1,1,6,0.732143,4,4
Stephen_of_England,Stephen_of_England,,9,13,22,9,13,22,7,0.298968,0.317526,3218.784471,1,1,6,0.225,7,7
William_II_of_England,William_II_of_England,,10,14,24,10,14,24,7,0.302605,0.322195,1175.303914,1,1,6,0.230994,12,12
Windsor_Castle,Windsor_Castle,,29,37,66,29,37,66,7,0.321695,0.345951,7619.187302,1,1,6,0.156109,6,6
Britney_Spears,Britney_Spears,,8,27,35,8,27,35,7,0.331317,0.3548,628.822687,11,1,6,0.166667,12,12
Dead_Sea,Dead_Sea,,19,48,67,19,48,67,7,0.344611,0.371202,10053.645972,2,1,6,0.091525,6,6
Revolution,Revolution,,21,34,55,21,34,55,7,0.3205,0.344954,3508.920738,3,1,6,0.088897,2,2
Brown_trout,Brown_trout,,6,19,25,6,19,25,7,0.314581,0.335203,451.688669,7,1,6,0.136667,14,14
Bruce_Lee,Bruce_Lee,,1,21,22,1,21,22,7,0.327359,0.349193,56.744507,10,1,96,0.179654,12,12
Fencing,Fencing,,7,17,24,7,17,24,7,0.321185,0.342995,267.024492,4,1,6,0.189723,5,5
Brush,Brush,,4,11,15,4,11,15,7,0.294365,0.310425,629.861722,9,1,6,0.065934,0,0
RER,RER,,2,2,4,2,2,4,7,0.274736,0.287971,1.525715,4,1,6,0,4,4
TGV,TGV,,11,38,49,11,38,49,6,0.338341,0.363875,23689.001595,4,1,6,0.159468,4,4
Brute_force_attack,Brute_force_attack,,4,4,8,4,4,8,7,0.29413,0.310799,232.685746,3,1,6,0.214286,8,8
Bryce_Canyon_National_Park,Bryce_Canyon_National_Park,,2,45,47,2,45,47,7,0.341937,0.366833,703.323378,7,1,6,0.084058,6,6
Mormon,Mormon,,14,8,22,14,8,22,7,0.288911,0.305969,397.787489,11,1,6,0.101732,13,13
Nuthatch,Nuthatch,,2,7,9,2,7,9,7,0.275876,0.288947,32.270837,7,1,6,0.333333,14,14
Zion_National_Park,Zion_National_Park,,3,44,47,3,44,47,7,0.337131,0.36212,711.272838,7,1,6,0.081643,6,6
Btrieve,Btrieve,,0,4,4,0,4,4,8,0.237718,0.247118,0,5,1,97,0.833333,8,8
Henri_Matisse,Henri_Matisse,,6,11,17,6,11,17,7,0.298483,0.315058,174.806092,4,1,6,0.261905,12,12
Paul_C%C3%A9zanne,Paul_C%C3%A9zanne,,12,10,22,12,10,22,7,0.303807,0.321762,626.31268,4,1,6,0.184211,12,12
Water_polo,Water_polo,,4,11,15,4,11,15,7,0.290839,0.307157,60.383258,10,1,6,0.192308,5,5
Buckminster_Fuller,Buckminster_Fuller,,3,11,14,3,11,14,7,0.32144,0.340866,234.759653,3,1,6,0.141026,12,12
Flat_Earth,Flat_Earth,,2,33,35,2,33,35,7,0.32954,0.354428,3131.738246,3,1,6,0.118538,13,13
Casablanca_%28film%29,Casablanca_%28film%29,,2,36,38,2,36,38,7,0.343007,0.368947,392.715195,13,1,6,0.19559,5,5
Intel_Corporation,Intel_Corporation,,2,16,18,2,16,18,7,0.313002,0.33383,2066.466857,5,1,6,0.150327,1,1
Rubik%27s_Cube,Rubik%27s_Cube,,3,16,19,3,16,19,7,0.316348,0.336771,340.804442,13,1,6,0.088235,5,5
Indo-Greek_Kingdom,Indo-Greek_Kingdom,,8,30,38,8,30,38,7,0.315707,0.337836,14822.426984,10,1,6,0.136975,7,7
Tao_Te_Ching,Tao_Te_Ching,,6,8,14,6,8,14,8,0.272519,0.286756,268.438364,10,1,6,0.189394,13,13
Tripitaka,Tripitaka,,4,7,11,4,7,11,8,0.263366,0.277311,2491.20703,10,1,6,0.446429,13,13
Vinaya,Vinaya,,4,17,21,4,17,21,7,0.295094,0.312769,2124.16759,10,1,6,0.352941,13,13
Greco-Buddhism,Greco-Buddhism,,4,35,39,4,35,39,7,0.320398,0.344428,630.791404,10,1,6,0.182432,13,13
Buffy_the_Vampire_Slayer,Buffy_the_Vampire_Slayer,,6,13,19,6,13,19,7,0.31077,0.329447,5308.262918,11,1,6,0.110294,5,5
Popular_culture_studies,Popular_culture_studies,,1,8,9,1,8,9,7,0.283397,0.29745,33.471047,11,1,6,0.125,2,2
Seinfeld,Seinfeld,,11,6,17,11,6,17,7,0.301884,0.31934,820.614694,11,1,6,0.120833,5,5
Bushpig,Bushpig,,0,6,6,0,6,6,7,0.286309,0.302282,0,7,1,98,0.466667,14,14
Constantine_I,Constantine_I,,11,31,42,11,31,42,7,0.31556,0.339132,1342.037208,4,1,6,0.207207,12,12
Manuel_I_Komnenos,Manuel_I_Komnenos,,3,28,31,3,28,31,7,0.320804,0.345248,283.520958,2,1,6,0.252463,12,12
Sun_Tzu,Sun_Tzu,,4,7,11,4,7,11,7,0.283081,0.298331,127.89885,10,1,6,0.081818,7,7
Hilda_of_Whitby,Hilda_of_Whitby,,2,16,18,2,16,18,7,0.303193,0.322033,199.557371,1,1,6,0.175,12,12
C._S._Lewis,C._S._Lewis,,9,40,49,9,40,49,7,0.327675,0.352496,10853.483901,1,1,6,0.070707,12,12
The_Pilgrim%27s_Progress,The_Pilgrim%27s_Progress,,3,15,18,3,15,18,7,0.307005,0.326333,4667.887806,3,1,6,0.154412,9,9
CPU_cache,CPU_cache,,2,2,4,2,2,4,8,0.234065,0.242669,0,5,1,6,1,8,8
Cochineal,Cochineal,,3,34,37,3,34,37,7,0.329781,0.353781,746.392705,7,1,6,0.130159,14,14
Cadmium,Cadmium,,19,39,58,19,39,58,7,0.333388,0.35873,3927.482097,9,1,6,0.214555,14,14
Indium,Indium,,9,33,42,9,33,42,7,0.313607,0.336444,361.805497,9,1,6,0.266667,14,14
Caesar_cipher,Caesar_cipher,,2,9,11,2,9,11,7,0.283556,0.298672,4608.419786,3,1,6,0.166667,8,8
ROT13,ROT13,,1,15,16,1,15,16,7,0.309726,0.329844,147.534522,3,1,6,0.147619,8,8
Caesium_fluoride,Caesium_fluoride,,1,6,7,1,6,7,8,0.261094,0.274564,4.31518,9,1,6,0.428571,14,14
Calcium_chloride,Calcium_chloride,,8,14,22,8,14,22,7,0.291592,0.308509,376.6714,9,1,6,0.19883,14,14
Thomas_Pynchon,Thomas_Pynchon,,7,45,52,7,45,52,7,0.330211,0.355674,2422.802289,3,1,6,0.068706,12,12
Scandium,Scandium,,7,39,46,7,39,46,7,0.330077,0.354252,399.865781,9,1,6,0.283333,14,14
Zirconium,Zirconium,,15,42,57,15,42,57,7,0.335958,0.362073,1439.144937,9,1,6,0.232941,14,14
Physical_science,Physical_science,,5,67,72,5,67,72,6,0.346348,0.374864,3859.400118,9,1,6,0.118841,14,14
Polar_coordinate_system,Polar_coordinate_system,,1,13,14,1,13,14,7,0.293364,0.310676,30.624723,3,1,6,0.24359,10,10
Canadian_House_of_Commons,Canadian_House_of_Commons,,16,10,26,16,10,26,7,0.296172,0.313634,663.095794,11,1,6,0.222944,2,2
Colorado_River,Colorado_River,,11,14,25,11,14,25,7,0.313947,0.332972,5520.795389,11,1,6,0.149351,6,6
Lake_Tahoe,Lake_Tahoe,,4,8,12,4,8,12,7,0.303852,0.320767,180.665507,11,1,6,0.144444,6,6
List_of_U.S._states_by_date_of_statehood,List_of_U.S._states_by_date_of_statehood,,8,10,18,8,10,18,7,0.299985,0.317384,148.103403,11,1,6,0.445455,6,6
Minimum_wage,Minimum_wage,,13,24,37,13,24,37,7,0.331372,0.355413,1789.976535,13,1,6,0.163102,1,1
Redwood_National_and_State_Parks,Redwood_National_and_State_Parks,,5,18,23,5,18,23,7,0.321542,0.342878,1131.587046,11,1,6,0.245614,6,6
Sequoia,Sequoia,,5,20,25,5,20,25,7,0.313244,0.332984,4376.99753,7,1,6,0.149351,14,14
California_Southern_Railroad,California_Southern_Railroad,,1,14,15,1,14,15,6,0.313656,0.33291,41.115895,11,1,6,0.291209,4,4
Cape_Horn,Cape_Horn,,10,24,34,10,24,34,7,0.332268,0.355688,1208.163742,0,1,6,0.192473,6,6
Ununoctium,Ununoctium,,7,14,21,7,14,21,7,0.291445,0.308774,45.04542,9,1,6,0.393382,14,14
Caloris_Basin,Caloris_Basin,,1,11,12,1,11,12,7,0.290235,0.30696,0.916488,9,1,6,0.409091,14,14
Krazy_Kat,Krazy_Kat,,4,16,20,4,16,20,7,0.308406,0.327392,497.251622,11,1,6,0.132353,5,5
Isan,Isan,,3,44,47,3,44,47,6,0.343997,0.370223,825.575442,4,1,6,0.081818,6,6
Mekong,Mekong,,13,23,36,13,23,36,7,0.324113,0.347305,1006.497864,10,1,6,0.274631,6,6
Stephen_Jay_Gould,Stephen_Jay_Gould,,15,26,41,15,26,41,7,0.331074,0.35279,4943.182874,3,1,6,0.104202,12,12
Ipswich,Ipswich,,8,25,33,8,25,33,7,0.319867,0.341758,825.457325,1,1,6,0.11828,6,6
Sinclair_Research_Ltd,Sinclair_Research_Ltd,,4,18,22,4,18,22,6,0.32116,0.342176,565.280212,5,1,6,0.131579,1,1
Niagara_Falls,Niagara_Falls,,10,21,31,10,21,31,7,0.316694,0.336532,1820.494328,11,1,6,0.130952,6,6
Parliament_of_Canada,Parliament_of_Canada,,13,16,29,13,16,29,7,0.316077,0.336816,933.251819,11,1,6,0.172101,2,2
Hawaiian_Goose,Hawaiian_Goose,,1,10,11,1,10,11,8,0.274885,0.288893,29.07289,7,1,6,0.4,14,14
Voting,Voting,,13,9,22,13,9,22,7,0.299564,0.317163,383.601127,3,1,6,0.139474,2,2
Westminster_System,Westminster_System,,10,30,40,10,30,40,7,0.326383,0.350627,3100.755614,3,1,6,0.155462,2,2
The_Canadian,The_Canadian,,2,9,11,2,9,11,6,0.307541,0.325859,32.513496,11,1,6,0.288889,4,4
Ebony,Ebony,,8,19,27,8,19,27,7,0.310461,0.330467,1773.330068,11,1,6,0.081028,14,14
Saint_Lawrence_Seaway,Saint_Lawrence_Seaway,,8,8,16,8,8,16,7,0.294944,0.312795,647.832804,11,1,6,0.179487,6,6
Lake_Burley_Griffin,Lake_Burley_Griffin,,3,10,13,3,10,13,7,0.296367,0.311837,248.610704,7,1,6,0.136364,6,6
Yarralumla%2C_Australian_Capital_Territory,Yarralumla%2C_Australian_Capital_Territory,,1,40,41,1,40,41,6,0.343734,0.370942,34.317564,10,1,6,0.253205,6,6
Hepatocellular_carcinoma,Hepatocellular_carcinoma,,1,6,7,1,6,7,7,0.286907,0.301993,25.641791,10,1,6,0.233333,14,14
Cane_Toad,Cane_Toad,,1,26,27,1,26,27,7,0.311966,0.331735,91.389052,7,1,6,0.105413,14,14
Canola,Canola,,5,7,12,5,7,12,7,0.304606,0.322707,182.247752,6,1,6,0.212121,5,5
Dover,Dover,,12,23,35,12,23,35,7,0.323105,0.346812,872.25822,1,1,6,0.133523,6,6
M25_motorway,M25_motorway,,6,17,23,6,17,23,7,0.318285,0.339714,1826.326605,1,1,6,0.197368,4,4
Margate,Margate,,4,12,16,4,12,16,7,0.307331,0.326921,176.858385,1,1,6,0.141667,6,6
Ramsgate,Ramsgate,,7,30,37,7,30,37,7,0.333416,0.359547,1147.133387,1,1,6,0.157143,6,6
Jomsvikings,Jomsvikings,,1,6,7,1,6,7,8,0.287967,0.304004,15.266777,1,1,6,0.428571,7,7
Coulomb%27s_law,Coulomb%27s_law,,12,11,23,12,11,23,7,0.273365,0.287841,294.182014,9,1,6,0.433333,14,14
Electric_field,Electric_field,,28,15,43,28,15,43,8,0.2707,0.285513,987.911762,9,1,6,0.222782,14,14
Gauss%27s_law,Gauss%27s_law,,9,14,23,9,14,23,7,0.274531,0.289475,312.560462,9,1,6,0.466667,14,14
Inductance,Inductance,,10,1,11,10,1,11,8,0.219932,0.227083,0.970048,9,1,6,0.833333,14,14
Maxwell%27s_equations,Maxwell%27s_equations,,20,18,38,20,18,38,7,0.281919,0.298037,4991.103901,9,1,6,0.331667,14,14
Cape_Porcupine,Cape_Porcupine,,0,7,7,0,7,7,7,0.287527,0.303816,0,7,1,99,0.380952,14,14
Valpara%C3%ADso,Valpara%C3%ADso,,7,9,16,7,9,16,7,0.299453,0.31699,276.575837,0,1,6,0.230769,6,6
Das_Kapital,Das_Kapital,,5,9,14,5,9,14,7,0.294259,0.310882,87.772068,3,1,6,0.212121,1,1
Leon_Trotsky,Leon_Trotsky,,17,45,62,17,45,62,6,0.339162,0.366128,2209.608022,13,1,6,0.214885,12,12
Capitoline_Triad,Capitoline_Triad,,1,6,7,1,6,7,8,0.269315,0.283411,8.535227,4,1,6,0.433333,13,13
Captain_Marvel_%28DC_Comics%29,Captain_Marvel_%28DC_Comics%29,,0,20,20,0,20,20,7,0.319316,0.340068,0,3,1,100,0.063158,5,5
M%2AA%2AS%2AH_%28TV_series%29,M%2AA%2AS%2AH_%28TV_series%29,,2,11,13,2,11,13,7,0.308829,0.327714,98.379287,11,1,6,0.159091,5,5
Worm,Worm,,5,5,10,5,5,10,8,0.26547,0.279044,106.630159,7,1,6,0.144444,14,14
Caracas,Caracas,,12,23,35,12,23,35,7,0.317961,0.34088,454.166356,0,1,6,0.184946,6,6
Caratacus,Caratacus,,1,7,8,1,7,8,8,0.285332,0.300535,3.849186,1,1,6,0.196429,12,12
The_Last_Supper_%28Leonardo%29,The_Last_Supper_%28Leonardo%29,,4,22,26,4,22,26,7,0.317264,0.339244,613.739036,4,1,6,0.143116,0,0
Utrecht_%28city%29,Utrecht_%28city%29,,9,20,29,9,20,29,7,0.311319,0.332234,317.299415,4,1,6,0.176638,6,6
Greenhouse_effect,Greenhouse_effect,,22,12,34,22,12,34,7,0.285172,0.301124,2924.4145,9,1,6,0.190887,6,6
Mauna_Loa,Mauna_Loa,,5,9,14,5,9,14,7,0.286097,0.301342,192.208989,9,1,6,0.277778,6,6
Pelycosaur,Pelycosaur,,6,11,17,6,11,17,7,0.300185,0.31793,196.966056,7,1,6,0.307692,14,14
Carcinus_maenas,Carcinus_maenas,,1,39,40,1,39,40,6,0.341965,0.368632,124.311007,7,1,6,0.167341,14,14
Magic__The_Gathering,Magic__The_Gathering,,6,14,20,6,14,20,7,0.3089,0.329281,753.569576,1,1,6,0.184211,5,5
Pok%C3%A9mon_Trading_Card_Game,Pok%C3%A9mon_Trading_Card_Game,,3,9,12,3,9,12,7,0.298769,0.316038,273.890024,1,1,6,0.1,5,5
Leeds,Leeds,,22,31,53,22,31,53,7,0.330993,0.356375,4234.790741,1,1,6,0.132092,6,6
Philately,Philately,,4,7,11,4,7,11,7,0.310342,0.328828,180.335303,1,1,6,0.1,5,5
Carl_G._Fisher,Carl_G._Fisher,,0,14,14,0,14,14,7,0.309992,0.328751,0,11,1,101,0.197802,12,12
Myers-Briggs_Type_Indicator,Myers-Briggs_Type_Indicator,,1,5,6,1,5,6,7,0.283913,0.29794,17.771764,3,1,6,0.05,14,14
Carl_Lewis,Carl_Lewis,,3,18,21,3,18,21,7,0.320044,0.342253,148.888483,13,1,6,0.181287,12,12
Jesse_Owens,Jesse_Owens,,3,15,18,3,15,18,7,0.302109,0.320874,512.188233,13,1,6,0.125,12,12
Daniel_Ellsberg,Daniel_Ellsberg,,1,14,15,1,14,15,7,0.301435,0.320117,15.93628,11,1,6,0.166667,12,12
Carlsbad_Caverns_National_Park,Carlsbad_Caverns_National_Park,,1,14,15,1,14,15,7,0.312279,0.331118,36.998983,9,1,6,0.114286,6,6
Gray_Wolf,Gray_Wolf,,5,29,34,5,29,34,7,0.319489,0.342132,786.732268,7,1,6,0.114919,14,14
Caroline_Island,Caroline_Island,,2,24,26,2,24,26,7,0.327199,0.348825,219.206239,7,1,6,0.143116,6,6
Kiribati,Kiribati,,20,24,44,20,24,44,7,0.328605,0.351684,6346.995772,8,1,6,0.199147,6,6
Niue,Niue,,17,15,32,17,15,32,7,0.312833,0.331665,241.126286,8,1,6,0.205026,6,6
Sea_level_rise,Sea_level_rise,,12,24,36,12,24,36,7,0.320753,0.341766,1325.53992,9,1,6,0.085057,2,2
Carolingian_Gospel_Book_%28British_Library%2C_MS_Add._11848%29,Carolingian_Gospel_Book_%28British_Library%2C_MS_Add._11848%29,,0,5,5,0,5,5,7,0.287915,0.303713,0,4,1,102,0.55,7,7
Parsnip,Parsnip,,3,12,15,3,12,15,7,0.309749,0.328277,204.312403,6,1,6,0.198718,14,14
Casimir_effect,Casimir_effect,,2,12,14,2,12,14,7,0.293555,0.310434,103.938568,9,1,6,0.301282,14,14
Renormalization,Renormalization,,7,16,23,7,16,23,7,0.304423,0.322999,591.970505,9,1,6,0.295322,14,14
Enceladus_%28moon%29,Enceladus_%28moon%29,,9,19,28,9,19,28,7,0.316892,0.33777,654.131708,9,1,6,0.181538,14,14
Great_Red_Spot,Great_Red_Spot,,7,7,14,7,7,14,7,0.286017,0.300475,48.268449,9,1,6,0.395604,14,14
Cassowary,Cassowary,,3,12,15,3,12,15,7,0.301727,0.31971,218.061616,7,1,6,0.262821,14,14
Wild_cat,Wild_cat,,3,27,30,3,27,30,7,0.332268,0.356829,1045.878044,7,1,6,0.21164,14,14
Cat%27s_Eye_Nebula,Cat%27s_Eye_Nebula,,1,13,14,1,13,14,7,0.29155,0.307432,0.714352,9,1,6,0.378205,14,14
Cat_Stevens,Cat_Stevens,,1,29,30,1,29,30,7,0.340129,0.365847,164.806168,2,1,6,0.173563,12,12
Cataract,Cataract,,7,8,15,7,8,15,8,0.280787,0.294548,910.715887,7,1,6,0.076923,14,14
Cataract_surgery,Cataract_surgery,,0,10,10,0,10,10,7,0.292421,0.309175,0,7,1,103,0.133333,14,14
Catherine_Cranston,Catherine_Cranston,,0,8,8,0,8,8,7,0.297418,0.314144,0,1,1,104,0.464286,7,7
Catholic_social_teaching,Catholic_social_teaching,,3,18,21,3,18,21,7,0.310413,0.331328,258.919256,13,1,6,0.210526,13,13
Human_dignity,Human_dignity,,3,1,4,3,1,4,8,0.242377,0.251659,3.831735,13,1,6,0.166667,2,2
Mammoth_Cave_National_Park,Mammoth_Cave_National_Park,,2,23,25,2,23,25,7,0.327173,0.349594,242.252642,9,1,6,0.117754,6,6
Stingray,Stingray,,5,18,23,5,18,23,7,0.32484,0.346181,5322.709964,7,1,6,0.114286,14,14
Celeriac,Celeriac,,1,5,6,1,5,6,8,0.263778,0.276895,0.638132,6,1,6,0.5,14,14
Celine_Dion,Celine_Dion,,5,29,34,5,29,34,6,0.328952,0.352767,2100.549276,11,1,6,0.177083,12,12
Louis_Armstrong,Louis_Armstrong,,9,29,38,9,29,38,7,0.33902,0.364276,1427.597427,11,1,6,0.152941,12,12
Order_of_Canada,Order_of_Canada,,6,19,25,6,19,25,7,0.323311,0.344788,369.700776,11,1,6,0.150198,7,7
Francis_Crick,Francis_Crick,,11,31,42,11,31,42,7,0.329674,0.352241,8216.309313,7,1,6,0.157754,12,12
James_D._Watson,James_D._Watson,,7,16,23,7,16,23,7,0.305156,0.323204,829.592269,7,1,6,0.212418,12,12
Cello,Cello,,11,23,34,11,23,34,7,0.303807,0.322577,1128.632924,11,1,6,0.11954,11,11
Celtic_F.C.,Celtic_F.C.,,8,15,23,8,15,23,7,0.299941,0.317354,4786.31569,1,1,6,0.212418,5,5
Celtic_Park,Celtic_Park,,2,6,8,2,6,8,7,0.284731,0.300199,10.855777,1,1,6,0.5,5,5
Dundee_United_F.C.,Dundee_United_F.C.,,2,13,15,2,13,15,7,0.308947,0.328203,64.716968,1,1,6,0.378205,5,5
Scottish_mythology,Scottish_mythology,,3,7,10,3,7,10,7,0.277386,0.291974,95.951148,1,1,6,0.267857,13,13
Quantum_computer,Quantum_computer,,6,13,19,6,13,19,7,0.293364,0.309864,1002.179625,3,1,6,0.192308,8,8
Ceratopsidae,Ceratopsidae,,6,12,18,6,12,18,8,0.284991,0.300419,6523.896807,7,1,6,0.435897,14,14
Monoclonius,Monoclonius,,1,17,18,1,17,18,8,0.300831,0.319034,87.641813,7,1,6,0.264706,14,14
Styracosaurus,Styracosaurus,,3,11,14,3,11,14,8,0.286907,0.301848,31.603859,7,1,6,0.365385,14,14
Health,Health,,18,13,31,18,13,31,7,0.295869,0.312366,7489.768476,6,1,6,0.04416,14,14
Gas_tungsten_arc_welding,Gas_tungsten_arc_welding,,7,28,35,7,28,35,7,0.297891,0.317433,617.755315,9,1,6,0.232804,4,4
Neodymium,Neodymium,,10,25,35,10,25,35,7,0.305824,0.326111,722.608336,9,1,6,0.237892,14,14
Praseodymium,Praseodymium,,6,24,30,6,24,30,7,0.298637,0.318522,72.909142,9,1,6,0.27,14,14
Yttrium,Yttrium,,18,40,58,18,40,58,7,0.301929,0.323396,1385.447278,9,1,6,0.289084,14,14
Senufo_languages,Senufo_languages,,10,4,14,10,4,14,7,0.265002,0.276736,0,8,1,6,0.774725,9,9
Gal%C3%A1pagos_Islands,Gal%C3%A1pagos_Islands,,10,42,52,10,42,52,7,0.345904,0.371483,9600.062349,7,1,6,0.103865,3,3
Poor_Law,Poor_Law,,7,8,15,7,8,15,7,0.305317,0.323237,176.721281,1,1,6,0.208791,7,7
David_Copperfield_%28novel%29,David_Copperfield_%28novel%29,,4,12,16,4,12,16,7,0.303534,0.321934,171.86019,3,1,6,0.190476,9,9
Oliver_Twist,Oliver_Twist,,3,27,30,3,27,30,7,0.332322,0.355121,1068.005273,3,1,6,0.102217,9,9
Shoe_polish,Shoe_polish,,1,24,25,1,24,25,6,0.338878,0.362687,141.593446,12,1,6,0.211667,5,5
Maya_mythology,Maya_mythology,,4,18,22,4,18,22,7,0.317637,0.338368,394.465225,2,1,6,0.147619,13,13
Newmarket,Newmarket,,2,15,17,2,15,17,7,0.319792,0.341338,475.570067,1,1,6,0.216667,6,6
Charlotte%27s_Web,Charlotte%27s_Web,,1,6,7,1,6,7,7,0.298549,0.315383,60.303639,11,1,6,0.119048,9,9
Nintendo_DS,Nintendo_DS,,10,11,21,10,11,21,7,0.301233,0.318881,436.42863,10,1,6,0.212418,5,5
Chartism,Chartism,,1,18,19,1,18,19,7,0.315978,0.337309,69.486513,1,1,6,0.215686,7,7
Che_Guevara,Che_Guevara,,10,58,68,10,58,68,7,0.335846,0.364598,1682.944917,0,1,6,0.109871,12,12
Malcolm_X,Malcolm_X,,7,38,45,7,38,45,6,0.331941,0.357844,921.700806,11,1,6,0.159468,12,12
Kansas_City%2C_Missouri,Kansas_City%2C_Missouri,,21,43,64,21,43,64,7,0.33919,0.366681,5885.116816,11,1,6,0.10973,6,6
Speaker_of_the_United_States_House_of_Representatives,Speaker_of_the_United_States_House_of_Representatives,,11,11,22,11,11,22,7,0.285714,0.302909,149.997114,11,1,6,0.24269,2,2
Kitsch,Kitsch,,3,27,30,3,27,30,7,0.335069,0.36042,396.947394,3,1,6,0.147126,0,0
Space_exploration,Space_exploration,,12,34,46,12,34,46,7,0.326462,0.350442,13213.73741,13,1,6,0.159468,14,14
Tooth_enamel,Tooth_enamel,,3,11,14,3,11,14,8,0.290484,0.306118,302.397477,6,1,6,0.115385,14,14
Lutetium,Lutetium,,8,27,35,8,27,35,7,0.307587,0.327575,268.463179,9,1,6,0.284483,14,14
Niobium,Niobium,,13,44,57,13,44,57,7,0.330696,0.35561,983.447736,9,1,6,0.276596,14,14
Computational_chemistry,Computational_chemistry,,4,10,14,4,10,14,7,0.274141,0.289004,146.401145,9,1,6,0.266667,14,14
Quantum_chemistry,Quantum_chemistry,,7,10,17,7,10,17,7,0.282844,0.298359,324.309367,9,1,6,0.401515,14,14
Chepstow_Bridge,Chepstow_Bridge,,0,3,3,0,3,3,7,0.266864,0.278921,0,1,1,105,0.5,4,4
Chernobyl_disaster,Chernobyl_disaster,,5,50,55,5,50,55,6,0.354309,0.380813,2104.222242,9,1,6,0.133473,7,7
Eleocharis_dulcis,Eleocharis_dulcis,,1,9,10,1,9,10,8,0.294793,0.311469,47.650498,10,1,6,0.144444,14,14
Chew_Magna,Chew_Magna,,4,22,26,4,22,26,7,0.324892,0.347766,20847.54314,1,1,6,0.146245,6,6
Chew_Stoke,Chew_Stoke,,3,24,27,3,24,27,7,0.327015,0.350893,78.051643,1,1,6,0.153986,6,6
Chew_Valley,Chew_Valley,,3,41,44,3,41,44,7,0.335846,0.360106,6879.6111,1,1,6,0.069512,6,6
Chew_Valley_Lake,Chew_Valley_Lake,,5,33,38,5,33,38,7,0.325387,0.348401,11539.244296,1,1,6,0.073975,6,6
Mistle_Thrush,Mistle_Thrush,,1,12,13,1,12,13,8,0.289903,0.306171,51.085504,7,1,6,0.307692,14,14
Wren,Wren,,2,5,7,2,5,7,8,0.268264,0.281147,19.52191,7,1,6,0.309524,14,14
Pochard,Pochard,,1,19,20,1,19,20,7,0.319338,0.340701,4633.031467,7,1,6,0.228947,14,14
Reed_Warbler,Reed_Warbler,,2,10,12,2,10,12,7,0.307238,0.326737,42.430477,7,1,6,0.242424,14,14
Chicago_Bears,Chicago_Bears,,3,7,10,3,7,10,7,0.294152,0.310657,361.564752,11,1,6,0.267857,5,5
Dakota%2C_Minnesota_and_Eastern_Railroad,Dakota%2C_Minnesota_and_Eastern_Railroad,,1,13,14,1,13,14,7,0.310413,0.32941,64.737208,11,1,6,0.217949,4,4
Common_cold,Common_cold,,8,27,35,8,27,35,7,0.339105,0.362731,1500.005702,6,1,6,0.091734,14,14
Child,Child,,6,11,17,6,11,17,8,0.290547,0.306988,822.509123,3,1,6,0.061905,14,14
Convention_on_the_Rights_of_the_Child,Convention_on_the_Rights_of_the_Child,,4,7,11,4,7,11,7,0.302876,0.321883,416.643383,11,1,6,0.305556,2,2
Chiltern_Hills,Chiltern_Hills,,1,5,6,1,5,6,8,0.282491,0.297422,43.433212,1,1,106,0.2,6,6
Dunstable_Downs,Dunstable_Downs,,1,4,5,1,4,5,8,0.282687,0.298456,27.519755,1,1,106,0.416667,6,6
Sun_Yat-sen,Sun_Yat-sen,,9,38,47,9,38,47,6,0.340072,0.365803,1650.602585,10,1,6,0.200846,12,12
Chinese_Rites_controversy,Chinese_Rites_controversy,,0,11,11,0,11,11,7,0.298249,0.315435,0,10,1,107,0.245455,13,13
Chinyingi,Chinyingi,,1,5,6,1,5,6,8,0.284332,0.29923,2.199647,8,1,6,0.35,6,6
J._S._Fry_%26_Sons,J._S._Fry_%26_Sons,,1,4,5,1,4,5,7,0.283477,0.297194,29.610817,0,1,6,0.25,1,1
The_Count_of_Monte_Cristo,The_Count_of_Monte_Cristo,,2,20,22,2,20,22,7,0.313704,0.334423,147.970803,4,1,6,0.161905,9,9
Chris_Evert,Chris_Evert,,6,15,21,6,15,21,7,0.31199,0.331227,6478.001104,12,1,6,0.309524,12,12
Fed_Cup,Fed_Cup,,3,39,42,3,39,42,6,0.337075,0.364019,270.495744,12,1,6,0.22439,5,5
Martina_Navratilova,Martina_Navratilova,,4,14,18,4,14,18,7,0.30472,0.323821,267.925182,12,1,6,0.302198,12,12
WTA_Tour_Championships,WTA_Tour_Championships,,1,11,12,1,11,12,7,0.310842,0.330296,26.434143,12,1,6,0.354545,5,5
Firearm,Firearm,,14,15,29,14,15,29,7,0.318911,0.339492,1175.891579,9,1,6,0.091168,7,7
Jake_Gyllenhaal,Jake_Gyllenhaal,,3,21,24,3,21,24,7,0.326225,0.348329,5041.919735,11,1,6,0.092885,12,12
Pac-Man,Pac-Man,,6,23,29,6,23,29,7,0.316151,0.336722,6522.199456,5,1,6,0.071429,5,5
Treasure_Island,Treasure_Island,,4,17,21,4,17,21,7,0.313123,0.332637,560.920494,3,1,6,0.084211,9,9
Oswald_of_Northumbria,Oswald_of_Northumbria,,4,14,18,4,14,18,7,0.287253,0.303542,224.242783,1,1,6,0.195238,7,7
Cultural_identity,Cultural_identity,,7,5,12,7,5,12,8,0.273328,0.286263,193.307828,3,1,6,0.218182,2,2
Sonic_the_Hedgehog_%28character%29,Sonic_the_Hedgehog_%28character%29,,2,25,27,2,25,27,7,0.328073,0.348919,2621.302065,10,1,6,0.091667,5,5
Strait_of_Malacca,Strait_of_Malacca,,4,20,24,4,20,24,7,0.31351,0.335529,101.232822,10,1,6,0.257143,6,6
Chromatic_aberration,Chromatic_aberration,,3,4,7,3,4,7,8,0.263076,0.275331,66.364307,9,1,6,0.266667,14,14
Cicely,Cicely,,0,9,9,0,9,9,7,0.300081,0.31756,0,6,1,108,0.319444,14,14
Poetry_of_the_United_States,Poetry_of_the_United_States,,7,33,40,7,33,40,7,0.333388,0.35894,16576.716407,3,1,6,0.165546,9,9
The_Godfather,The_Godfather,,7,22,29,7,22,29,7,0.326567,0.349569,3090.456106,11,1,6,0.22,5,5
The_Shawshank_Redemption,The_Shawshank_Redemption,,2,7,9,2,7,9,7,0.284332,0.298681,106.545488,11,1,6,0.097222,5,5
Community,Community,,11,35,46,11,35,46,6,0.337833,0.36272,7205.028376,3,1,6,0.108879,2,2
Juice,Juice,,8,11,19,8,11,19,7,0.31163,0.331067,889.469357,6,1,6,0.124183,5,5
Kaffir_lime,Kaffir_lime,,1,11,12,1,11,12,8,0.296215,0.313439,19.830043,7,1,6,0.181818,14,14
Patna,Patna,,4,23,27,4,23,27,7,0.319691,0.340907,501.328801,10,1,6,0.121538,6,6
Derby,Derby,,10,31,41,10,31,41,7,0.332023,0.356753,2126.300417,1,1,6,0.142959,6,6
Salford,Salford,,5,11,16,5,11,16,7,0.310961,0.331921,124.440675,1,1,6,0.236264,6,6
Civil_War_token,Civil_War_token,,0,8,8,0,8,8,7,0.303268,0.320942,0,9,1,109,0.25,7,7
Social_capital,Social_capital,,4,9,13,4,9,13,7,0.285875,0.300787,107.495658,3,1,6,0.1,2,2
Henry_Moore,Henry_Moore,,5,21,26,5,21,26,7,0.315732,0.336602,995.51496,1,1,6,0.116601,12,12
Jordan_River,Jordan_River,,12,20,32,12,20,32,7,0.312423,0.333328,1275.386213,2,1,6,0.225,6,6
Olmec,Olmec,,7,14,21,7,14,21,7,0.30299,0.321178,780.279056,0,1,6,0.163399,7,7
Oppression,Oppression,,5,3,8,5,3,8,8,0.258513,0.26976,39.42191,3,1,6,0.089286,2,2
Macintosh,Macintosh,,18,16,34,18,16,34,7,0.286158,0.302726,3621.243123,5,1,6,0.08867,8,8
John_Constable,John_Constable,,14,6,20,14,6,20,7,0.290985,0.306994,636.303267,4,1,6,0.176471,12,12
Laurence_Olivier,Laurence_Olivier,,15,16,31,15,16,31,7,0.306402,0.325362,8925.484305,1,1,6,0.088768,12,12
Cleopatra_VII_of_Egypt,Cleopatra_VII_of_Egypt,,0,19,19,0,19,19,7,0.303729,0.322903,0,4,1,110,0.225146,12,12
North_Atlantic_oscillation,North_Atlantic_oscillation,,1,13,14,1,13,14,7,0.304263,0.322543,29.836574,9,1,6,0.142857,6,6
Retreat_of_glaciers_since_1850,Retreat_of_glaciers_since_1850,,10,53,63,10,53,63,7,0.338228,0.366846,6545.70734,10,1,6,0.126599,6,6
Norwich,Norwich,,15,46,61,15,46,61,6,0.346822,0.375243,4126.466803,1,1,6,0.110902,6,6
Clone_Wars_%28Star_Wars%29,Clone_Wars_%28Star_Wars%29,,4,14,18,4,14,18,7,0.314166,0.333646,588.974537,13,1,6,0.159341,5,5
Darth_Vader,Darth_Vader,,6,14,20,6,14,20,7,0.297563,0.313806,761.669521,13,1,6,0.195238,5,5
Obi-Wan_Kenobi,Obi-Wan_Kenobi,,3,13,16,3,13,16,7,0.305616,0.323825,243.113824,13,1,6,0.115385,5,5
Coal_Tit,Coal_Tit,,0,15,15,0,15,15,7,0.308934,0.329297,0,7,1,111,0.228571,14,14
Cockatiel,Cockatiel,,2,8,10,2,8,10,7,0.293619,0.309297,47.082045,7,1,6,0.188889,14,14
Coconut_oil,Coconut_oil,,5,3,8,5,3,8,8,0.26962,0.281946,117.440277,6,1,6,0.166667,5,5
New_moon,New_moon,,4,5,9,4,5,9,7,0.292286,0.308586,137.050627,9,1,6,0.190476,14,14
Omega-3_fatty_acid,Omega-3_fatty_acid,,7,16,23,7,16,23,7,0.310866,0.330012,2112.295253,6,1,6,0.073684,14,14
Colditz_Castle,Colditz_Castle,,0,68,68,0,68,68,6,0.359574,0.389645,0,13,1,113,0.128622,7,7
Mauthausen-Gusen_concentration_camp,Mauthausen-Gusen_concentration_camp,,2,9,11,2,9,11,7,0.293428,0.310826,4.591679,13,1,6,0.427273,7,7
The_Importance_of_Being_Earnest,The_Importance_of_Being_Earnest,,1,4,5,1,4,5,7,0.291958,0.308698,0.245683,13,1,112,0.4,9,9
Colima_%28volcano%29,Colima_%28volcano%29,,2,4,6,2,4,6,7,0.285152,0.299496,8.018157,0,1,6,0.4,6,6
Collapse_of_the_World_Trade_Center,Collapse_of_the_World_Trade_Center,,1,4,5,1,4,5,7,0.278625,0.291664,10.926881,11,1,6,0.416667,7,7
Stage_%28theatre%29,Stage_%28theatre%29,,4,11,15,4,11,15,7,0.300497,0.31839,5550.187404,4,1,6,0.164835,9,9
The_Relapse,The_Relapse,,5,10,15,5,10,15,7,0.27442,0.288394,1923.323005,1,1,6,0.172727,9,9
Theatre_Royal%2C_Drury_Lane,Theatre_Royal%2C_Drury_Lane,,10,16,26,10,16,26,7,0.306008,0.324425,3948.107773,1,1,6,0.114286,9,9
Federated_States_of_Micronesia,Federated_States_of_Micronesia,,15,24,39,15,24,39,7,0.325361,0.349302,2842.878698,8,1,6,0.3125,6,6
Hoover_Dam,Hoover_Dam,,8,16,24,8,16,24,7,0.313244,0.332818,711.817214,11,1,6,0.146199,4,4
Lake_Mead,Lake_Mead,,8,4,12,8,4,12,7,0.291613,0.307802,135.146019,11,1,6,0.3,6,6
Lake_Powell,Lake_Powell,,4,6,10,4,6,10,7,0.279567,0.293184,269.67937,11,1,6,0.044444,6,6
Colossus_of_Rhodes,Colossus_of_Rhodes,,1,8,9,1,8,9,7,0.292286,0.309039,32.379941,3,1,6,0.152778,4,4
Missouri_River,Missouri_River,,15,22,37,15,22,37,7,0.326514,0.350107,2287.063617,11,1,6,0.189516,6,6
Doom,Doom,,5,19,24,5,19,24,7,0.311057,0.330037,10487.925037,5,1,6,0.139474,5,5
Deconstructivism,Deconstructivism,,2,11,13,2,11,13,7,0.292729,0.309969,228.12686,13,1,6,0.145455,4,4
Comet_Hale-Bopp,Comet_Hale-Bopp,,3,26,29,3,26,29,7,0.319918,0.341379,5216.78849,9,1,6,0.183077,14,14
Comet_Hyakutake,Comet_Hyakutake,,4,22,26,4,22,26,7,0.309065,0.329459,5342.479681,9,1,6,0.268775,14,14
Great_comet,Great_comet,,3,6,9,3,6,9,8,0.26622,0.278708,4600.005084,9,1,6,0.433333,14,14
Eilmer_of_Malmesbury,Eilmer_of_Malmesbury,,2,4,6,2,4,6,7,0.280069,0.294115,19.674903,3,1,6,0.166667,12,12
Mir,Mir,,11,17,28,11,17,28,7,0.319867,0.340068,1351.137035,11,1,6,0.141538,14,14
Space_Shuttle_Challenger_disaster,Space_Shuttle_Challenger_disaster,,12,12,24,12,12,24,7,0.293768,0.30958,1013.123319,11,1,6,0.091503,14,14
Comet_White-Ortiz-Bolelli,Comet_White-Ortiz-Bolelli,,0,10,10,0,10,10,7,0.305323,0.323538,0,9,1,114,0.277778,14,14
Comics,Comics,,6,25,31,6,25,31,7,0.330023,0.352769,2472.580365,3,1,6,0.095402,5,5
The_Beano,The_Beano,,4,7,11,4,7,11,7,0.298747,0.315079,101.912966,1,1,6,0.222222,5,5
The_Dandy,The_Dandy,,3,9,12,3,9,12,7,0.307121,0.326115,201.235044,1,1,6,0.155556,5,5
Comma_Johanneum,Comma_Johanneum,,1,18,19,1,18,19,7,0.312423,0.333464,94.295346,4,1,6,0.173203,13,13
Common_Basilisk,Common_Basilisk,,0,11,11,0,11,11,8,0.286633,0.302233,0,7,1,115,0.409091,14,14
Common_Cuckoo,Common_Cuckoo,,3,16,19,3,16,19,7,0.31089,0.331803,6159.678848,7,1,6,0.261029,14,14
Dunnock,Dunnock,,3,11,14,3,11,14,7,0.299409,0.316401,44.420264,7,1,6,0.365385,14,14
Common_Eider,Common_Eider,,0,11,11,0,11,11,7,0.296613,0.31346,0,7,1,116,0.218182,14,14
Common_Hazel,Common_Hazel,,1,28,29,1,28,29,7,0.337833,0.362171,57.269869,6,1,6,0.112069,14,14
Common_Pheasant,Common_Pheasant,,0,13,13,0,13,13,7,0.318189,0.336817,0,7,1,117,0.24359,5,5
Common_agouti,Common_agouti,,0,6,6,0,6,6,8,0.277531,0.291411,0,7,1,118,0.3,14,14
Squash_%28sport%29,Squash_%28sport%29,,9,9,18,9,9,18,7,0.319414,0.339809,5009.815215,1,1,6,0.110294,5,5
Tuvalu,Tuvalu,,26,29,55,26,29,55,7,0.33358,0.358258,1175.655891,8,1,6,0.229592,6,6
Robert_Owen,Robert_Owen,,6,16,22,6,16,22,6,0.319615,0.340548,521.677646,3,1,6,0.128947,12,12
Local_community,Local_community,,1,0,1,1,0,1,0,0,0,0,3,1,2,0,2,2
Oviraptor,Oviraptor,,4,18,22,4,18,22,8,0.296605,0.313482,1015.295657,7,1,6,0.327485,14,14
Schr%C3%B6dinger_equation,Schr%C3%B6dinger_equation,,14,9,23,14,9,23,8,0.279721,0.294611,1440.941002,9,1,6,0.223684,14,14
GNOME,GNOME,,11,11,22,11,11,22,7,0.261683,0.273785,5901.092385,5,1,6,0.215686,8,8
History_of_computing_hardware,History_of_computing_hardware,,2,28,30,2,28,30,7,0.318786,0.340958,1053.321877,5,1,6,0.102217,7,7
Python_%28programming_language%29,Python_%28programming_language%29,,2,9,11,2,9,11,7,0.278052,0.292329,743.728795,5,1,6,0.236364,8,8
Trigonometry,Trigonometry,,12,31,43,12,31,43,7,0.31223,0.333451,3113.690695,3,1,6,0.109615,10,10
Nintendo_Entertainment_System,Nintendo_Entertainment_System,,17,15,32,17,15,32,7,0.317986,0.339423,1774.908107,10,1,6,0.147126,5,5
Rosa_Parks,Rosa_Parks,,3,20,23,3,20,23,7,0.315486,0.336822,209.304655,11,1,6,0.223684,12,12
Conflict,Conflict,,5,11,16,5,11,16,7,0.297651,0.316674,271.247585,3,1,6,0.091667,2,2
Three_Gorges_Dam,Three_Gorges_Dam,,4,15,19,4,15,19,7,0.299697,0.31814,722.830452,10,1,6,0.124183,4,4
Constantine_II_of_Scotland,Constantine_II_of_Scotland,,3,9,12,3,9,12,7,0.287395,0.303055,37.529039,1,1,6,0.151515,7,7
Constitution_of_May_3%2C_1791,Constitution_of_May_3%2C_1791,,2,25,27,2,25,27,7,0.320906,0.343772,155.255873,13,1,6,0.196923,2,2
History_of_democracy,History_of_democracy,,3,44,47,3,44,47,7,0.330993,0.357481,300.709619,3,1,6,0.088406,2,2
El_Lissitzky,El_Lissitzky,,2,38,40,2,38,40,7,0.330372,0.356188,363.815103,13,1,6,0.203779,12,12
Consumer_protection,Consumer_protection,,2,8,10,2,8,10,7,0.309182,0.328031,91.524879,3,1,6,0.266667,2,2
Contact_lens,Contact_lens,,4,21,25,4,21,25,7,0.322258,0.343223,6076.113216,7,1,6,0.110672,4,4
Eyelid,Eyelid,,3,2,5,3,2,5,8,0.235001,0.244001,3.49539,7,1,6,0.583333,14,14
Fusarium,Fusarium,,1,2,3,1,2,3,8,0.237855,0.246664,2.396935,7,1,6,0.333333,14,14
Igneous_rock,Igneous_rock,,13,29,42,13,29,42,7,0.309371,0.330292,2517.167786,9,1,6,0.194872,6,6
Control_car_%28rail%29,Control_car_%28rail%29,,0,11,11,0,11,11,7,0.312091,0.331396,0,11,1,119,0.354545,4,4
Convention_on_the_International_Trade_in_Endangered_Species_of_Wild_Flora_and_Fauna,Convention_on_the_International_Trade_in_Endangered_Species_of_Wild_Flora_and_Fauna,,3,4,7,3,4,7,7,0.276083,0.288663,25.723335,7,1,6,0.02381,2,2
International_human_rights_instruments,International_human_rights_instruments,,2,3,5,2,3,5,7,0.2783,0.292367,6.772954,3,1,6,0.666667,2,2
Hafnium,Hafnium,,9,38,47,9,38,47,7,0.310675,0.333384,1291.280814,9,1,6,0.30027,14,14
Copenhagen_Fire_of_1728,Copenhagen_Fire_of_1728,,0,7,7,0,7,7,7,0.291182,0.305906,0,13,1,120,0.261905,7,7
Great_Cormorant,Great_Cormorant,,2,20,22,2,20,22,7,0.323389,0.345195,267.286071,7,1,6,0.209524,14,14
Corn_oil,Corn_oil,,3,5,8,3,5,8,8,0.272026,0.285137,60.67226,6,1,6,0.214286,5,5
Crash_test_dummy,Crash_test_dummy,,1,16,17,1,16,17,7,0.305248,0.323794,58.504555,7,1,6,0.055147,4,4
PONG,PONG,,6,3,9,6,3,9,7,0.300408,0.317374,573.699621,11,1,6,0.111111,5,5
The_West_Wing_%28TV_series%29,The_West_Wing_%28TV_series%29,,7,54,61,7,54,61,7,0.34423,0.373151,994.562945,11,1,6,0.118352,5,5
Coronation_Street,Coronation_Street,,11,23,34,11,23,34,7,0.322258,0.344354,1120.842112,1,1,6,0.175269,5,5
Corporate_finance,Corporate_finance,,3,10,13,3,10,13,7,0.311271,0.329525,5887.750106,3,1,6,0.190909,1,1
Investment_banking,Investment_banking,,1,6,7,1,6,7,7,0.303716,0.320899,0,3,1,6,0.5,1,1
Supply_chain_management,Supply_chain_management,,3,2,5,3,2,5,7,0.241209,0.249903,20.998756,3,1,6,0,1,1
Costume_design,Costume_design,,1,5,6,1,5,6,7,0.264535,0.276019,43.599468,3,1,6,0,9,9
Howards_End,Howards_End,,2,7,9,2,7,9,7,0.301951,0.319603,608.37714,3,1,6,0.25,9,9
Lighting_designer,Lighting_designer,,2,1,3,2,1,3,8,0.243996,0.2527,5.769114,13,1,6,0,9,9
Gossypium,Gossypium,,2,11,13,2,11,13,7,0.317388,0.338341,58.935205,0,1,6,0.212121,14,14
Coupling_%28railway%29,Coupling_%28railway%29,,2,23,25,2,23,25,7,0.328898,0.352535,9719.296671,0,1,6,0.151667,4,4
Lynton_and_Barnstaple_Railway,Lynton_and_Barnstaple_Railway,,3,11,14,3,11,14,7,0.305248,0.323888,4671.919684,1,1,6,0.189394,4,4
Montreal_Metro,Montreal_Metro,,2,9,11,2,9,11,7,0.292729,0.309347,54.857561,11,1,6,0.188889,4,4
Thor,Thor,,10,14,24,10,14,24,7,0.307214,0.325671,1680.582454,3,1,6,0.078571,13,13
Craters_of_the_Moon_National_Monument_and_Preserve,Craters_of_the_Moon_National_Monument_and_Preserve,,2,42,44,2,42,44,7,0.339048,0.364427,324.420897,7,1,6,0.096899,6,6
Odin,Odin,,14,15,29,14,15,29,7,0.302944,0.322213,1167.25068,3,1,6,0.078348,13,13
Creative_Commons,Creative_Commons,,4,7,11,4,7,11,7,0.296237,0.313344,2496.125412,5,1,6,0.208333,2,2
Mozilla_Firefox,Mozilla_Firefox,,15,16,31,15,16,31,7,0.297825,0.315447,4771.782667,5,1,6,0.150997,8,8
Wikinews,Wikinews,,3,13,16,3,13,16,7,0.290318,0.308273,130.388236,5,1,6,0.294872,8,8
Wikipedia,Wikipedia,,14,31,45,14,31,45,7,0.32445,0.347478,38756.259797,5,1,6,0.066127,8,8
Ichthyosaur,Ichthyosaur,,8,22,30,8,22,30,7,0.316077,0.336652,909.995189,7,1,6,0.155,14,14
Plesiosaur,Plesiosaur,,8,23,31,8,23,31,7,0.318485,0.338239,3995.288177,7,1,6,0.149573,14,14
Pachycephalosaurus,Pachycephalosaurus,,1,11,12,1,11,12,8,0.285714,0.301026,4.928084,7,1,6,0.310606,14,14
Pelagic_zone,Pelagic_zone,,6,5,11,6,5,11,8,0.269333,0.281835,335.46609,7,1,6,0.122222,6,6
Tuatara,Tuatara,,4,16,20,4,16,20,7,0.298351,0.314633,1363.227333,7,1,6,0.160131,14,14
Juvenile_delinquency,Juvenile_delinquency,,3,4,7,3,4,7,7,0.292877,0.309426,25.781953,3,1,6,0.190476,2,2
Crime_and_Punishment,Crime_and_Punishment,,5,34,39,5,34,39,7,0.316669,0.339714,581.808495,3,1,6,0.116667,9,9
Franz_Kafka,Franz_Kafka,,15,26,41,15,26,41,7,0.311678,0.332983,8828.572541,3,1,6,0.123529,12,12
The_Brothers_Karamazov,The_Brothers_Karamazov,,6,24,30,6,24,30,7,0.324061,0.346278,766.454069,3,1,6,0.123932,9,9
The_Waste_Land,The_Waste_Land,,9,15,24,9,15,24,7,0.306355,0.324978,627.126523,3,1,6,0.140693,9,9
Crime_in_Mexico,Crime_in_Mexico,,0,10,10,0,10,10,7,0.305807,0.32469,0,0,1,121,0.4,6,6
Crimean_Karaites,Crimean_Karaites,,1,25,26,1,25,26,7,0.325361,0.349246,17.334213,13,1,6,0.395,6,6
Mary_Seacole,Mary_Seacole,,1,31,32,1,31,32,7,0.331887,0.35649,4714.443799,1,1,6,0.150538,7,7
Crimson-collared_Tanager,Crimson-collared_Tanager,,0,7,7,0,7,7,8,0.280973,0.294763,0,7,1,122,0.238095,14,14
Cristero_War,Cristero_War,,0,7,7,0,7,7,7,0.30455,0.322925,0,4,1,124,0.285714,7,7
Knights_of_Columbus,Knights_of_Columbus,,1,44,45,1,44,45,7,0.339331,0.366632,272.187853,11,1,123,0.162626,13,13
Criticism_of_the_War_on_Terrorism,Criticism_of_the_War_on_Terrorism,,1,30,31,1,30,31,7,0.332732,0.357087,92.429799,3,1,126,0.176344,2,2
Jean_Charles_de_Menezes,Jean_Charles_de_Menezes,,1,16,17,1,16,17,7,0.325337,0.34752,23.286868,1,1,125,0.264706,7,7
Crohn%27s_disease,Crohn%27s_disease,,2,18,20,2,18,20,7,0.328925,0.351526,1772.864076,6,1,6,0.097368,14,14
Cross_Fell,Cross_Fell,,1,7,8,1,7,8,7,0.297913,0.314778,26.950955,1,1,6,0.261905,6,6
Lake_District,Lake_District,,7,31,38,7,31,38,7,0.335707,0.359818,14287.323504,1,1,6,0.075758,6,6
Pennine_Way,Pennine_Way,,2,9,11,2,9,11,6,0.313899,0.333169,4839.588494,1,1,6,0.277778,6,6
Crossbill,Crossbill,,0,12,12,0,12,12,7,0.312645,0.332315,0,7,1,127,0.234848,14,14
Rook_%28bird%29,Rook_%28bird%29,,2,21,23,2,21,23,7,0.316843,0.337881,179.134414,7,1,6,0.207792,14,14
Crown_Jewels_of_the_United_Kingdom,Crown_Jewels_of_the_United_Kingdom,,3,30,33,3,30,33,7,0.329835,0.353446,602.502317,1,1,6,0.18046,2,2
Siege_of_Antioch,Siege_of_Antioch,,1,16,17,1,16,17,7,0.306378,0.326032,18.793703,2,1,6,0.258333,7,7
Crystallographic_defects_in_diamond,Crystallographic_defects_in_diamond,,0,19,19,0,19,19,7,0.295575,0.313323,0,9,1,128,0.312865,14,14
Cuckmere_Haven,Cuckmere_Haven,,1,7,8,1,7,8,7,0.291424,0.307594,9.673776,2,1,6,0.285714,6,6
Meander,Meander,,6,3,9,6,3,9,7,0.270953,0.283369,1013.456006,2,1,6,0.190476,6,6
Oxbow_lake,Oxbow_lake,,3,9,12,3,9,12,7,0.311822,0.330959,5173.768812,2,1,6,0.277778,6,6
Cultural_diversity,Cultural_diversity,,1,5,6,1,5,6,7,0.284411,0.298417,20.333074,3,1,6,0.233333,2,2
Organization,Organization,,14,17,31,14,17,31,7,0.301592,0.319132,1148.503608,3,1,6,0.115385,1,1
Culture_of_the_Democratic_Republic_of_the_Congo,Culture_of_the_Democratic_Republic_of_the_Congo,,0,48,48,0,48,48,7,0.340613,0.367814,0,8,1,129,0.149823,6,6
Gadolinium,Gadolinium,,10,23,33,10,23,33,7,0.29811,0.317679,583.976065,9,1,6,0.255385,14,14
Cyclamen,Cyclamen,,0,17,17,0,17,17,7,0.311923,0.333242,0,6,1,130,0.180147,5,5
Cyclone_Percy,Cyclone_Percy,,0,10,10,0,10,10,7,0.294062,0.30958,0,6,1,132,0.322222,6,6
Pandanus,Pandanus,,2,12,14,2,12,14,7,0.305231,0.323898,257.260443,6,1,131,0.104396,14,14
Cyclone_Rosita,Cyclone_Rosita,,0,4,4,0,4,4,7,0.284322,0.298293,0,12,1,133,0.25,6,6
Cyril_Clarke,Cyril_Clarke,,0,6,6,0,6,6,7,0.299572,0.316823,0,1,1,134,0.6,12,12
Cyrus_K._Holliday,Cyrus_K._Holliday,,1,6,7,1,6,7,7,0.298521,0.315877,26.794343,11,1,135,0.4,12,12
Disneyland_Railroad,Disneyland_Railroad,,1,6,7,1,6,7,7,0.301651,0.318184,105.886523,11,1,135,0.166667,4,4
Cystic_fibrosis,Cystic_fibrosis,,7,20,27,7,20,27,7,0.321134,0.341967,860.520345,7,1,6,0.101538,14,14
Telecommunication,Telecommunication,,18,31,49,18,31,49,7,0.326041,0.350917,5142.558245,5,1,6,0.083092,4,4
Longship,Longship,,5,12,17,5,12,17,7,0.290797,0.307421,190.405321,1,1,6,0.214286,7,7
Polymerase_chain_reaction,Polymerase_chain_reaction,,8,14,22,8,14,22,7,0.299808,0.31666,920.472452,7,1,6,0.190476,14,14
Dad%27s_Army,Dad%27s_Army,,0,14,14,0,14,14,7,0.3075,0.326836,0,1,1,136,0.21978,5,5
Morecambe_and_Wise,Morecambe_and_Wise,,3,9,12,3,9,12,7,0.294579,0.310501,107.037792,1,1,6,0.190909,5,5
Daley_Thompson,Daley_Thompson,,0,6,6,0,6,6,7,0.297287,0.31511,0,1,1,137,0.366667,12,12
John_F._Kennedy_assassination,John_F._Kennedy_assassination,,8,19,27,8,19,27,7,0.309442,0.329936,4996.908987,11,1,6,0.217391,7,7
Damascus_steel,Damascus_steel,,2,20,22,2,20,22,7,0.312978,0.333568,126.450816,9,1,6,0.136842,4,4
Katana,Katana,,5,4,9,5,4,9,7,0.287681,0.303525,286.148941,10,1,6,0.196429,7,7
Pat_Cash,Pat_Cash,,3,15,18,3,15,18,7,0.310366,0.329895,88.835494,12,1,6,0.375,12,12
Dandelion,Dandelion,,7,21,28,7,21,28,7,0.329058,0.350872,3659.795663,6,1,6,0.12,14,14
Danny_Deever,Danny_Deever,,0,7,7,0,7,7,7,0.303336,0.32146,0,3,1,138,0.238095,9,9
Danske_Statsbaner,Danske_Statsbaner,,1,8,9,1,8,9,7,0.291865,0.308726,45.775842,13,1,6,0.160714,4,4
Rwandan_Genocide,Rwandan_Genocide,,13,47,60,13,47,60,7,0.348641,0.377309,3587.04544,8,1,6,0.176471,7,7
Darling_River,Darling_River,,3,6,9,3,6,9,7,0.295999,0.311323,46.309933,7,1,6,0.232143,6,6
Darmstadtium,Darmstadtium,,6,12,18,6,12,18,7,0.29741,0.315628,167.370461,9,1,6,0.32967,14,14
Meitnerium,Meitnerium,,6,12,18,6,12,18,7,0.284731,0.300678,48.477087,9,1,6,0.435897,14,14
Roentgenium,Roentgenium,,6,14,20,6,14,20,7,0.298703,0.317289,366.092189,9,1,6,0.380952,14,14
Natalie_Portman,Natalie_Portman,,5,31,36,5,31,36,7,0.333525,0.358073,7498.079859,13,1,6,0.163826,12,12
David_Attenborough,David_Attenborough,,3,36,39,3,36,39,7,0.335791,0.359917,937.810136,7,1,6,0.066856,12,12
David_Beckham,David_Beckham,,6,21,27,6,21,27,7,0.314996,0.336668,339.343764,1,1,6,0.185,12,12
David_Blanchflower,David_Blanchflower,,0,7,7,0,7,7,7,0.302815,0.320128,0,1,1,139,0.142857,12,12
David_Cameron,David_Cameron,,7,58,65,7,58,65,6,0.353598,0.383148,907.03103,1,1,6,0.173624,12,12
Stanley_Baldwin,Stanley_Baldwin,,9,14,23,9,14,23,7,0.30003,0.31915,144.408503,1,1,6,0.302381,12,12
David_Helvarg,David_Helvarg,,0,16,16,0,16,16,7,0.315613,0.336016,0,0,1,140,0.133333,12,12
David_Heymann,David_Heymann,,0,5,5,0,5,5,7,0.298184,0.315344,0,11,1,141,0.4,12,12
David_Hilbert,David_Hilbert,,12,13,25,12,13,25,7,0.303352,0.322306,2387.732225,3,1,6,0.178947,12,12
David_III_of_Tao,David_III_of_Tao,,0,10,10,0,10,10,7,0.29657,0.315575,0,8,1,142,0.555556,7,7
Serbia_and_Montenegro,Serbia_and_Montenegro,,6,11,17,6,11,17,7,0.298637,0.317747,7.533026,8,1,6,0.351648,6,6
Davy_Jones%27_Locker,Davy_Jones%27_Locker,,0,6,6,0,6,6,7,0.285986,0.300123,0,11,1,143,0.033333,13,13
Dayuan,Dayuan,,2,11,13,2,11,13,7,0.297541,0.315092,4607.85851,10,1,6,0.189394,6,6
Issyk_Kul,Issyk_Kul,,2,11,13,2,11,13,7,0.300319,0.318537,54.195028,2,1,6,0.153846,6,6
Zhang_Qian,Zhang_Qian,,3,19,22,3,19,22,7,0.301817,0.320626,9228.986438,10,1,6,0.131579,12,12
Great_Salt_Lake,Great_Salt_Lake,,9,15,24,9,15,24,7,0.303852,0.32149,822.383626,9,1,6,0.099567,6,6
Lake_Baikal,Lake_Baikal,,9,19,28,9,19,28,7,0.314093,0.334107,2201.900196,7,1,6,0.092391,6,6
Death_Valley_National_Park,Death_Valley_National_Park,,4,52,56,4,52,56,7,0.344728,0.371701,1223.659903,9,1,6,0.083117,6,6
Snowball_Earth,Snowball_Earth,,8,23,31,8,23,31,7,0.304537,0.323435,494.515883,9,1,6,0.256614,6,6
Talc,Talc,,6,23,29,6,23,29,7,0.323802,0.346613,557.847814,9,1,6,0.122507,6,6
Decade_Volcanoes,Decade_Volcanoes,,3,28,31,3,28,31,7,0.318936,0.342545,1531.655974,0,1,6,0.153439,6,6
Mount_Nyiragongo,Mount_Nyiragongo,,2,11,13,2,11,13,7,0.298088,0.316483,60.653351,8,1,6,0.272727,6,6
Mount_Rainier,Mount_Rainier,,7,12,19,7,12,19,7,0.306865,0.325712,503.954285,11,1,6,0.1125,6,6
Mount_Unzen,Mount_Unzen,,2,6,8,2,6,8,7,0.29641,0.31295,27.837039,10,1,6,0.309524,6,6
Sakurajima,Sakurajima,,2,7,9,2,7,9,7,0.290048,0.305484,557.604262,9,1,6,0.285714,6,6
Ulawun,Ulawun,,2,2,4,2,2,4,7,0.271843,0.284112,0,0,1,6,0.833333,6,6
Defaka,Defaka,,0,2,2,0,2,2,7,0.277341,0.290722,0,3,1,144,1,6,6
Defense_of_Sihang_Warehouse,Defense_of_Sihang_Warehouse,,0,10,10,0,10,10,7,0.301532,0.320116,0,10,1,145,0.222222,7,7
Flag_of_the_Republic_of_China,Flag_of_the_Republic_of_China,,4,16,20,4,16,20,7,0.31058,0.330008,109.876833,10,1,6,0.395425,6,6
Velociraptor,Velociraptor,,7,33,40,7,33,40,7,0.315609,0.33665,1097.96949,7,1,6,0.178151,14,14
Fiction,Fiction,,31,16,47,31,16,47,7,0.304354,0.322826,3913.024553,3,1,6,0.054588,9,9
Osiris,Osiris,,3,12,15,3,12,15,7,0.28632,0.301371,2222.339159,2,1,6,0.065934,13,13
Waheguru,Waheguru,,3,5,8,3,5,8,8,0.277462,0.291393,6.11978,2,1,6,0.452381,13,13
Indira_Gandhi,Indira_Gandhi,,12,16,28,12,16,28,7,0.30456,0.323585,657.10968,10,1,6,0.158333,12,12
Demand_Note,Demand_Note,,1,12,13,1,12,13,7,0.308829,0.326884,34.391828,11,1,6,0.280303,1,1
Democratic_Action_Party,Democratic_Action_Party,,3,2,5,3,2,5,8,0.263093,0.273938,0,10,1,6,0.833333,2,2
Parliament_of_Malaysia,Parliament_of_Malaysia,,5,13,18,5,13,18,7,0.298747,0.31639,14407.624738,10,1,6,0.263736,2,2
Okapi,Okapi,,2,18,20,2,18,20,7,0.307005,0.327517,156.301967,7,1,6,0.147059,14,14
Denis_Law,Denis_Law,,1,9,10,1,9,10,7,0.290422,0.306302,30.041636,1,1,6,0.152778,12,12
Sk%C3%A5neland,Sk%C3%A5neland,,3,6,9,3,6,9,8,0.28922,0.305314,116.168938,13,1,6,0.142857,7,7
Dennis_Ritchie,Dennis_Ritchie,,2,8,10,2,8,10,7,0.279009,0.294073,774.24533,5,1,6,0.180556,12,12
Sunflower,Sunflower,,14,32,46,14,32,46,7,0.340672,0.365779,3247.128824,6,1,6,0.089323,14,14
Desert_locust,Desert_locust,,2,46,48,2,46,48,7,0.328925,0.355234,224.425997,8,1,6,0.156028,14,14
Pontiac%27s_Rebellion,Pontiac%27s_Rebellion,,4,19,23,4,19,23,6,0.323054,0.344902,204.756016,11,1,6,0.216667,7,7
Super_Bowl_XL,Super_Bowl_XL,,4,35,39,4,35,39,7,0.33973,0.365633,6963.797083,13,1,6,0.203361,5,5
The_Temptations,The_Temptations,,2,21,23,2,21,23,7,0.321058,0.341357,1294.543643,11,1,6,0.142857,11,11
Dewey_Square,Dewey_Square,,0,1,1,0,1,1,7,0.248331,0.257502,0,11,1,146,0,6,6
Diamond_simulant,Diamond_simulant,,3,38,41,3,38,41,7,0.331969,0.356398,11010.623902,9,1,6,0.172831,14,14
Diamond_cut,Diamond_cut,,1,26,27,1,26,27,7,0.335568,0.360361,124.676989,4,1,6,0.210769,14,14
Diane_Keaton,Diane_Keaton,,2,12,14,2,12,14,7,0.310247,0.329091,62.301703,11,1,6,0.174242,12,12
I_Ching,I_Ching,,3,7,10,3,7,10,8,0.286928,0.302019,69.542498,3,1,6,0.25,13,13
The_Fairy-Queen,The_Fairy-Queen,,2,9,11,2,9,11,8,0.28314,0.298404,473.465383,1,1,6,0.083333,9,9
Venus_and_Adonis_%28opera%29,Venus_and_Adonis_%28opera%29,,3,9,12,3,9,12,7,0.285051,0.300996,112.736363,1,1,6,0.208333,11,11
Differential_geometry_and_topology,Differential_geometry_and_topology,,0,5,5,0,5,5,8,0.268953,0.283178,0,3,1,147,0.5,10,10
Manifold,Manifold,,7,13,20,7,13,20,7,0.282568,0.298734,396.136254,3,1,6,0.20915,10,10
Diffuse_interstellar_band,Diffuse_interstellar_band,,0,8,8,0,8,8,7,0.295619,0.311501,0,9,1,148,0.196429,14,14
Dilophosaurus,Dilophosaurus,,2,12,14,2,12,14,8,0.297192,0.313533,20.361345,7,1,6,0.416667,14,14
Dimetrodon,Dimetrodon,,5,12,17,5,12,17,7,0.294665,0.311375,374.057024,7,1,6,0.487179,14,14
Spinosaurus,Spinosaurus,,5,21,26,5,21,26,7,0.31368,0.334722,374.912874,7,1,6,0.270563,14,14
Giganotosaurus,Giganotosaurus,,3,16,19,3,16,19,7,0.301682,0.318659,33.197736,7,1,6,0.341667,14,14
Iguanodon,Iguanodon,,7,23,30,7,23,30,7,0.321007,0.342699,761.818417,7,1,6,0.207672,14,14
Indricotherium,Indricotherium,,2,10,12,2,10,12,8,0.285594,0.30117,193.62423,7,1,6,0.204545,14,14
King_Kong_%281933_film%29,King_Kong_%281933_film%29,,3,19,22,3,19,22,7,0.31657,0.33599,3422.632607,7,1,6,0.105263,5,5
Maiasaura,Maiasaura,,1,14,15,1,14,15,8,0.287865,0.303338,18.726427,7,1,6,0.362637,14,14
Mammoth,Mammoth,,13,29,42,13,29,42,7,0.333388,0.358036,2761.381988,7,1,6,0.14359,14,14
Protoceratops,Protoceratops,,5,13,18,5,13,18,8,0.294344,0.310296,20.551634,7,1,6,0.4,14,14
Directive_Principles_in_India,Directive_Principles_in_India,,0,10,10,0,10,10,7,0.292315,0.309094,0,10,1,149,0.055556,2,2
Rupee,Rupee,,4,13,17,4,13,17,7,0.293343,0.309561,1322.445346,10,1,6,0.175,1,1
Sardar_Vallabhbhai_Patel,Sardar_Vallabhbhai_Patel,,5,24,29,5,24,29,7,0.321848,0.344862,5160.453055,10,1,6,0.232308,12,12
Dixie_Mission,Dixie_Mission,,1,13,14,1,13,14,7,0.309466,0.330172,10.034604,11,1,6,0.474359,7,7
Mendelevium,Mendelevium,,8,15,23,8,15,23,7,0.283081,0.299998,91.445508,9,1,6,0.325,14,14
Extinct_birds,Extinct_birds,,1,39,40,1,39,40,7,0.318435,0.339667,14435.112486,7,1,6,0.061404,14,14
Gerald_Durrell,Gerald_Durrell,,6,45,51,6,45,51,7,0.342225,0.369452,6354.257205,7,1,6,0.11256,12,12
Jersey_Zoological_Park,Jersey_Zoological_Park,,2,12,14,2,12,14,7,0.292159,0.307545,114.652886,7,1,6,0.143939,6,6
Mixed-breed_dog,Mixed-breed_dog,,2,10,12,2,10,12,7,0.315094,0.334285,103.302263,7,1,6,0.227273,14,14
Domestic_AC_power_plugs_and_sockets,Domestic_AC_power_plugs_and_sockets,,0,50,50,0,50,50,7,0.348667,0.377491,0,0,1,150,0.195918,4,4
Donald_Duck,Donald_Duck,,3,54,57,3,54,57,7,0.350631,0.379405,553.549086,13,1,6,0.257576,5,5
Donald_Knuth,Donald_Knuth,,3,10,13,3,10,13,7,0.297782,0.31455,1005.919144,5,1,6,0.106061,12,12
Emacs,Emacs,,6,17,23,6,17,23,7,0.287294,0.303477,997.437239,5,1,6,0.210526,8,8
Tim_Berners-Lee,Tim_Berners-Lee,,8,10,18,8,10,18,7,0.304263,0.322587,2229.158274,5,1,6,0.17619,12,12
Miles_Davis,Miles_Davis,,9,19,28,9,19,28,7,0.303625,0.322939,593.009465,11,1,6,0.175889,12,12
Kakapo,Kakapo,,4,27,31,4,27,31,7,0.302695,0.321883,1940.576143,7,1,6,0.16133,14,14
Mount_Kilimanjaro,Mount_Kilimanjaro,,9,11,20,9,11,20,7,0.309702,0.329139,1709.54519,8,1,6,0.111111,6,6
Eurasian_Collared_Dove,Eurasian_Collared_Dove,,2,16,18,2,16,18,7,0.310818,0.329009,95.816782,7,1,6,0.132353,14,14
Pink_Pigeon,Pink_Pigeon,,4,7,11,4,7,11,7,0.281469,0.294914,34.46351,7,1,6,0.3,14,14
Wood_Pigeon,Wood_Pigeon,,4,12,16,4,12,16,7,0.301368,0.318913,35.835998,7,1,6,0.32967,14,14
White_cliffs_of_Dover,White_cliffs_of_Dover,,3,7,10,3,7,10,7,0.304835,0.322924,17.011256,1,1,6,0.571429,6,6
Dr._Seuss,Dr._Seuss,,3,18,21,3,18,21,7,0.318535,0.339751,6803.233008,13,1,6,0.169591,12,12
The_Cat_in_the_Hat,The_Cat_in_the_Hat,,2,2,4,2,2,4,8,0.254217,0.264599,1366.919775,4,1,6,0,9,9
The_Lorax,The_Lorax,,1,7,8,1,7,8,7,0.281313,0.294869,33.999361,3,1,6,0,9,9
Draughts,Draughts,,0,9,9,0,9,9,7,0.300081,0.318846,0,2,1,151,0.277778,5,5
GlaxoSmithKline,GlaxoSmithKline,,6,13,19,6,13,19,7,0.319338,0.339675,1039.368888,3,1,6,0.111111,1,1
Driving_on_the_left_or_right,Driving_on_the_left_or_right,,0,255,255,0,255,255,6,0.383125,0.430543,0,8,1,152,0.105435,4,4
Palau,Palau,,17,26,43,17,26,43,7,0.331806,0.356007,3367.197245,8,1,6,0.206349,6,6
Drosera_anglica,Drosera_anglica,,1,13,14,1,13,14,7,0.317239,0.337075,4596.203063,7,1,6,0.198718,14,14
Soil_pH,Soil_pH,,1,22,23,1,22,23,7,0.308994,0.328569,97.884168,9,1,6,0.221344,6,6
Sundew,Sundew,,5,42,47,5,42,47,7,0.343676,0.370544,15104.507665,7,1,6,0.129798,14,14
Drum_and_bass,Drum_and_bass,,5,16,21,5,16,21,7,0.314239,0.334109,18397.538378,11,1,6,0.199346,11,11
Garage_%28dance_music%29,Garage_%28dance_music%29,,1,8,9,1,8,9,7,0.305893,0.324061,9.11193,11,1,6,0.392857,11,11
The_Supremes,The_Supremes,,4,14,18,4,14,18,7,0.315978,0.335835,5616.265508,11,1,6,0.1875,11,11
Matsuo_Bash%C5%8D,Matsuo_Bash%C5%8D,,3,2,5,3,2,5,7,0.278262,0.290869,10839.748484,10,1,6,0.333333,12,12
Dualism_%28philosophy_of_mind%29,Dualism_%28philosophy_of_mind%29,,1,16,17,1,16,17,7,0.301749,0.319856,4596.506439,3,1,6,0.1875,13,13
Eliminative_materialism,Eliminative_materialism,,1,12,13,1,12,13,7,0.307611,0.325569,78.693507,3,1,6,0.160256,13,13
Jerry_Fodor,Jerry_Fodor,,5,7,12,5,7,12,7,0.302831,0.32062,281.898848,3,1,6,0.244444,12,12
Osaka,Osaka,,20,33,53,20,33,53,7,0.335596,0.36021,4374.881137,10,1,6,0.14686,6,6
Rutherfordium,Rutherfordium,,7,19,26,7,19,26,7,0.301032,0.318857,304.468352,9,1,6,0.271053,14,14
Humus,Humus,,4,7,11,4,7,11,7,0.276196,0.289973,74.883682,9,1,6,0.145455,6,6
Kylie_Minogue,Kylie_Minogue,,6,30,36,6,30,36,6,0.336097,0.360352,13322.059353,11,1,6,0.162298,12,12
Durian,Durian,,1,33,34,1,33,34,7,0.321772,0.345139,237.258819,10,1,6,0.148674,5,5
High_German_consonant_shift,High_German_consonant_shift,,2,9,11,2,9,11,7,0.285413,0.300104,78.016166,13,1,6,0.166667,9,9
Erbium,Erbium,,10,23,33,10,23,33,7,0.302967,0.32302,695.259783,9,1,6,0.250712,14,14
Holmium,Holmium,,7,27,34,7,27,34,7,0.307844,0.328995,385.831303,9,1,6,0.237685,14,14
E.T._the_Extra-Terrestrial_%28Atari_2600%29,E.T._the_Extra-Terrestrial_%28Atari_2600%29,,0,7,7,0,7,7,7,0.290348,0.304706,0,11,1,153,0,5,5
E._E._Cummings,E._E._Cummings,,7,21,28,7,21,28,7,0.31175,0.331984,2720.743275,3,1,6,0.125,12,12
Modernist_poetry_in_English,Modernist_poetry_in_English,,3,51,54,3,51,54,7,0.341418,0.369829,1341.213106,3,1,6,0.140649,9,9
E._P._Wigner,E._P._Wigner,,0,9,9,0,9,9,7,0.291979,0.307973,0,9,1,154,0.222222,12,12
EMD_BL2,EMD_BL2,,0,5,5,0,5,5,7,0.290244,0.306633,0,11,1,155,0.4,4,4
Florida_East_Coast_Railway,Florida_East_Coast_Railway,,4,17,21,4,17,21,7,0.30956,0.329089,5706.218789,11,1,6,0.199346,4,4
EMD_GP30,EMD_GP30,,0,8,8,0,8,8,7,0.297746,0.315003,0,11,1,156,0.321429,4,4
White-tailed_Eagle,White-tailed_Eagle,,2,20,22,2,20,22,7,0.31077,0.330835,941.416035,7,1,6,0.226316,14,14
Earless_seal,Earless_seal,,0,4,4,0,4,4,8,0.25532,0.266666,0,7,1,157,1,14,14
Effects_of_nuclear_explosions,Effects_of_nuclear_explosions,,1,16,17,1,16,17,7,0.304354,0.322298,600.896506,9,1,6,0.204167,7,7
Tsar_Bomba,Tsar_Bomba,,5,8,13,5,8,13,7,0.289882,0.305942,110.489757,9,1,6,0.19697,7,7
Earwax,Earwax,,0,16,16,0,16,16,7,0.305992,0.324594,0,7,1,158,0.116667,14,14
Eastern_Roman_Empire,Eastern_Roman_Empire,,0,5,5,0,5,5,7,0.28146,0.296127,0,4,1,159,0.35,7,7
Rail_transport_in_India,Rail_transport_in_India,,2,26,28,2,26,28,7,0.317438,0.33939,141.559637,10,1,6,0.232194,4,4
Economy_of_Pakistan,Economy_of_Pakistan,,2,46,48,2,46,48,6,0.340386,0.366325,328.652242,10,1,6,0.093085,1,1
Economy_of_Scotland,Economy_of_Scotland,,0,49,49,0,49,49,6,0.352394,0.380818,0,1,1,160,0.181548,1,1
Economy_of_the_Iroquois,Economy_of_the_Iroquois,,0,9,9,0,9,9,7,0.313007,0.331827,0,6,1,161,0.236111,1,1
Economy_of_the_Republic_of_Ireland,Economy_of_the_Republic_of_Ireland,,1,61,62,1,61,62,6,0.353567,0.382421,656.447249,9,1,6,0.116341,1,1
Shining_Path,Shining_Path,,6,17,23,6,17,23,7,0.312351,0.333406,199.290068,0,1,6,0.221429,7,7
Marcel_Proust,Marcel_Proust,,12,13,25,12,13,25,7,0.299697,0.318155,421.504517,3,1,6,0.121212,12,12
The_Picture_of_Dorian_Gray,The_Picture_of_Dorian_Gray,,1,17,18,1,17,18,7,0.31058,0.330047,63.259896,3,1,6,0.124183,9,9
Potassium_iodide,Potassium_iodide,,6,13,19,6,13,19,7,0.300541,0.317665,284.993104,9,1,6,0.143382,14,14
Edwin_of_Northumbria,Edwin_of_Northumbria,,7,14,21,7,14,21,8,0.289303,0.306024,3572.539117,1,1,6,0.137255,12,12
Edmonton,Edmonton,,0,20,20,0,20,20,7,0.315638,0.336515,0,11,1,162,0.189474,6,6
Edmund_Hillary,Edmund_Hillary,,4,14,18,4,14,18,7,0.321058,0.341496,519.964929,10,1,6,0.219048,12,12
Tenzing_Norgay,Tenzing_Norgay,,4,8,12,4,8,12,7,0.281391,0.295616,15.305192,10,1,6,0.472222,12,12
Educational_psychology,Educational_psychology,,3,15,18,3,15,18,7,0.297149,0.314626,760.837154,3,1,6,0.1875,2,2
Education_in_the_United_States,Education_in_the_United_States,,3,80,83,3,80,83,7,0.351849,0.38202,21919.838277,11,1,6,0.060802,6,6
Household_income_in_the_United_States,Household_income_in_the_United_States,,3,17,20,3,17,20,7,0.326883,0.348913,133.271187,11,1,6,0.27451,1,1
List_of_areas_in_the_National_Park_System_of_the_United_States,List_of_areas_in_the_National_Park_System_of_the_United_States,,2,21,23,2,21,23,7,0.312785,0.332594,22889.200106,11,1,6,0.116883,6,6
Margin_of_error,Margin_of_error,,2,3,5,2,3,5,8,0.273236,0.286563,184.123584,11,1,6,0.1,10,10
Separation_of_powers_under_the_United_States_Constitution,Separation_of_powers_under_the_United_States_Constitution,,1,25,26,1,25,26,7,0.308594,0.329454,38.770011,11,1,6,0.12,2,2
Kohlberg%27s_stages_of_moral_development,Kohlberg%27s_stages_of_moral_development,,2,10,12,2,10,12,8,0.297062,0.312984,155.845309,3,1,6,0.113636,13,13
Pedagogy,Pedagogy,,4,5,9,4,5,9,7,0.283279,0.29766,148.355284,3,1,6,0.055556,2,2
Ralph_Nader,Ralph_Nader,,4,27,31,4,27,31,7,0.325596,0.349213,1192.702441,11,1,6,0.132258,12,12
Penda_of_Mercia,Penda_of_Mercia,,4,14,18,4,14,18,7,0.302854,0.321249,305.702047,1,1,6,0.233333,12,12
Effect_of_Hurricane_Katrina_on_New_Orleans,Effect_of_Hurricane_Katrina_on_New_Orleans,,3,19,22,3,19,22,7,0.312254,0.332454,234.992528,11,1,6,0.21345,6,6
Levee_failures_in_Greater_New_Orleans%2C_2005,Levee_failures_in_Greater_New_Orleans%2C_2005,,3,7,10,3,7,10,7,0.283497,0.298567,16.541675,11,1,6,0.357143,7,7
Meteorological_history_of_Hurricane_Katrina,Meteorological_history_of_Hurricane_Katrina,,3,17,20,3,17,20,7,0.31187,0.331243,211.751237,11,1,6,0.330882,6,6
Yellow_fever,Yellow_fever,,16,21,37,16,21,37,7,0.325048,0.347967,1532.7387,0,1,6,0.14795,14,14
Effects_of_global_warming,Effects_of_global_warming,,2,46,48,2,46,48,7,0.346822,0.373802,252.030355,9,1,6,0.147343,6,6
History_of_nuclear_weapons,History_of_nuclear_weapons,,2,64,66,2,64,66,6,0.359716,0.388707,1577.739076,13,1,6,0.158654,7,7
Trinity_test,Trinity_test,,5,13,18,5,13,18,6,0.325152,0.345104,180.483291,9,1,6,0.283088,7,7
Tofu,Tofu,,4,36,40,4,36,40,7,0.338031,0.362636,388.853998,6,1,6,0.161411,5,5
Giza_pyramid_complex,Giza_pyramid_complex,,2,7,9,2,7,9,7,0.285654,0.300229,38.416731,2,1,6,0.5,4,4
Hatshepsut,Hatshepsut,,4,9,13,4,9,13,7,0.298417,0.313821,305.158482,2,1,6,0.096154,12,12
Eifel_Aqueduct,Eifel_Aqueduct,,0,16,16,0,16,16,7,0.307616,0.326953,0,4,1,163,0.208333,4,4
Fermium,Fermium,,7,19,26,7,19,26,7,0.292117,0.309792,101.173057,9,1,6,0.328947,14,14
El_Hatillo_Municipality%2C_Miranda,El_Hatillo_Municipality%2C_Miranda,,0,32,32,0,32,32,7,0.326253,0.349127,0,0,1,164,0.086694,6,6
Sparrowhawk,Sparrowhawk,,3,11,14,3,11,14,7,0.287783,0.302904,170.600972,7,1,6,0.291209,14,14
Eldfell,Eldfell,,2,17,19,2,17,19,7,0.325675,0.346588,4739.94969,9,1,6,0.183824,6,6
Iceland_hotspot,Iceland_hotspot,,1,5,6,1,5,6,7,0.285815,0.300452,6.402354,9,1,6,0.266667,6,6
Surtsey,Surtsey,,2,21,23,2,21,23,7,0.307868,0.326869,6935.963781,7,1,6,0.057143,6,6
Isospin,Isospin,,2,7,9,2,7,9,7,0.276252,0.290175,58.812611,9,1,6,0.535714,14,14
William_Gilbert,William_Gilbert,,4,10,14,4,10,14,7,0.303103,0.320711,644.390094,9,1,6,0.175824,12,12
Optical_fiber,Optical_fiber,,8,10,18,8,10,18,8,0.289758,0.30625,1307.930067,9,1,6,0.111111,14,14
Superconductivity,Superconductivity,,15,29,44,15,29,44,7,0.303057,0.323515,3727.970732,9,1,6,0.12753,14,14
Mechanical_work,Mechanical_work,,13,8,21,13,8,21,8,0.269979,0.284738,225.132218,9,1,6,0.281046,14,14
Electron_beam_welding,Electron_beam_welding,,2,5,7,2,5,7,7,0.287722,0.302379,74.059309,9,1,6,0.2,4,4
Electronic_amplifier,Electronic_amplifier,,0,5,5,0,5,5,8,0.269113,0.28235,0,9,1,165,0.15,4,4
Semiconductor_device,Semiconductor_device,,4,21,25,4,21,25,7,0.320171,0.341499,830.62087,9,1,6,0.147619,4,4
Elementary_group_theory,Elementary_group_theory,,1,3,4,1,3,4,8,0.251645,0.262886,7.39437,3,1,6,0.666667,10,10
Ganesha,Ganesha,,6,18,24,6,18,24,7,0.311057,0.3306,1662.205976,10,1,6,0.135714,13,13
Tooth_development,Tooth_development,,2,18,20,2,18,20,7,0.301974,0.320393,547.312248,6,1,6,0.084967,14,14
Elephant_bird,Elephant_bird,,1,10,11,1,10,11,7,0.309797,0.327936,26.174737,7,1,6,0.218182,14,14
Elephant_shrew,Elephant_shrew,,1,9,10,1,9,10,7,0.290069,0.306705,5851.491775,7,1,6,0.416667,14,14
Elfin-woods_Warbler,Elfin-woods_Warbler,,0,23,23,0,23,23,7,0.32565,0.346811,0,7,1,166,0.171937,14,14
Mongoose,Mongoose,,5,22,27,5,22,27,7,0.332132,0.355448,1548.002399,7,1,6,0.15812,14,14
Elias_Ashmole,Elias_Ashmole,,1,16,17,1,16,17,7,0.313996,0.333735,24.891846,1,1,6,0.166667,12,12
Elizabeth_Fry,Elizabeth_Fry,,2,12,14,2,12,14,7,0.299653,0.31771,87.150453,1,1,6,0.159091,12,12
Elizabethan_Poor_Law_%281601%29,Elizabethan_Poor_Law_%281601%29,,0,5,5,0,5,5,7,0.291119,0.306933,0,1,1,167,0.3,7,7
Muhammad_Ali,Muhammad_Ali,,5,8,13,5,8,13,7,0.297083,0.314458,44.246425,11,1,6,0.233333,12,12
GNU_Project,GNU_Project,,5,3,8,5,3,8,8,0.24154,0.251043,19.021534,5,1,6,0.666667,8,8
OpenBSD,OpenBSD,,5,13,18,5,13,18,8,0.279644,0.294414,743.498158,5,1,6,0.220833,8,8
X_Window_System,X_Window_System,,13,7,20,13,7,20,8,0.262293,0.275063,1706.308284,5,1,6,0.205882,8,8
Stuttering,Stuttering,,4,29,33,4,29,33,7,0.332513,0.356402,1718.722427,3,1,6,0.075758,9,9
Emma_Roberts,Emma_Roberts,,0,1,1,0,1,1,8,0.257036,0.267956,0,11,1,168,0,12,12
Empires__Dawn_of_the_Modern_World,Empires__Dawn_of_the_Modern_World,,0,22,22,0,22,22,7,0.334571,0.359332,0,5,1,169,0.251082,5,5
Vestigial_structure,Vestigial_structure,,3,14,17,3,14,17,8,0.298417,0.314639,533.858223,7,1,6,0.1,14,14
Endoscopic_foreign_body_retrieval,Endoscopic_foreign_body_retrieval,,0,3,3,0,3,3,7,0.258346,0.268543,0,9,1,170,0,14,14
Measurement,Measurement,,11,12,23,11,12,23,7,0.311942,0.331177,1257.610828,3,1,6,0.105263,10,10
Gustav_Holst,Gustav_Holst,,3,36,39,3,36,39,7,0.336543,0.36131,4592.713873,9,1,6,0.130631,12,12
L._S._Lowry,L._S._Lowry,,3,8,11,3,8,11,7,0.295115,0.312304,584.925691,1,1,6,0.375,12,12
National_parks_of_England_and_Wales,National_parks_of_England_and_Wales,,4,26,30,4,26,30,7,0.331317,0.353846,16385.967151,1,1,6,0.081197,6,6
England_expects_that_every_man_will_do_his_duty,England_expects_that_every_man_will_do_his_duty,,1,15,16,1,15,16,7,0.315609,0.33608,14.927896,1,1,6,0.290476,7,7
Horatio_Nelson%2C_1st_Viscount_Nelson,Horatio_Nelson%2C_1st_Viscount_Nelson,,11,42,53,11,42,53,7,0.335235,0.361623,5798.20946,1,1,6,0.139881,12,12
HTTP_cookie,HTTP_cookie,,3,14,17,3,14,17,7,0.307891,0.327969,14400.223105,5,1,6,0.228571,8,8
English_monarchs_family_tree,English_monarchs_family_tree,,0,3,3,0,3,3,8,0.259936,0.27217,0,1,1,171,0.333333,7,7
George_Herbert,George_Herbert,,2,14,16,2,14,16,7,0.303057,0.321095,30.386744,1,1,6,0.125,12,12
Irish_poetry,Irish_poetry,,4,18,22,4,18,22,7,0.299941,0.318627,4321.088952,3,1,6,0.121053,9,9
Pre-Raphaelite_Brotherhood,Pre-Raphaelite_Brotherhood,,3,7,10,3,7,10,7,0.292708,0.309963,37.923363,1,1,6,0.180556,0,0
Typewriter,Typewriter,,3,9,12,3,9,12,7,0.288295,0.30399,139.890312,13,1,6,0.083333,4,4
Work_%28thermodynamics%29,Work_%28thermodynamics%29,,3,6,9,3,6,9,8,0.268299,0.28181,96.395555,9,1,6,0.404762,14,14
Equal_Protection_Clause,Equal_Protection_Clause,,1,23,24,1,23,24,6,0.319389,0.341149,95.691533,11,1,6,0.20751,2,2
Thulium,Thulium,,6,19,25,6,19,25,7,0.279702,0.297031,19.689379,9,1,6,0.368421,14,14
Layla,Layla,,1,7,8,1,7,8,7,0.312182,0.330433,4.407223,11,1,6,0.404762,11,11
Scattered_disc,Scattered_disc,,4,5,9,4,5,9,8,0.268548,0.280907,10.456397,9,1,6,0.690476,14,14
Imagism,Imagism,,5,20,25,5,20,25,7,0.322463,0.343996,511.054836,3,1,6,0.209524,9,9
The_Old_Man_and_the_Sea,The_Old_Man_and_the_Sea,,2,16,18,2,16,18,7,0.320728,0.34127,610.501938,3,1,6,0.143382,9,9
J._J._Thomson,J._J._Thomson,,3,12,15,3,12,15,7,0.308923,0.327311,365.496359,1,1,6,0.192308,12,12
Eruption_column,Eruption_column,,5,10,15,5,10,15,7,0.287334,0.302737,161.079517,9,1,6,0.115385,6,6
Richard_O%27Connor,Richard_O%27Connor,,1,35,36,1,35,36,6,0.337608,0.364196,49.993758,13,1,6,0.241176,7,7
Eskimo,Eskimo,,6,9,15,6,9,15,7,0.295029,0.311054,232.071992,7,1,6,0.142857,6,6
Esox,Esox,,0,19,19,0,19,19,7,0.307827,0.327163,0,7,1,172,0.178363,14,14
Mole_%28animal%29,Mole_%28animal%29,,3,18,21,3,18,21,7,0.315658,0.33667,520.22711,7,1,6,0.186842,14,14
Lavender,Lavender,,3,14,17,3,14,17,7,0.314337,0.336093,391.70773,6,1,6,0.172794,14,14
Soddo_language,Soddo_language,,1,4,5,1,4,5,7,0.279779,0.294872,24.498981,3,1,6,0.25,9,9
Ethiopian_Wolf,Ethiopian_Wolf,,1,9,10,1,9,10,8,0.285815,0.301769,30.871623,7,1,6,0.366667,14,14
Eurasian_Bullfinch,Eurasian_Bullfinch,,0,9,9,0,9,9,8,0.297768,0.314706,0,7,1,173,0.305556,14,14
Eurasian_Jay,Eurasian_Jay,,1,15,16,1,15,16,7,0.306703,0.327128,263.627041,7,1,6,0.225,14,14
Tawny_Owl,Tawny_Owl,,2,12,14,2,12,14,7,0.301099,0.318341,88.826473,7,1,6,0.224359,14,14
Eurasian_Oystercatcher,Eurasian_Oystercatcher,,0,19,19,0,19,19,7,0.324167,0.346984,0,7,1,174,0.248538,14,14
Luxembourg_%28city%29,Luxembourg_%28city%29,,3,24,27,3,24,27,7,0.31851,0.341429,526.516615,4,1,6,0.265,6,6
European_Greenfinch,European_Greenfinch,,0,12,12,0,12,12,7,0.307663,0.327623,0,7,1,175,0.348485,14,14
European_Kingfisher,European_Kingfisher,,0,11,11,0,11,11,7,0.305254,0.324878,0,7,1,176,0.290909,14,14
Yuri_Gagarin,Yuri_Gagarin,,13,9,22,13,9,22,7,0.304149,0.322458,448.494512,13,1,6,0.24269,14,14
Samarium,Samarium,,9,19,28,9,19,28,7,0.304835,0.324629,252.758228,9,1,6,0.30303,14,14
Euston_Manifesto,Euston_Manifesto,,0,16,16,0,16,16,7,0.311516,0.332272,0,3,1,177,0.141667,2,2
Eustreptospondylus,Eustreptospondylus,,0,13,13,0,13,13,7,0.306223,0.324209,0,7,1,178,0.288462,14,14
Eva_Per%C3%B3n,Eva_Per%C3%B3n,,3,38,41,3,38,41,6,0.341677,0.367682,632.490477,0,1,6,0.137179,12,12
Evan_Rachel_Wood,Evan_Rachel_Wood,,0,7,7,0,7,7,7,0.309377,0.327499,0,11,1,179,0.357143,12,12
Evanton,Evanton,,0,10,10,0,10,10,7,0.310919,0.331308,0,1,1,180,0.355556,6,6
Glacier_National_Park_%28US%29,Glacier_National_Park_%28US%29,,6,30,36,6,30,36,7,0.323285,0.3451,6840.061914,7,1,6,0.095365,6,6
Punctuated_equilibrium,Punctuated_equilibrium,,5,7,12,5,7,12,7,0.297323,0.31324,319.640421,7,1,6,0.411111,14,14
Tiktaalik,Tiktaalik,,1,12,13,1,12,13,8,0.287559,0.302148,131.098683,7,1,6,0.224359,14,14
Evolutionarily_stable_strategy,Evolutionarily_stable_strategy,,2,5,7,2,5,7,8,0.271552,0.28455,118.374026,7,1,6,0.5,2,2
Nash_equilibrium,Nash_equilibrium,,4,5,9,4,5,9,8,0.265401,0.277354,261.765691,3,1,6,0.238095,10,10
Exploration_of_Mars,Exploration_of_Mars,,1,20,21,1,20,21,7,0.335152,0.356806,166.478699,9,1,6,0.234211,14,14
Phoenix_%28spacecraft%29,Phoenix_%28spacecraft%29,,4,10,14,4,10,14,7,0.301122,0.318931,4772.356872,9,1,6,0.209091,14,14
Explorer_I,Explorer_I,,5,8,13,5,8,13,7,0.309963,0.327735,194.532111,13,1,6,0.363636,14,14
Project_Vanguard,Project_Vanguard,,3,10,13,3,10,13,7,0.314166,0.332028,132.180417,13,1,6,0.281818,14,14
Space_Race,Space_Race,,11,43,54,11,43,54,7,0.338708,0.364476,3006.062303,13,1,6,0.135638,7,7
Sputnik_2,Sputnik_2,,7,8,15,7,8,15,7,0.299409,0.315272,180.188591,13,1,6,0.301282,14,14
Helmeted_Guineafowl,Helmeted_Guineafowl,,2,17,19,2,17,19,7,0.312881,0.334557,102.373595,7,1,6,0.172515,14,14
Ivory-billed_Woodpecker,Ivory-billed_Woodpecker,,2,19,21,2,19,21,7,0.304035,0.322107,174.572494,7,1,6,0.134211,14,14
Red_Kite,Red_Kite,,3,20,23,3,20,23,7,0.320272,0.341495,927.961948,7,1,6,0.235714,14,14
Starling,Starling,,1,14,15,1,14,15,7,0.318535,0.339051,34.752543,7,1,6,0.195238,14,14
Gliese_876,Gliese_876,,6,18,24,6,18,24,7,0.294579,0.311936,9684.139104,9,1,6,0.360526,14,14
Gliese_876_d,Gliese_876_d,,2,17,19,2,17,19,7,0.300809,0.318689,360.957576,9,1,6,0.319853,14,14
HD_209458_b,HD_209458_b,,1,12,13,1,12,13,7,0.290214,0.306273,13.378374,9,1,6,0.431818,14,14
Mu_Arae,Mu_Arae,,2,16,18,2,16,18,7,0.298001,0.315406,209.992306,9,1,6,0.345588,14,14
Orbit_%28anatomy%29,Orbit_%28anatomy%29,,3,3,6,3,3,6,8,0.27455,0.28807,28.789709,7,1,6,0.2,14,14
Eye_%28cyclone%29,Eye_%28cyclone%29,,7,9,16,7,9,16,7,0.303625,0.320899,147.627323,11,1,6,0.17033,6,6
H.D.,H.D.,,6,29,35,6,29,35,7,0.334488,0.358767,468.324706,3,1,6,0.176411,12,12
F-4_Phantom_II,F-4_Phantom_II,,2,21,23,2,21,23,7,0.333443,0.356305,78.412903,2,1,6,0.270751,7,7
FM_Consolidated_line,FM_Consolidated_line,,0,4,4,0,4,4,7,0.27879,0.293733,0,11,1,181,0.416667,4,4
FairTax,FairTax,,0,8,8,0,8,8,7,0.307593,0.325876,0,11,1,182,0.196429,2,2
Lerwick,Lerwick,,2,13,15,2,13,15,7,0.306101,0.323683,134.44186,1,1,6,0.401099,6,6
Peregrine_Falcon,Peregrine_Falcon,,5,29,34,5,29,34,7,0.332513,0.35464,677.506872,7,1,6,0.10322,14,14
Falkirk_Wheel,Falkirk_Wheel,,0,7,7,0,7,7,7,0.299483,0.315907,0,1,1,183,0.52381,4,4
Stanley%2C_Falkland_Islands,Stanley%2C_Falkland_Islands,,3,11,14,3,11,14,7,0.311774,0.330604,41.86921,0,1,6,0.307692,6,6
Fanny_Blankers-Koen,Fanny_Blankers-Koen,,0,21,21,0,21,21,6,0.322388,0.344579,0,13,1,184,0.190476,12,12
Puffin,Puffin,,4,6,10,4,6,10,8,0.25707,0.269199,177.989455,7,1,6,0.222222,14,14
Opus_Dei,Opus_Dei,,3,6,9,3,6,9,8,0.290943,0.306844,135.908304,13,1,6,0.339286,13,13
Galah,Galah,,1,10,11,1,10,11,7,0.292496,0.307499,9.954055,7,1,6,0.254545,14,14
Short-beaked_Echidna,Short-beaked_Echidna,,1,12,13,1,12,13,7,0.292328,0.307882,8.501254,7,1,6,0.339744,14,14
Tasmanian_Devil,Tasmanian_Devil,,3,12,15,3,12,15,7,0.286887,0.301878,66.555455,7,1,6,0.37619,14,14
Wallaby,Wallaby,,3,12,15,3,12,15,7,0.307494,0.32506,255.628443,7,1,6,0.28022,14,14
W._Mark_Felt,W._Mark_Felt,,2,22,24,2,22,24,7,0.31836,0.340035,4828.737421,11,1,6,0.209957,12,12
Open_source,Open_source,,12,19,31,12,19,31,7,0.310699,0.329034,9266.844064,5,1,6,0.086895,8,8
Felice_Beato,Felice_Beato,,1,27,28,1,27,28,7,0.330238,0.354054,1497.572609,10,1,6,0.189459,12,12
Felix_the_Cat,Felix_the_Cat,,2,22,24,2,22,24,7,0.327331,0.349447,162.822272,11,1,6,0.168831,5,5
Ferdinandea,Ferdinandea,,1,6,7,1,6,7,7,0.298549,0.314858,42.530031,2,1,6,0.309524,6,6
Soil_structure,Soil_structure,,2,1,3,2,1,3,8,0.253692,0.263126,30.834921,9,1,6,0.5,6,6
Fetal_alcohol_spectrum_disorder,Fetal_alcohol_spectrum_disorder,,0,10,10,0,10,10,7,0.309897,0.328525,0,7,1,185,0.211111,14,14
Ffestiniog_Railway,Ffestiniog_Railway,,1,11,12,1,11,12,7,0.299963,0.318012,40.79579,1,1,6,0.190909,4,4
Snowdonia_National_Park,Snowdonia_National_Park,,2,5,7,2,5,7,7,0.299896,0.316094,67.488599,1,1,6,0.261905,6,6
Fieldfare,Fieldfare,,1,16,17,1,16,17,8,0.304904,0.323959,10.518933,7,1,6,0.25,14,14
Final_Fantasy_%28video_game%29,Final_Fantasy_%28video_game%29,,1,9,10,1,9,10,7,0.299771,0.317399,45.919952,10,1,186,0.233333,5,5
Space_station,Space_station,,13,10,23,13,10,23,7,0.295158,0.310637,2007.196104,11,1,6,0.084416,14,14
Final_Fantasy_Adventure,Final_Fantasy_Adventure,,0,5,5,0,5,5,7,0.291589,0.307457,0,10,1,187,0.55,5,5
Financial_statements,Financial_statements,,0,7,7,0,7,7,7,0.306918,0.325373,0,3,1,188,0.142857,1,1
Post-glacial_rebound,Post-glacial_rebound,,3,23,26,3,23,26,7,0.327596,0.349895,347.898999,9,1,6,0.172308,6,6
Firecrest,Firecrest,,1,9,10,1,9,10,7,0.3002,0.318499,26.708149,7,1,189,0.333333,14,14
Goldcrest,Goldcrest,,1,13,14,1,13,14,7,0.303775,0.321508,40.550852,7,1,189,0.25641,14,14
Mormon_Trail,Mormon_Trail,,1,9,10,1,9,10,7,0.309017,0.327802,17.479201,11,1,6,0.319444,7,7
Kochi_%28India%29,Kochi_%28India%29,,4,42,46,4,42,46,7,0.32954,0.354455,1551.441379,10,1,6,0.119601,6,6
Flag_of_Hong_Kong,Flag_of_Hong_Kong,,1,13,14,1,13,14,7,0.316348,0.336919,30.63516,10,1,6,0.301282,6,6
Flag_of_India,Flag_of_India,,3,21,24,3,21,24,7,0.326383,0.349182,349.347148,10,1,6,0.227273,6,6
Flag_of_Mexico,Flag_of_Mexico,,3,12,15,3,12,15,7,0.303148,0.321282,178.182926,0,1,6,0.269231,6,6
Flag_of_South_Africa,Flag_of_South_Africa,,3,13,16,3,13,16,7,0.309395,0.328654,153.72336,12,1,6,0.219048,6,6
Flemish_dialects,Flemish_dialects,,3,9,12,3,9,12,7,0.284411,0.300084,29.322608,4,1,6,0.566667,9,9
Hurricane_David,Hurricane_David,,1,17,18,1,17,18,7,0.308477,0.327817,23.204707,11,1,6,0.362745,6,6
North_Sea_flood_of_1953,North_Sea_flood_of_1953,,3,17,20,3,17,20,7,0.310176,0.330228,470.963219,9,1,6,0.257353,6,6
Tropical_Storm_Allison,Tropical_Storm_Allison,,3,18,21,3,18,21,6,0.320956,0.343192,116.903152,11,1,6,0.242105,6,6
Henry_H._Rogers,Henry_H._Rogers,,6,25,31,6,25,31,7,0.325675,0.347515,13590.009357,11,1,6,0.141026,12,12
Henry_Morrison_Flagler,Henry_Morrison_Flagler,,2,17,19,2,17,19,7,0.309371,0.329479,90.158004,11,1,6,0.272059,12,12
Overseas_Railroad,Overseas_Railroad,,1,10,11,1,10,11,7,0.305363,0.323903,18.020105,11,1,6,0.322222,4,4
Virginian_Railway,Virginian_Railway,,4,16,20,4,16,20,7,0.319288,0.339881,257.415633,11,1,6,0.212418,4,4
Floris_and_Blancheflour,Floris_and_Blancheflour,,0,5,5,0,5,5,8,0.284801,0.301007,0,0,1,190,0.25,9,9
Floyd_Mayweather_Jr.,Floyd_Mayweather_Jr.,,0,11,11,0,11,11,7,0.310514,0.33005,0,11,1,191,0.263636,12,12
Tin_whistle,Tin_whistle,,5,17,22,5,17,22,7,0.306032,0.324616,1591.566339,11,1,6,0.127451,11,11
Foie_gras,Foie_gras,,0,38,38,0,38,38,7,0.342657,0.368897,0,13,1,192,0.248222,5,5
Forensic_facial_reconstruction,Forensic_facial_reconstruction,,0,6,6,0,6,6,7,0.284921,0.299177,0,7,1,193,0.366667,7,7
Monaco_Grand_Prix,Monaco_Grand_Prix,,1,9,10,1,9,10,7,0.285634,0.301048,4632.381542,0,1,6,0.25,5,5
Forrest_Gump,Forrest_Gump,,5,15,20,5,15,20,7,0.31841,0.338604,688.182869,11,1,6,0.114035,5,5
Fort_de_Chartres,Fort_de_Chartres,,0,5,5,0,5,5,7,0.28321,0.298158,0,11,1,194,0.5,4,4
Forth,Forth,,0,5,5,0,5,5,8,0.229888,0.238623,0,5,1,195,0.3,8,8
Forth_Road_Bridge,Forth_Road_Bridge,,1,11,12,1,11,12,7,0.310961,0.329973,58.472907,1,1,6,0.254545,4,4
Island_Fox,Island_Fox,,1,14,15,1,14,15,7,0.30557,0.323623,57.916589,7,1,6,0.21978,14,14
Fractal,Fractal,,7,14,21,7,14,21,7,0.301077,0.31845,883.676615,3,1,6,0.047368,10,10
Frances_Oldham_Kelsey,Frances_Oldham_Kelsey,,0,5,5,0,5,5,7,0.296939,0.313864,0,11,1,196,0.3,12,12
IG_Farben_Building,IG_Farben_Building,,1,12,13,1,12,13,7,0.302086,0.319779,21.291308,13,1,6,0.280303,4,4
Franklin_B._Gowen,Franklin_B._Gowen,,0,6,6,0,6,6,7,0.29814,0.31512,0,11,1,197,0.066667,12,12
Social_anxiety,Social_anxiety,,2,6,8,2,6,8,7,0.295912,0.312479,63.149885,3,1,6,0.214286,14,14
Frederick_Hamilton-Temple-Blackwood%2C_1st_Marquess_of_Dufferin_and_Ava,Frederick_Hamilton-Temple-Blackwood%2C_1st_Marquess_of_Dufferin_and_Ava,,0,31,31,0,31,31,7,0.325441,0.349511,0,1,1,198,0.145161,12,12
Royal_Geographical_Society,Royal_Geographical_Society,,4,13,17,4,13,17,7,0.309607,0.327749,200.920897,1,1,6,0.154167,7,7
Niccol%C3%B2_Machiavelli,Niccol%C3%B2_Machiavelli,,14,10,24,14,10,24,7,0.296107,0.314057,856.538593,4,1,6,0.17381,12,12
Polar_ice_cap,Polar_ice_cap,,4,13,17,4,13,17,7,0.301077,0.318393,304.545788,9,1,6,0.342857,6,6
Water_resources,Water_resources,,4,19,23,4,19,23,7,0.317587,0.33975,457.600103,9,1,6,0.170996,6,6
Muhammad_Iqbal,Muhammad_Iqbal,,2,32,34,2,32,34,7,0.329728,0.355695,227.247515,2,1,6,0.17803,12,12
Zoroaster,Zoroaster,,9,28,37,9,28,37,7,0.316669,0.339172,1176.714918,2,1,6,0.139113,12,12
Friend_Directdebit,Friend_Directdebit,,1,1,2,1,1,2,1,1,1,0,14,2,200,0.5,1,1
Directdebit,Directdebit,,2,0,2,2,0,2,0,0,0,0,14,2,199,0.5,1,1
Sesame_Street,Sesame_Street,,3,28,31,3,28,31,6,0.335457,0.359279,728.903253,10,1,6,0.157471,5,5
Radish,Radish,,5,14,19,5,14,19,7,0.296215,0.312886,1120.682434,6,1,6,0.134503,14,14
Rhubarb,Rhubarb,,1,16,17,1,16,17,7,0.320221,0.341536,269.213617,6,1,6,0.1375,14,14
Fugu,Fugu,,1,22,23,1,22,23,7,0.321567,0.342705,38.626832,7,1,6,0.114625,14,14
Scheme_programming_language,Scheme_programming_language,,3,1,4,3,1,4,9,0.19527,0.200036,7.446677,5,1,6,0.333333,8,8
Fundamental_Rights_in_India,Fundamental_Rights_in_India,,0,20,20,0,20,20,7,0.304979,0.324682,0,3,1,201,0.144737,2,2
Fur_language,Fur_language,,0,4,4,0,4,4,7,0.280934,0.296813,0,8,1,202,0.666667,9,9
Ubuntu_%28Linux_distribution%29,Ubuntu_%28Linux_distribution%29,,2,10,12,2,10,12,7,0.281079,0.295824,600.84378,5,1,6,0.172727,8,8
GNU_Linux_naming_controversy,GNU_Linux_naming_controversy,,0,8,8,0,8,8,8,0.256532,0.268137,0,5,1,203,0.553571,8,8
Hubble_Deep_Field,Hubble_Deep_Field,,4,14,18,4,14,18,7,0.296975,0.313741,75.326915,9,1,6,0.340659,14,14
Galerina,Galerina,,0,2,2,0,2,2,8,0.243033,0.252026,0,7,1,204,0.5,14,14
Leaning_Tower_of_Pisa,Leaning_Tower_of_Pisa,,2,11,13,2,11,13,7,0.298242,0.315607,154.682596,9,1,6,0.128788,4,4
Gallery_of_the_Kings_and_Queens_of_England,Gallery_of_the_Kings_and_Queens_of_England,,0,34,34,0,34,34,7,0.287202,0.306184,0,1,1,205,0.168449,7,7
Gallimimus,Gallimimus,,0,14,14,0,14,14,8,0.299549,0.31615,0,7,1,206,0.362637,14,14
SimCity,SimCity,,2,35,37,2,35,37,6,0.33413,0.358263,942.096878,5,1,6,0.12381,5,5
Ultimatum_game,Ultimatum_game,,1,8,9,1,8,9,7,0.304904,0.322591,83.798584,3,1,6,0.160714,5,5
Ganges_shark,Ganges_shark,,0,9,9,0,9,9,7,0.291287,0.307442,0,10,1,207,0.277778,14,14
Gangtok,Gangtok,,3,33,36,3,33,36,7,0.322437,0.34473,225.56086,10,1,6,0.136364,6,6
Lhasa,Lhasa,,6,13,19,6,13,19,7,0.303216,0.321881,244.801258,10,1,6,0.169118,6,6
Garden_Gnome_Liberation_Front,Garden_Gnome_Liberation_Front,,0,2,2,0,2,2,7,0.273635,0.286956,0,4,1,208,1,2,2
Gas_metal_arc_welding,Gas_metal_arc_welding,,3,28,31,3,28,31,7,0.313559,0.334985,102.08091,9,1,6,0.19709,4,4
Liquid_crystal,Liquid_crystal,,5,11,16,5,11,16,7,0.28316,0.298421,237.165995,9,1,6,0.10989,14,14
Shielded_metal_arc_welding,Shielded_metal_arc_welding,,3,20,23,3,20,23,7,0.300898,0.319317,40.21264,9,1,6,0.238095,4,4
Gas_turbine-electric_locomotive,Gas_turbine-electric_locomotive,,1,7,8,1,7,8,7,0.285674,0.301639,154.38641,11,1,6,0.166667,4,4
General_Pershing_Zephyr,General_Pershing_Zephyr,,1,5,6,1,5,6,7,0.282116,0.296971,84.893492,11,1,6,0.233333,4,4
Gentoo_penguin,Gentoo_penguin,,0,13,13,0,13,13,7,0.295705,0.311204,0,7,1,209,0.269231,14,14
Glaciology,Glaciology,,3,11,14,3,11,14,7,0.295653,0.311394,155.947031,9,1,6,0.160256,6,6
Geography_of_Africa,Geography_of_Africa,,0,41,41,0,41,41,7,0.329863,0.356145,0,8,1,210,0.204268,6,6
Lake_Turkana,Lake_Turkana,,4,13,17,4,13,17,7,0.302718,0.321315,165.853277,7,1,6,0.191667,6,6
Geography_of_India,Geography_of_India,,2,60,62,2,60,62,7,0.333553,0.360854,1815.223033,10,1,6,0.103279,6,6
Geography_of_Ireland,Geography_of_Ireland,,1,33,34,1,33,34,7,0.325283,0.34842,114.709525,1,1,6,0.137311,6,6
Giant%27s_Causeway,Giant%27s_Causeway,,4,11,15,4,11,15,7,0.314166,0.333231,894.042729,1,1,6,0.242424,6,6
Geography_of_Texas,Geography_of_Texas,,0,23,23,0,23,23,7,0.315933,0.336131,0,9,1,211,0.116601,6,6
Soil_science,Soil_science,,5,14,19,5,14,19,7,0.299719,0.317001,533.495829,9,1,6,0.141667,6,6
Geology_of_Dorset,Geology_of_Dorset,,0,24,24,0,24,24,7,0.316673,0.337378,0,1,1,212,0.115942,6,6
New_Forest,New_Forest,,7,19,26,7,19,26,7,0.317986,0.338506,766.669887,1,1,6,0.128571,6,6
Geology_of_the_Grand_Canyon_area,Geology_of_the_Grand_Canyon_area,,1,53,54,1,53,54,7,0.323623,0.349537,85.311779,7,1,213,0.097135,6,6
Georg_Forster,Georg_Forster,,0,42,42,0,42,42,7,0.339956,0.366994,0,4,1,214,0.125436,12,12
Georg_von_Boeselager,Georg_von_Boeselager,,0,15,15,0,15,15,7,0.320224,0.341852,0,13,1,215,0.485714,7,7
George_Byron%2C_6th_Baron_Byron,George_Byron%2C_6th_Baron_Byron,,5,45,50,5,45,50,7,0.334103,0.360967,11474.947684,1,1,6,0.087347,12,12
George_Fox,George_Fox,,3,27,30,3,27,30,7,0.32144,0.344843,104.942624,1,1,6,0.169312,12,12
Order_of_St._Patrick,Order_of_St._Patrick,,1,22,23,1,22,23,7,0.314459,0.335371,38.409723,1,1,6,0.287879,7,7
George_Thomas_Coker,George_Thomas_Coker,,0,9,9,0,9,9,7,0.304521,0.32303,0,11,1,216,0.111111,12,12
Mount_Rushmore,Mount_Rushmore,,4,33,37,4,33,37,7,0.322745,0.344477,11024.591202,11,1,6,0.074811,6,6
South_Ossetia,South_Ossetia,,8,17,25,8,17,25,7,0.310057,0.330693,34.902858,8,1,6,0.312253,6,6
Ho_Chi_Minh_City,Ho_Chi_Minh_City,,13,18,31,13,18,31,7,0.314825,0.336602,546.29379,10,1,6,0.200855,6,6
Merseburg_Incantations,Merseburg_Incantations,,1,5,6,1,5,6,8,0.275445,0.289042,74.772017,4,1,6,0.2,9,9
Ghost_Dance,Ghost_Dance,,2,9,11,2,9,11,7,0.299144,0.315985,126.971261,11,1,6,0.166667,13,13
Giant_Hogweed,Giant_Hogweed,,0,7,7,0,7,7,7,0.293352,0.30892,0,6,1,217,0.261905,14,14
Washington_Metro,Washington_Metro,,3,15,18,3,15,18,7,0.307774,0.325977,222.047368,11,1,6,0.084559,4,4
Rock_of_Gibraltar,Rock_of_Gibraltar,,1,10,11,1,10,11,7,0.310129,0.328984,10.953383,11,1,6,0.388889,6,6
Gilles_Villeneuve,Gilles_Villeneuve,,1,5,6,1,5,6,7,0.285734,0.300923,44.180596,11,1,6,0.466667,12,12
Hubbard_Glacier,Hubbard_Glacier,,1,4,5,1,4,5,8,0.276008,0.28943,12.872612,11,1,6,0,6,6
Jocelin,Jocelin,,1,10,11,1,10,11,7,0.29443,0.31142,18.062531,1,1,6,0.222222,12,12
Still_Game,Still_Game,,1,15,16,1,15,16,7,0.308665,0.327381,75.022856,1,1,6,0.17619,5,5
Glastonbury_Festival,Glastonbury_Festival,,3,14,17,3,14,17,7,0.300341,0.317724,205.445423,11,1,6,0.085714,11,11
Gliese_876_b,Gliese_876_b,,3,17,20,3,17,20,7,0.297979,0.315721,44.605985,9,1,6,0.375817,14,14
Gliese_876_c,Gliese_876_c,,3,17,20,3,17,20,7,0.282982,0.299471,10.741319,9,1,6,0.388889,14,14
Global,Global,,1,6,7,1,6,7,7,0.297258,0.313344,34.70381,3,1,6,0.166667,2,2
Global_spread_of_H5N1,Global_spread_of_H5N1,,1,89,90,1,89,90,7,0.359429,0.392695,131.668666,8,1,6,0.164709,2,2
H5N1,H5N1,,5,32,37,5,32,37,7,0.33758,0.363017,6305.298523,10,1,6,0.198319,14,14
Sudoku,Sudoku,,2,9,11,2,9,11,7,0.297629,0.314415,43.02681,3,1,6,0.127273,5,5
Globe_Theatre,Globe_Theatre,,2,13,15,2,13,15,7,0.300363,0.318351,268.09469,1,1,6,0.126374,9,9
Space_Shuttle_program,Space_Shuttle_program,,7,16,23,7,16,23,7,0.312447,0.330917,780.304537,11,1,6,0.207602,14,14
Gmail,Gmail,,3,20,23,3,20,23,7,0.328632,0.350808,464.328659,5,1,6,0.204762,8,8
Jehovah,Jehovah,,2,2,4,2,2,4,7,0.255049,0.265884,53.307762,2,1,6,0.166667,13,13
Gold%28III%29_chloride,Gold%28III%29_chloride,,1,10,11,1,10,11,7,0.284391,0.299685,943.981182,9,1,6,0.4,14,14
Golden_Gate_Highlands_National_Park,Golden_Gate_Highlands_National_Park,,1,9,10,1,9,10,7,0.287171,0.301944,25.902024,7,1,6,0.152778,6,6
Goleta%2C_California,Goleta%2C_California,,0,5,5,0,5,5,7,0.30095,0.317711,0,11,1,218,0.35,6,6
Shelduck,Shelduck,,2,9,11,2,9,11,7,0.303489,0.321406,23.35632,7,1,6,0.347222,14,14
Gordon_Griffith,Gordon_Griffith,,0,5,5,0,5,5,7,0.295124,0.311353,0,11,1,219,0.25,12,12
Mountain_Gorilla,Mountain_Gorilla,,1,14,15,1,14,15,7,0.306332,0.326,55.449318,7,1,6,0.208791,14,14
Government_of_France,Government_of_France,,2,16,18,2,16,18,7,0.300074,0.319051,54.080504,3,1,6,0.107843,2,2
Gowanus_Canal,Gowanus_Canal,,0,19,19,0,19,19,7,0.321621,0.342933,0,11,1,220,0.146199,6,6
Grand_Central_Station_%28Chicago%29,Grand_Central_Station_%28Chicago%29,,0,7,7,0,7,7,7,0.297527,0.314803,0,11,1,221,0.309524,4,4
Northern_Pacific_Railway,Northern_Pacific_Railway,,2,24,26,2,24,26,7,0.323028,0.345102,4787.077379,11,1,6,0.130769,4,4
Grand_Central_Terminal,Grand_Central_Terminal,,2,16,18,2,16,18,7,0.309939,0.329619,1074.428515,11,1,6,0.154412,4,4
Grand_Forks%2C_North_Dakota,Grand_Forks%2C_North_Dakota,,1,23,24,1,23,24,6,0.330723,0.354303,0,13,1,222,0.337945,6,6
Grange_Hill,Grange_Hill,,0,6,6,0,6,6,7,0.297287,0.314261,0,1,1,223,0.233333,5,5
Graniteville_train_disaster,Graniteville_train_disaster,,0,6,6,0,6,6,7,0.301913,0.318879,0,11,1,224,0.233333,7,7
Grape_seed_oil,Grape_seed_oil,,1,10,11,1,10,11,7,0.29443,0.310997,14.244377,6,1,6,0.163636,5,5
Watchmen,Watchmen,,3,22,25,3,22,25,7,0.326304,0.347758,583.011799,11,1,6,0.110672,5,5
Grease_%28film%29,Grease_%28film%29,,1,6,7,1,6,7,7,0.308829,0.326787,30.726464,11,1,6,0.333333,5,5
Oil_reservoir,Oil_reservoir,,4,11,15,4,11,15,7,0.304835,0.322789,170.759973,9,1,6,0.128205,6,6
Great_Black-backed_Gull,Great_Black-backed_Gull,,1,11,12,1,11,12,7,0.294472,0.310952,38.217382,7,1,6,0.345455,14,14
Great_Bustard,Great_Bustard,,1,11,12,1,11,12,7,0.304384,0.322284,45.863968,7,1,225,0.19697,14,14
Great_Comet_of_1882,Great_Comet_of_1882,,1,6,7,1,6,7,7,0.287722,0.302826,165.90617,9,1,6,0.2,14,14
Great_Crested_Grebe,Great_Crested_Grebe,,1,14,15,1,14,15,7,0.317811,0.339122,201.624385,7,1,6,0.214286,14,14
Great_Lakes_Storm_of_1913,Great_Lakes_Storm_of_1913,,1,23,24,1,23,24,7,0.317363,0.337961,260.675598,11,1,6,0.167984,6,6
Weather_forecasting,Weather_forecasting,,4,10,14,4,10,14,7,0.305778,0.323538,251.074363,9,1,6,0.173077,6,6
Slavic_mythology,Slavic_mythology,,3,9,12,3,9,12,7,0.296237,0.31182,120.966969,2,1,6,0.083333,13,13
Sea_of_Galilee,Sea_of_Galilee,,10,24,34,10,24,34,7,0.31954,0.341227,1057.885756,2,1,6,0.237892,6,6
Great_Spotted_Woodpecker,Great_Spotted_Woodpecker,,1,11,12,1,11,12,7,0.298549,0.315714,38.038044,7,1,6,0.345455,14,14
Great_hammerhead,Great_hammerhead,,0,4,4,0,4,4,8,0.248301,0.258236,0,7,1,226,0.666667,14,14
Greater_Cane_Rat,Greater_Cane_Rat,,0,6,6,0,6,6,7,0.288018,0.30394,0,7,1,227,0.333333,14,14
Tenzin_Gyatso%2C_14th_Dalai_Lama,Tenzin_Gyatso%2C_14th_Dalai_Lama,,7,41,48,7,41,48,7,0.332459,0.358373,1100.366963,10,1,6,0.125121,12,12
Temple_of_Artemis,Temple_of_Artemis,,2,10,12,2,10,12,7,0.299963,0.317897,62.187035,2,1,6,0.143939,7,7
Green_Woodpecker,Green_Woodpecker,,1,10,11,1,10,11,7,0.299034,0.316113,38.816485,7,1,6,0.333333,14,14
Medieval_music,Medieval_music,,7,24,31,7,24,31,7,0.315266,0.337073,1317.523642,4,1,6,0.181034,11,11
Gremlins,Gremlins,,0,19,19,0,19,19,7,0.319141,0.34026,0,3,1,228,0.131579,5,5
Grevy%27s_Zebra,Grevy%27s_Zebra,,1,10,11,1,10,11,7,0.292033,0.308455,0.640504,7,1,6,0.388889,14,14
Isaac_Brock,Isaac_Brock,,3,23,26,3,23,26,7,0.327517,0.349932,286.174202,1,1,6,0.165,12,12
Stornoway,Stornoway,,1,12,13,1,12,13,7,0.316793,0.337381,97.934258,1,1,6,0.326923,6,6
Wrench,Wrench,,2,4,6,2,4,6,7,0.271534,0.283718,10.260205,11,1,6,0.05,4,4
Gustavus_Franklin_Swift,Gustavus_Franklin_Swift,,2,31,33,2,31,33,6,0.334986,0.358087,85.806011,11,1,6,0.122581,12,12
Refrigerator_car,Refrigerator_car,,3,36,39,3,36,39,7,0.344376,0.369567,23472.193345,11,1,6,0.160317,4,4
Stock_car_%28rail%29,Stock_car_%28rail%29,,2,26,28,2,26,28,6,0.334544,0.357059,9240.80982,11,1,6,0.14245,4,4
HD_217107,HD_217107,,2,8,10,2,8,10,8,0.275574,0.29042,83.2543,9,1,229,0.5,14,14
HD_217107_b,HD_217107_b,,2,9,11,2,9,11,8,0.276607,0.291052,71.082777,9,1,229,0.472222,14,14
HD_217107_c,HD_217107_c,,2,5,7,2,5,7,8,0.261085,0.272784,3.111979,9,1,229,0.4,14,14
HD_28185,HD_28185,,1,11,12,1,11,12,7,0.294382,0.310842,9.868381,9,1,230,0.390909,14,14
HD_28185_b,HD_28185_b,,1,13,14,1,13,14,7,0.291317,0.307694,8.651408,9,1,230,0.455128,14,14
HIV_AIDS_in_Africa,HIV_AIDS_in_Africa,,0,48,48,0,48,48,7,0.315196,0.340018,0,8,1,231,0.310284,6,6
HMS_E18,HMS_E18,,0,4,4,0,4,4,7,0.278982,0.292708,0,8,1,232,0.5,4,4
HSBC,HSBC,,4,62,66,4,62,66,7,0.345786,0.375455,7914.265214,10,1,6,0.128968,1,1
Mark_Webber,Mark_Webber,,1,19,20,1,19,20,7,0.333745,0.356601,23.513592,12,1,6,0.260526,12,12
Spyware,Spyware,,6,18,24,6,18,24,7,0.284033,0.299694,1175.691963,5,1,6,0.190058,8,8
Orion_Nebula,Orion_Nebula,,5,22,27,5,22,27,7,0.304812,0.323289,896.417815,9,1,6,0.261905,14,14
Navassa_Island,Navassa_Island,,4,56,60,4,56,60,7,0.332268,0.35857,1832.97515,11,1,6,0.139141,6,6
Haji_Mohammad_Suharto,Haji_Mohammad_Suharto,,0,24,24,0,24,24,7,0.326411,0.349992,0,8,1,233,0.231884,12,12
Halfbeak,Halfbeak,,0,10,10,0,10,10,7,0.304727,0.322991,0,7,1,234,0.211111,14,14
Hamilton-Burr_duel,Hamilton-Burr_duel,,0,10,10,0,10,10,7,0.300437,0.317933,0,11,1,235,0.466667,7,7
Hampstead_Heath,Hampstead_Heath,,2,5,7,2,5,7,8,0.275557,0.289856,4564.974799,1,1,6,0.166667,6,6
Ho_Chi_Minh,Ho_Chi_Minh,,8,28,36,8,28,36,7,0.329406,0.353526,486.057266,10,1,6,0.236895,12,12
Harald_Maddadsson,Harald_Maddadsson,,1,5,6,1,5,6,8,0.272721,0.286613,0.407422,1,1,6,0.2,7,7
Hardball_squash,Hardball_squash,,1,6,7,1,6,7,7,0.301749,0.319007,8.038576,11,1,6,0.466667,5,5
Harley-Davidson,Harley-Davidson,,1,15,16,1,15,16,7,0.321491,0.342882,22.121943,10,1,6,0.220833,1,1
James_Callaghan,James_Callaghan,,10,32,42,10,32,42,7,0.333443,0.359207,407.426809,1,1,6,0.257508,12,12
Harrier_Hawk,Harrier_Hawk,,1,7,8,1,7,8,7,0.285734,0.301781,42.319844,7,1,6,0.25,14,14
Lord_Voldemort,Lord_Voldemort,,1,16,17,1,16,17,7,0.313801,0.334288,51.823912,0,1,6,0.216667,5,5
Hasekura_Tsunenaga,Hasekura_Tsunenaga,,3,28,31,3,28,31,7,0.322771,0.345748,372.503233,10,1,6,0.225369,12,12
Osmium,Osmium,,9,30,39,9,30,39,7,0.327861,0.352027,2247.028353,9,1,6,0.234409,14,14
Hawfinch,Hawfinch,,0,9,9,0,9,9,8,0.297768,0.314706,0,7,1,236,0.305556,14,14
Hawk-Eye,Hawk-Eye,,3,11,14,3,11,14,7,0.281743,0.29615,5331.473467,12,1,6,0.145455,5,5
Heilbronn,Heilbronn,,0,35,35,0,35,35,7,0.331752,0.358362,0,4,1,237,0.215966,6,6
Helen_Gandy,Helen_Gandy,,1,8,9,1,8,9,7,0.298001,0.315317,3.992521,11,1,6,0.446429,12,12
Helicobacter_pylori,Helicobacter_pylori,,0,17,17,0,17,17,7,0.3285,0.349421,0,7,1,238,0.213235,14,14
Hello_Garci_scandal,Hello_Garci_scandal,,1,1,2,1,1,2,8,0.25374,0.264023,0,10,1,6,0,2,2
William_N._Page,William_N._Page,,2,20,22,2,20,22,6,0.320373,0.340873,54.077553,11,1,6,0.205263,12,12
Real_tennis,Real_tennis,,2,20,22,2,20,22,6,0.336041,0.360303,232.165491,4,1,6,0.328947,5,5
Henry_Wood_%28conductor%29,Henry_Wood_%28conductor%29,,0,12,12,0,12,12,7,0.2924,0.309339,0,13,1,239,0.136364,12,12
Hepatorenal_syndrome,Hepatorenal_syndrome,,0,3,3,0,3,3,8,0.27334,0.286484,0,7,1,240,0.166667,14,14
Herbig-Haro_object,Herbig-Haro_object,,2,15,17,2,15,17,7,0.299542,0.317295,38.162211,9,1,6,0.320833,14,14
Hermann_Maier,Hermann_Maier,,0,5,5,0,5,5,7,0.288879,0.304521,0,13,1,241,0.5,12,12
Hero_of_Ukraine,Hero_of_Ukraine,,0,10,10,0,10,10,7,0.291391,0.307907,0,13,1,242,0.355556,7,7
Hero_of_the_Russian_Federation,Hero_of_the_Russian_Federation,,2,7,9,2,7,9,7,0.307191,0.325778,207.543233,13,1,6,0.305556,7,7
Herrerasaurus,Herrerasaurus,,0,15,15,0,15,15,7,0.302229,0.319874,0,7,1,243,0.285714,14,14
Hey_Jude,Hey_Jude,,5,11,16,5,11,16,7,0.317165,0.337698,445.988891,11,1,6,0.371795,11,11
I_Want_to_Hold_Your_Hand,I_Want_to_Hold_Your_Hand,,4,20,24,4,20,24,7,0.321644,0.343959,223.24722,11,1,6,0.248918,11,11
Hickman%27s_potentilla,Hickman%27s_potentilla,,0,12,12,0,12,12,7,0.309353,0.328299,0,11,1,244,0.189394,14,14
Yeti,Yeti,,3,22,25,3,22,25,7,0.324632,0.344999,628.701999,10,1,6,0.124506,13,13
Himno_Nacional_Mexicano,Himno_Nacional_Mexicano,,1,15,16,1,15,16,7,0.3162,0.337293,39.087731,0,1,6,0.361905,11,11
Reggaeton,Reggaeton,,7,29,36,7,29,36,7,0.324528,0.348,1275.853728,11,1,6,0.246212,11,11
Hiroh_Kikai,Hiroh_Kikai,,0,4,4,0,4,4,7,0.270405,0.282906,0,10,1,245,0.166667,12,12
History_of_Alaska,History_of_Alaska,,1,30,31,1,30,31,7,0.328685,0.352714,9206.040101,11,1,6,0.177419,7,7
Malaspina_Glacier,Malaspina_Glacier,,1,1,2,1,1,2,8,0.259124,0.270338,0,11,1,6,0.5,6,6
Scotland_in_the_High_Middle_Ages,Scotland_in_the_High_Middle_Ages,,5,52,57,5,52,57,7,0.327437,0.354638,8260.244705,1,1,6,0.114935,7,7
History_of_Arizona,History_of_Arizona,,1,50,51,1,50,51,7,0.342399,0.368655,9256.1361,11,1,6,0.095294,7,7
Phoenix_Zoo,Phoenix_Zoo,,1,14,15,1,14,15,7,0.303489,0.321461,4606.84614,7,1,6,0.080952,6,6
History_of_Buddhism,History_of_Buddhism,,2,58,60,2,58,60,7,0.325544,0.352988,1017.639159,10,1,6,0.159105,13,13
History_of_Burnside,History_of_Burnside,,0,7,7,0,7,7,7,0.289168,0.305837,0,12,1,246,0.238095,7,7
History_of_Cape_Colony_from_1806_to_1870,History_of_Cape_Colony_from_1806_to_1870,,1,22,23,1,22,23,7,0.32882,0.351965,49.255967,12,1,247,0.138528,7,7
History_of_Cape_Colony_from_1870_to_1899,History_of_Cape_Colony_from_1870_to_1899,,1,22,23,1,22,23,7,0.325287,0.347671,33.749959,12,1,247,0.201299,7,7
History_of_Central_Asia,History_of_Central_Asia,,1,48,49,1,48,49,7,0.338595,0.366215,58.397765,2,1,6,0.135204,7,7
Sputnik_1,Sputnik_1,,11,18,29,11,18,29,7,0.318435,0.338411,12100.107492,13,1,6,0.254941,14,14
History_of_Greenland,History_of_Greenland,,1,37,38,1,37,38,6,0.335429,0.360771,60.326335,13,1,6,0.20697,7,7
History_of_Limerick,History_of_Limerick,,0,26,26,0,26,26,6,0.328686,0.351998,0,1,1,248,0.173846,7,7
History_of_Louisville%2C_Kentucky,History_of_Louisville%2C_Kentucky,,0,30,30,0,30,30,7,0.333416,0.357758,0,11,1,249,0.163218,7,7
History_of_Miami%2C_Florida,History_of_Miami%2C_Florida,,0,32,32,0,32,32,7,0.325572,0.349921,0,11,1,250,0.153226,7,7
History_of_New_Jersey,History_of_New_Jersey,,1,48,49,1,48,49,7,0.336013,0.362984,87.536217,11,1,6,0.083333,7,7
History_of_Northwest_Territories_capital_cities,History_of_Northwest_Territories_capital_cities,,0,5,5,0,5,5,7,0.277797,0.292265,0,11,1,251,0.25,7,7
History_of_Poland_%281945%E2%80%931989%29,History_of_Poland_%281945%E2%80%931989%29,,0,42,42,0,42,42,7,0.331697,0.358089,0,13,1,252,0.202091,7,7
History_of_Portugal_%281777%E2%80%931834%29,History_of_Portugal_%281777%E2%80%931834%29,,0,25,25,0,25,25,7,0.331372,0.354343,0,0,1,253,0.171667,7,7
History_of_Puerto_Rico,History_of_Puerto_Rico,,1,45,46,1,45,46,7,0.336627,0.362981,41270.488207,11,1,6,0.160386,7,7
History_of_South_Carolina,History_of_South_Carolina,,1,48,49,1,48,49,7,0.340959,0.367397,70.400445,11,1,6,0.089711,7,7
History_of_Russia,History_of_Russia,,4,73,77,4,73,77,6,0.349573,0.380698,549.942686,13,1,6,0.165124,7,7
History_of_post-Soviet_Russia,History_of_post-Soviet_Russia,,5,29,34,5,29,34,7,0.323802,0.347756,240.070685,13,1,6,0.178495,7,7
Polish-Muscovite_War_%281605%E2%80%931618%29,Polish-Muscovite_War_%281605%E2%80%931618%29,,6,23,29,6,23,29,7,0.308688,0.329365,119.672065,13,1,6,0.246667,7,7
Russian_constitutional_crisis_of_1993,Russian_constitutional_crisis_of_1993,,2,10,12,2,10,12,7,0.308712,0.327459,54.419917,13,1,6,0.2,7,7
History_of_Singapore,History_of_Singapore,,0,49,49,0,49,49,7,0.337916,0.36596,0,10,1,254,0.115221,7,7
United_Malays_National_Organisation,United_Malays_National_Organisation,,3,17,20,3,17,20,7,0.304766,0.32453,189.42304,10,1,6,0.251634,6,6
History_of_Solidarity,History_of_Solidarity,,0,17,17,0,17,17,7,0.307407,0.327496,0,13,1,255,0.275735,7,7
History_of_Wikipedia,History_of_Wikipedia,,0,18,18,0,18,18,7,0.314956,0.335596,0,5,1,257,0.091503,7,7
Jimmy_Wales,Jimmy_Wales,,6,12,18,6,12,18,7,0.309607,0.328694,2392.251867,5,1,6,0.195238,12,12
Jordanhill_railway_station,Jordanhill_railway_station,,1,6,7,1,6,7,7,0.287711,0.302853,34.160909,1,1,256,0.095238,4,4
Ward_Cunningham,Ward_Cunningham,,2,3,5,2,3,5,7,0.293088,0.309183,33.8584,5,1,6,0.2,12,12
Wikimedia_Foundation,Wikimedia_Foundation,,8,11,19,8,11,19,7,0.296888,0.314359,11098.873718,5,1,6,0.25641,8,8
History_of_the_Internet,History_of_the_Internet,,2,30,32,2,30,32,7,0.320626,0.343743,356.227134,5,1,6,0.09879,8,8
History_of_education,History_of_education,,0,21,21,0,21,21,7,0.318464,0.340058,0,13,1,258,0.211905,2,2
History_of_merit_badges_%28Boy_Scouts_of_America%29,History_of_merit_badges_%28Boy_Scouts_of_America%29,,0,16,16,0,16,16,7,0.320022,0.340072,0,3,1,259,0.075,2,2
History_of_painting,History_of_painting,,1,92,93,1,92,93,7,0.357672,0.389676,28.870338,4,1,260,0.096393,7,7
Western_painting,Western_painting,,1,66,67,1,66,67,7,0.350683,0.379695,5.61835,4,1,260,0.105594,0,0
History_of_saffron,History_of_saffron,,0,54,54,0,54,54,7,0.347651,0.376279,0,2,1,261,0.124738,14,14
History_of_slavery,History_of_slavery,,1,78,79,1,78,79,7,0.359716,0.391694,55272.049328,2,1,6,0.137862,7,7
Japanese_war_crimes,Japanese_war_crimes,,5,47,52,5,47,52,7,0.34292,0.370505,998.695731,10,1,6,0.249557,7,7
Third_Servile_War,Third_Servile_War,,1,6,7,1,6,7,7,0.282962,0.297226,5.001514,4,1,6,0.404762,7,7
History_of_the_Australian_Capital_Territory,History_of_the_Australian_Capital_Territory,,0,18,18,0,18,18,6,0.328873,0.350904,0,7,1,262,0.205882,7,7
History_of_the_Grand_Canyon_area,History_of_the_Grand_Canyon_area,,0,46,46,0,46,46,7,0.338819,0.364569,0,11,1,263,0.072947,7,7
History_of_the_Netherlands,History_of_the_Netherlands,,0,66,66,0,66,66,7,0.346907,0.377105,0,4,1,264,0.184382,7,7
History_of_the_Panama_Canal,History_of_the_Panama_Canal,,0,30,30,0,30,30,7,0.328713,0.352685,0,0,1,265,0.168966,7,7
History_of_the_Portuguese_Communist_Party,History_of_the_Portuguese_Communist_Party,,1,26,27,1,26,27,7,0.324091,0.347482,12.60209,13,1,266,0.316923,7,7
Portuguese_Communist_Party,Portuguese_Communist_Party,,1,26,27,1,26,27,7,0.316727,0.339543,2.970021,13,1,266,0.247692,2,2
History_of_the_Royal_Australian_Navy,History_of_the_Royal_Australian_Navy,,0,66,66,0,66,66,7,0.353778,0.384178,0,10,1,267,0.158974,7,7
History_of_the_West_Indian_cricket_team,History_of_the_West_Indian_cricket_team,,0,25,25,0,25,25,7,0.310704,0.331589,0,8,1,268,0.171667,5,5
Holkham_Hall,Holkham_Hall,,3,15,18,3,15,18,7,0.309017,0.328732,5211.862058,4,1,6,0.170833,4,4
Matthew_Brettingham,Matthew_Brettingham,,1,10,11,1,10,11,7,0.301166,0.319119,30.737383,1,1,6,0.266667,12,12
Space_Invaders,Space_Invaders,,3,9,12,3,9,12,7,0.306726,0.323792,445.183039,10,1,6,0.045455,5,5
House_Martin,House_Martin,,2,11,13,2,11,13,7,0.30148,0.320072,5183.968197,7,1,6,0.318182,14,14
Swallow,Swallow,,1,6,7,1,6,7,8,0.259008,0.271538,0.564381,7,1,6,0.666667,14,14
Sparrow,Sparrow,,4,16,20,4,16,20,7,0.316027,0.338122,2281.59383,7,1,6,0.267974,14,14
Tree_Sparrow,Tree_Sparrow,,3,17,20,3,17,20,7,0.322027,0.343022,90.761648,7,1,6,0.215686,14,14
Jarvis_Island,Jarvis_Island,,4,8,12,4,8,12,7,0.311033,0.32987,238.659068,11,1,6,0.354545,6,6
Hrafnkels_saga,Hrafnkels_saga,,0,6,6,0,6,6,7,0.282637,0.296796,0,3,1,269,0.166667,9,9
Spherical_aberration,Spherical_aberration,,4,3,7,4,3,7,8,0.253391,0.264986,26.008494,9,1,6,0.233333,14,14
Hugo_Wolf,Hugo_Wolf,,2,8,10,2,8,10,8,0.271807,0.286497,11.144463,13,1,6,0.25,12,12
Human_abdomen,Human_abdomen,,0,1,1,0,1,1,8,0.247573,0.257075,0,4,1,270,0,14,14
Thomas_Samuel_Kuhn,Thomas_Samuel_Kuhn,,2,7,9,2,7,9,7,0.297979,0.31502,54.792616,3,1,6,0.152778,12,12
Humbert_Roque_Versace,Humbert_Roque_Versace,,0,6,6,0,6,6,7,0.297658,0.315141,0,11,1,271,0.466667,12,12
Sperm_Whale,Sperm_Whale,,3,23,26,3,23,26,7,0.310223,0.32969,161.333917,7,1,6,0.111667,14,14
Music_of_Hungary,Music_of_Hungary,,1,23,24,1,23,24,7,0.323002,0.346113,138.465972,11,1,6,0.241107,11,11
Hurricane_Gloria,Hurricane_Gloria,,2,6,8,2,6,8,7,0.293152,0.309124,73.815505,11,1,6,0.232143,6,6
Hurricane_Danny_%281997%29,Hurricane_Danny_%281997%29,,0,6,6,0,6,6,7,0.297746,0.314228,0,11,1,272,0.533333,6,6
Hurricane_Edouard_%281996%29,Hurricane_Edouard_%281996%29,,0,9,9,0,9,9,7,0.313321,0.332925,0,11,1,273,0.458333,6,6
Hurricane_Felix_%281995%29,Hurricane_Felix_%281995%29,,0,11,11,0,11,11,7,0.31581,0.33574,0,11,1,274,0.345455,6,6
Hurricane_John_%281994%29,Hurricane_John_%281994%29,,0,10,10,0,10,10,7,0.311545,0.331524,0,11,1,275,0.388889,6,6
Hurricane_John_%282006%29,Hurricane_John_%282006%29,,0,8,8,0,8,8,7,0.311444,0.330621,0,11,1,276,0.482143,6,6
Hurricane_Marty_%282003%29,Hurricane_Marty_%282003%29,,0,7,7,0,7,7,7,0.290099,0.305873,0,11,1,277,0.238095,6,6
Kubla_Khan,Kubla_Khan,,4,8,12,4,8,12,7,0.289778,0.305638,565.606096,2,1,6,0.145455,9,9
Royal_Parks_of_London,Royal_Parks_of_London,,4,6,10,4,6,10,7,0.296302,0.313021,180.422611,1,1,6,0.533333,6,6
Sodium_sulfate,Sodium_sulfate,,2,15,17,2,15,17,7,0.303875,0.322127,62.580141,9,1,6,0.166667,14,14
Soil_moisture,Soil_moisture,,1,8,9,1,8,9,7,0.288973,0.304489,1.793474,9,1,6,0.428571,6,6
Hypsilophodon,Hypsilophodon,,0,17,17,0,17,17,7,0.308224,0.326729,0,7,1,278,0.294118,14,14
Napster,Napster,,1,4,5,1,4,5,7,0.294644,0.310782,34.847371,5,1,6,0.3,8,8
Lost_%28TV_series%29,Lost_%28TV_series%29,,6,25,31,6,25,31,7,0.333059,0.356551,1327.348334,3,1,6,0.106897,5,5
Idit_Harel_Caperton,Idit_Harel_Caperton,,0,18,18,0,18,18,7,0.319166,0.341889,0,2,1,279,0.235294,12,12
Ike_Altgens,Ike_Altgens,,1,9,10,1,9,10,7,0.304583,0.322924,12.845955,11,1,6,0.388889,12,12
Income_disparity,Income_disparity,,2,8,10,2,8,10,7,0.289592,0.304978,53.552252,10,1,6,0.233333,1,1
Kargil_War,Kargil_War,,3,23,26,3,23,26,7,0.325518,0.348866,2870.789148,10,1,6,0.199605,7,7
Indian_Institutes_of_Technology,Indian_Institutes_of_Technology,,0,36,36,0,36,36,7,0.337804,0.3629,0,10,1,280,0.152381,2,2
Indian_Peafowl,Indian_Peafowl,,1,13,14,1,13,14,7,0.300452,0.316902,55.567097,7,1,6,0.211538,14,14
Peafowl,Peafowl,,2,11,13,2,11,13,7,0.303125,0.322281,4669.683418,7,1,6,0.257576,14,14
John_Bull_%28locomotive%29,John_Bull_%28locomotive%29,,1,12,13,1,12,13,7,0.30408,0.322832,702.32028,11,1,6,0.128205,4,4
List_of_Test_cricket_triple_centuries,List_of_Test_cricket_triple_centuries,,1,8,9,1,8,9,7,0.286017,0.300695,23.284306,12,1,6,0.053571,5,5
Nematode,Nematode,,2,9,11,2,9,11,8,0.281469,0.295755,9266.897826,7,1,6,0.136364,14,14
The_Mismeasure_of_Man,The_Mismeasure_of_Man,,3,14,17,3,14,17,7,0.31831,0.337648,660.557589,3,1,6,0.142857,14,14
InterBase,InterBase,,0,3,3,0,3,3,9,0.219521,0.226705,0,5,1,281,0.833333,8,8
International_English,International_English,,0,49,49,0,49,49,7,0.350294,0.379476,0,10,1,282,0.217262,9,9
Space_Shuttle_Endeavour,Space_Shuttle_Endeavour,,6,16,22,6,16,22,7,0.310271,0.328738,638.58164,11,1,6,0.20915,14,14
OpenOffice.org,OpenOffice.org,,3,12,15,3,12,15,7,0.284132,0.299171,5992.954162,5,1,6,0.180952,8,8
Phishing,Phishing,,3,8,11,3,8,11,7,0.308524,0.32661,624.244891,5,1,6,0.222222,8,8
Introduction_to_special_relativity,Introduction_to_special_relativity,,0,4,4,0,4,4,8,0.259503,0.270847,0,9,1,283,0.416667,14,14
Iowa_class_battleship,Iowa_class_battleship,,1,4,5,1,4,5,7,0.273242,0.287731,0.25,0,1,284,0.25,7,7
USS_Wisconsin_%28BB-64%29,USS_Wisconsin_%28BB-64%29,,1,48,49,1,48,49,7,0.34225,0.370149,959.65893,10,1,284,0.162677,7,7
Reza_Shah,Reza_Shah,,2,14,16,2,14,16,7,0.318036,0.33814,56.027823,13,1,6,0.328571,12,12
Iraq_and_weapons_of_mass_destruction,Iraq_and_weapons_of_mass_destruction,,0,38,38,0,38,38,6,0.342831,0.36947,0,2,1,285,0.200569,7,7
Ireland_King_of_Arms,Ireland_King_of_Arms,,0,7,7,0,7,7,7,0.280623,0.294991,0,1,1,286,0.285714,7,7
Paul_Kane,Paul_Kane,,2,28,30,2,28,30,6,0.335902,0.359871,277.306398,11,1,6,0.181217,12,12
Iron_Mike,Iron_Mike,,1,5,6,1,5,6,7,0.281384,0.296661,115.866762,13,1,288,0.15,7,7
Krag-J%C3%B8rgensen,Krag-J%C3%B8rgensen,,1,7,8,1,7,8,7,0.304452,0.322847,125.246383,13,1,287,0.428571,7,7
Spirit_of_the_American_Doughboy,Spirit_of_the_American_Doughboy,,1,2,3,1,2,3,7,0.262572,0.274732,0,13,1,288,0.5,7,7
John_W._Campbell,John_W._Campbell,,3,4,7,3,4,7,7,0.291823,0.306877,132.947386,3,1,6,0.133333,12,12
Three_Laws_of_Robotics,Three_Laws_of_Robotics,,1,14,15,1,14,15,7,0.296562,0.313149,93.694794,3,1,6,0.038462,9,9
Music_of_the_trecento,Music_of_the_trecento,,1,12,13,1,12,13,8,0.290922,0.307766,5.620079,4,1,6,0.320513,11,11
Papal_conclave,Papal_conclave,,4,27,31,4,27,31,7,0.32236,0.345717,343.777707,4,1,6,0.187356,13,13
J%C3%B3rv%C3%ADk,J%C3%B3rv%C3%ADk,,0,13,13,0,13,13,7,0.299505,0.318051,0,1,1,289,0.301282,7,7
Jackanory,Jackanory,,2,4,6,2,4,6,7,0.287314,0.302548,47.724541,1,1,6,0.3,5,5
Sandy_Koufax,Sandy_Koufax,,1,15,16,1,15,16,7,0.31089,0.329527,4845.708821,11,1,6,0.233333,12,12
Jacob_Riis,Jacob_Riis,,0,10,10,0,10,10,7,0.304933,0.323336,0,11,1,290,0.211111,12,12
To_Kill_a_Mockingbird,To_Kill_a_Mockingbird,,1,6,7,1,6,7,7,0.300519,0.317378,51.608602,3,1,6,0.238095,9,9
James_Lovelock,James_Lovelock,,3,19,22,3,19,22,7,0.316719,0.335799,391.145048,9,1,6,0.185714,12,12
James_T._Aubrey%2C_Jr.,James_T._Aubrey%2C_Jr.,,0,15,15,0,15,15,7,0.318489,0.338924,0,11,1,291,0.242857,12,12
Keira_Knightley,Keira_Knightley,,3,8,11,3,8,11,7,0.313437,0.332456,181.663609,1,1,6,0.291667,12,12
Pride_and_Prejudice,Pride_and_Prejudice,,3,10,13,3,10,13,7,0.299453,0.316312,185.810744,1,1,6,0.218182,9,9
Peak_District,Peak_District,,5,29,34,5,29,34,7,0.325205,0.3468,12299.258793,1,1,6,0.095766,6,6
Mario,Mario,,7,18,25,7,18,25,7,0.314069,0.333478,10669.376405,10,1,6,0.154762,5,5
Sumo,Sumo,,3,13,16,3,13,16,7,0.305409,0.323525,565.411878,10,1,6,0.153846,5,5
Japanese_grammar,Japanese_grammar,,0,3,3,0,3,3,7,0.280022,0.294373,0,0,1,292,0.666667,9,9
Shroud_of_Turin,Shroud_of_Turin,,3,24,27,3,24,27,7,0.319489,0.34037,1155.613775,4,1,6,0.094203,13,13
Jet_Set_Willy,Jet_Set_Willy,,1,6,7,1,6,7,7,0.276139,0.289835,13.810023,5,1,6,0.166667,5,5
Jiaogulan,Jiaogulan,,1,6,7,1,6,7,7,0.290401,0.305833,4.973186,10,1,6,0.333333,14,14
Marcel_Lefebvre,Marcel_Lefebvre,,2,16,18,2,16,18,7,0.305064,0.324777,57.045066,4,1,6,0.191176,12,12
Saint_Joan_%28play%29,Saint_Joan_%28play%29,,1,5,6,1,5,6,8,0.288418,0.303605,59.431343,4,1,6,0.1,9,9
Joel_Brand,Joel_Brand,,1,37,38,1,37,38,7,0.343933,0.370827,84.570067,13,1,293,0.273273,12,12
Rudolf_Vrba,Rudolf_Vrba,,1,27,28,1,27,28,7,0.321242,0.344055,22.574174,13,1,293,0.182336,12,12
John_A.T._Robinson,John_A.T._Robinson,,0,6,6,0,6,6,7,0.292021,0.307284,0,1,1,294,0.2,12,12
Mother_Teresa,Mother_Teresa,,4,36,40,4,36,40,7,0.336571,0.363239,336.171696,11,1,6,0.164296,12,12
John_Henninger_Reagan,John_Henninger_Reagan,,0,7,7,0,7,7,7,0.283725,0.299093,0,11,1,295,0.452381,12,12
John_Pershing,John_Pershing,,3,47,50,3,47,50,7,0.336935,0.364377,6448.080347,11,1,6,0.1716,12,12
John_Seigenthaler%2C_Sr.,John_Seigenthaler%2C_Sr.,,1,7,8,1,7,8,7,0.279548,0.29398,38.495595,11,1,6,0.238095,12,12
John_Sentamu,John_Sentamu,,2,11,13,2,11,13,7,0.310366,0.330522,123.672432,1,1,6,0.272727,12,12
John_W._Johnston,John_W._Johnston,,0,10,10,0,10,10,7,0.30142,0.318858,0,11,1,296,0.255556,12,12
William_Mahone,William_Mahone,,2,11,13,2,11,13,7,0.294622,0.310774,102.357264,11,1,6,0.128788,12,12
Llywelyn_the_Great,Llywelyn_the_Great,,2,12,14,2,12,14,7,0.294408,0.310869,73.028032,1,1,6,0.219697,12,12
Joseph_and_the_Amazing_Technicolor_Dreamcoat,Joseph_and_the_Amazing_Technicolor_Dreamcoat,,0,10,10,0,10,10,7,0.296592,0.31275,0,1,1,297,0.088889,9,9
Julius_and_Ethel_Rosenberg,Julius_and_Ethel_Rosenberg,,0,15,15,0,15,15,6,0.318439,0.339322,0,13,1,298,0.295238,7,7
July_2006_Java_earthquake,July_2006_Java_earthquake,,2,11,13,2,11,13,7,0.299498,0.317315,17.842233,10,1,6,0.212121,6,6
Jump_rope,Jump_rope,,1,14,15,1,14,15,7,0.318961,0.339461,41.006623,3,1,6,0.152381,5,5
K%C4%ABlauea,K%C4%ABlauea,,1,6,7,1,6,7,7,0.283061,0.297046,102.740315,9,1,6,0.233333,6,6
Kakariki,Kakariki,,1,10,11,1,10,11,7,0.290223,0.305269,37.129096,7,1,299,0.309091,14,14
Muhammad_Ali_Jinnah,Muhammad_Ali_Jinnah,,9,22,31,9,22,31,7,0.325753,0.348919,835.448568,10,1,6,0.189153,12,12
Karikkoselk%C3%A4,Karikkoselk%C3%A4,,1,4,5,1,4,5,7,0.273832,0.286728,17.030666,9,1,300,0.166667,6,6
Keurusselk%C3%A4,Keurusselk%C3%A4,,1,10,11,1,10,11,7,0.286319,0.302028,97.319512,9,1,300,0.1,6,6
Katyn_massacre,Katyn_massacre,,0,24,24,0,24,24,7,0.324816,0.348103,0,13,1,301,0.309783,7,7
Red_rain_in_Kerala,Red_rain_in_Kerala,,1,31,32,1,31,32,7,0.325413,0.347579,266.212723,9,1,6,0.135484,7,7
Kestrel,Kestrel,,0,17,17,0,17,17,7,0.320098,0.342411,0,7,1,302,0.253676,14,14
Kevin_Spacey,Kevin_Spacey,,1,14,15,1,14,15,7,0.308055,0.325453,137.556354,11,1,6,0.104762,12,12
Khan_Wali_Khan,Khan_Wali_Khan,,1,10,11,1,10,11,7,0.302808,0.321097,2.8063,10,1,6,0.309091,12,12
Khudai_Khidmatgar,Khudai_Khidmatgar,,3,3,6,3,3,6,7,0.288028,0.303368,25.681982,10,1,6,0.333333,7,7
Oleg_of_Novgorod,Oleg_of_Novgorod,,1,4,5,1,4,5,8,0.274661,0.288719,0,2,1,6,0.583333,7,7
Kidnapped_%28novel%29,Kidnapped_%28novel%29,,0,10,10,0,10,10,7,0.296787,0.313799,0,3,1,303,0.222222,9,9
Moldovans,Moldovans,,3,13,16,3,13,16,7,0.306402,0.325724,34.207994,13,1,6,0.318681,6,6
Kigo,Kigo,,1,55,56,1,55,56,6,0.350601,0.377787,7711.007529,9,1,6,0.082828,9,9
Kingman_Reef,Kingman_Reef,,4,4,8,4,4,8,7,0.298747,0.315191,34.81729,11,1,6,0.452381,6,6
Kipchaks_in_Georgia,Kipchaks_in_Georgia,,0,9,9,0,9,9,7,0.294652,0.312467,0,13,1,304,0.402778,6,6
Nathu_La,Nathu_La,,1,19,20,1,19,20,7,0.304446,0.323062,52.484661,10,1,6,0.28655,6,6
Ray_of_Light,Ray_of_Light,,1,16,17,1,16,17,7,0.32654,0.348559,108.063235,11,1,6,0.327206,11,11
LANSA_Cuzco_Crash,LANSA_Cuzco_Crash,,0,3,3,0,3,3,8,0.263175,0.27618,0,0,1,305,0.666667,7,7
Ladysmith_Black_Mambazo,Ladysmith_Black_Mambazo,,2,16,18,2,16,18,7,0.324398,0.347046,298.111972,12,1,6,0.229167,11,11
Laika,Laika,,6,24,30,6,24,30,6,0.332704,0.354929,4707.094304,13,1,6,0.168333,14,14
Sputnik_program,Sputnik_program,,2,13,15,2,13,15,7,0.309631,0.328499,38.154939,13,1,6,0.262821,14,14
Yenisei_River,Yenisei_River,,4,12,16,4,12,16,7,0.300608,0.31786,211.439031,9,1,6,0.17033,6,6
Morecambe_Bay,Morecambe_Bay,,2,10,12,2,10,12,7,0.309986,0.328655,47.019814,1,1,6,0.19697,6,6
Lake_Kariba,Lake_Kariba,,3,13,16,3,13,16,7,0.299453,0.317196,68.51361,8,1,6,0.142857,6,6
Lancia_Flaminia,Lancia_Flaminia,,0,6,6,0,6,6,8,0.290099,0.305618,0,4,1,306,0.2,4,4
Split_infinitive,Split_infinitive,,1,11,12,1,11,12,7,0.295309,0.312651,747.429265,3,1,6,0.181818,9,9
Lawrencium,Lawrencium,,6,16,22,6,16,22,7,0.296497,0.315348,109.612031,9,1,6,0.323529,14,14
Welsh_law,Welsh_law,,3,15,18,3,15,18,8,0.298461,0.317196,1211.257149,4,1,6,0.22381,7,7
Ununquadium,Ununquadium,,8,12,20,8,12,20,7,0.289737,0.307109,192.022874,9,1,6,0.428571,14,14
Lead%28II%29_nitrate,Lead%28II%29_nitrate,,0,18,18,0,18,18,7,0.306709,0.325307,0,9,1,307,0.163399,14,14
Lemon_myrtle,Lemon_myrtle,,1,9,10,1,9,10,7,0.297913,0.315085,36.039555,6,1,6,0.222222,14,14
Leo_%28constellation%29,Leo_%28constellation%29,,0,14,14,0,14,14,7,0.298096,0.315262,0,9,1,308,0.115385,14,14
Lesothosaurus,Lesothosaurus,,0,10,10,0,10,10,7,0.289395,0.3045,0,7,1,309,0.3,14,14
Monarchies_in_the_European_Union,Monarchies_in_the_European_Union,,2,51,53,2,51,53,7,0.336963,0.364468,1524.207915,8,1,6,0.192308,2,2
Lighthouse_of_Alexandria,Lighthouse_of_Alexandria,,0,13,13,0,13,13,7,0.299196,0.317364,0,2,1,310,0.096154,7,7
Lincoln_%28automobile%29,Lincoln_%28automobile%29,,1,17,18,1,17,18,7,0.311401,0.331859,392.386756,11,1,311,0.275735,4,4
Lincoln_Town_Car,Lincoln_Town_Car,,1,3,4,1,3,4,7,0.284093,0.298849,9.229077,11,1,311,0,4,4
Link_%28The_Legend_of_Zelda%29,Link_%28The_Legend_of_Zelda%29,,1,5,6,1,5,6,7,0.279992,0.292939,65.249347,10,1,6,0.466667,5,5
Super_Mario_Bros.,Super_Mario_Bros.,,6,11,17,6,11,17,7,0.30982,0.328824,374.404694,10,1,6,0.326923,5,5
Linnet,Linnet,,0,11,11,0,11,11,7,0.309826,0.329855,0,7,1,312,0.254545,14,14
List_of_African_countries,List_of_African_countries,,5,63,68,5,63,68,7,0.316668,0.343326,561.673971,8,1,313,0.309268,6,6
List_of_Asian_countries,List_of_Asian_countries,,5,59,64,5,59,64,7,0.325634,0.353406,607.168924,8,1,313,0.233781,6,6
List_of_European_countries,List_of_European_countries,,5,57,62,5,57,62,7,0.330377,0.358615,704.166152,8,1,313,0.309211,6,6
List_of_North_American_countries,List_of_North_American_countries,,5,44,49,5,44,49,7,0.318882,0.342067,369.051557,8,1,313,0.153805,6,6
List_of_Oceanian_countries,List_of_Oceanian_countries,,5,40,45,5,40,45,7,0.30547,0.327569,269.801498,8,1,313,0.120513,6,6
List_of_South_American_countries,List_of_South_American_countries,,5,20,25,5,20,25,7,0.306786,0.327326,168.725232,0,1,313,0.339474,6,6
List_of_Archbishops_of_Canterbury,List_of_Archbishops_of_Canterbury,,0,20,20,0,20,20,7,0.29927,0.318556,0,1,1,315,0.289474,13,13
William_Edington,William_Edington,,1,6,7,1,6,7,8,0.282894,0.29934,13.856344,1,1,314,0.261905,12,12
List_of_Canadian_provinces_and_territories_by_area,List_of_Canadian_provinces_and_territories_by_area,,0,4,4,0,4,4,7,0.285001,0.30016,0,11,1,316,1,6,6
List_of_European_Union_member_states_by_accession,List_of_European_Union_member_states_by_accession,,2,91,93,2,91,93,6,0.346023,0.377705,56.112831,8,1,6,0.21108,7,7
List_of_Prime_Ministers_of_the_United_Kingdom,List_of_Prime_Ministers_of_the_United_Kingdom,,2,77,79,2,77,79,7,0.350996,0.383327,279.451598,1,1,6,0.163705,7,7
List_of_animal_welfare_groups,List_of_animal_welfare_groups,,0,2,2,0,2,2,8,0.249079,0.259314,0,3,1,317,0,2,2
Protactinium,Protactinium,,8,20,28,8,20,28,7,0.316274,0.33807,495.296513,9,1,6,0.290043,14,14
Ununbium,Ununbium,,7,14,21,7,14,21,7,0.301592,0.320625,122.815963,9,1,6,0.370833,14,14
Ununtrium,Ununtrium,,7,14,21,7,14,21,7,0.314117,0.334543,228.591294,9,1,6,0.366667,14,14
List_of_lakes,List_of_lakes,,0,109,109,0,109,109,7,0.366769,0.400693,0,8,1,318,0.116972,6,6
Loch_Ness,Loch_Ness,,4,9,13,4,9,13,8,0.294836,0.312421,549.523326,1,1,6,0.2,6,6
List_of_members_of_the_Commonwealth_of_Nations_by_date_joined,List_of_members_of_the_Commonwealth_of_Nations_by_date_joined,,0,54,54,0,54,54,7,0.328953,0.355052,0,8,1,319,0.139762,7,7
List_of_minerals,List_of_minerals,,0,19,19,0,19,19,7,0.298381,0.315907,0,9,1,320,0.219298,6,6
List_of_popes,List_of_popes,,1,33,34,1,33,34,7,0.325413,0.350231,25.84259,4,1,6,0.266098,12,12
List_of_rivers_by_length,List_of_rivers_by_length,,3,156,159,3,156,159,6,0.361062,0.400337,15174.862345,8,1,6,0.126531,6,6
Mackenzie_River,Mackenzie_River,,3,7,10,3,7,10,7,0.283081,0.29835,274.049623,11,1,6,0.366667,6,6
List_of_universities_in_the_United_Kingdom,List_of_universities_in_the_United_Kingdom,,1,3,4,1,3,4,7,0.284212,0.298413,63.35514,1,1,6,0.416667,2,2
Moringa_oleifera,Moringa_oleifera,,1,38,39,1,38,39,7,0.328898,0.354634,47.002833,6,1,6,0.101215,14,14
Oenothera,Oenothera,,1,19,20,1,19,20,7,0.312543,0.334005,19.561841,6,1,6,0.142105,14,14
List_of_world%27s_largest_lakes,List_of_world%27s_largest_lakes,,0,20,20,0,20,20,7,0.315,0.337356,0,7,1,321,0.15,6,6
Little_Women,Little_Women,,1,15,16,1,15,16,7,0.325048,0.347252,130.59626,11,1,6,0.254167,9,9
Rainhill_Trials,Rainhill_Trials,,4,5,9,4,5,9,7,0.270303,0.283183,4648.200463,1,1,6,0.2,4,4
Snowdonia,Snowdonia,,3,5,8,3,5,8,7,0.299874,0.316053,85.624765,1,1,6,0.214286,6,6
Local_government_in_the_United_Kingdom,Local_government_in_the_United_Kingdom,,1,20,21,1,20,21,7,0.312375,0.333155,4164.236601,1,1,6,0.281579,2,2
Logba_language,Logba_language,,0,5,5,0,5,5,7,0.275102,0.288967,0,8,1,322,0.4,9,9
London_sewerage_system,London_sewerage_system,,1,8,9,1,8,9,7,0.30063,0.317369,24.821656,1,1,6,0.152778,4,4
Long-billed_Vulture,Long-billed_Vulture,,0,11,11,0,11,11,7,0.295791,0.312262,0,7,1,323,0.390909,14,14
Long-tailed_Tit,Long-tailed_Tit,,0,9,9,0,9,9,7,0.297113,0.313647,0,7,1,324,0.25,14,14
P%C3%B3voa_de_Varzim,P%C3%B3voa_de_Varzim,,2,41,43,2,41,43,7,0.339332,0.364786,619.697009,13,1,6,0.147561,6,6
Lope_de_Barrientos,Lope_de_Barrientos,,0,14,14,0,14,14,8,0.302093,0.321318,0,2,1,325,0.164835,12,12
Wikisource,Wikisource,,2,4,6,2,4,6,7,0.273863,0.287875,34.973039,2,1,6,0.15,8,8
Lottie_Dod,Lottie_Dod,,0,14,14,0,14,14,7,0.311205,0.331587,0,1,1,326,0.296703,12,12
Louis_Freeh,Louis_Freeh,,0,6,6,0,6,6,7,0.283032,0.298923,0,13,1,327,0.266667,12,12
Tom_and_Jerry_%28MGM%29,Tom_and_Jerry_%28MGM%29,,2,19,21,2,19,21,7,0.32484,0.345854,441.005396,11,1,6,0.144737,5,5
Lucy%2C_Lady_Duff-Gordon,Lucy%2C_Lady_Duff-Gordon,,1,8,9,1,8,9,7,0.308524,0.327624,10.715028,1,1,6,0.357143,12,12
M-10001,M-10001,,1,4,5,1,4,5,7,0.294374,0.310457,157.845363,11,1,328,0.3,4,4
M-10003-6,M-10003-6,,0,4,4,0,4,4,7,0.266334,0.277633,0,11,1,329,0.083333,4,4
Madama_Butterfly,Madama_Butterfly,,1,9,10,1,9,10,7,0.306912,0.325731,39.355298,10,1,6,0.333333,9,9
Magdalena_Abakanowicz,Magdalena_Abakanowicz,,0,21,21,0,21,21,7,0.315417,0.336649,0,13,1,330,0.157143,0,0
Mahjong,Mahjong,,1,20,21,1,20,21,7,0.31402,0.335591,172.034845,10,1,6,0.161905,5,5
Makuria,Makuria,,1,23,24,1,23,24,7,0.311918,0.333465,3201.064663,2,1,6,0.12253,7,7
Nobiin_language,Nobiin_language,,3,13,16,3,13,16,7,0.296323,0.314859,2074.58887,2,1,6,0.242857,9,9
Old_Nubian_language,Old_Nubian_language,,2,8,10,2,8,10,8,0.275707,0.29024,27.350568,4,1,6,0.208333,9,9
Mallard,Mallard,,3,17,20,3,17,20,7,0.312062,0.331782,225.664011,7,1,6,0.165789,14,14
Mamenchisaurus,Mamenchisaurus,,0,15,15,0,15,15,7,0.311396,0.329857,0,7,1,331,0.314286,14,14
Wayne_Rooney,Wayne_Rooney,,1,16,17,1,16,17,7,0.316373,0.336306,4625.67077,1,1,6,0.2125,12,12
Mandan,Mandan,,1,12,13,1,12,13,7,0.309773,0.328395,54.197802,11,1,6,0.070513,6,6
Map_projection,Map_projection,,1,6,7,1,6,7,7,0.281802,0.295875,126.828394,9,1,6,0.238095,6,6
Marc_Pugh,Marc_Pugh,,0,2,2,0,2,2,8,0.275682,0.290119,0,1,1,332,1,12,12
Marcus_Allen,Marcus_Allen,,1,3,4,1,3,4,7,0.265679,0.27738,2.637749,11,1,6,0.166667,12,12
Marginated_Tortoise,Marginated_Tortoise,,0,19,19,0,19,19,7,0.313345,0.3334,0,7,1,333,0.093567,14,14
Super_Mario_64,Super_Mario_64,,3,8,11,3,8,11,7,0.299321,0.316343,25.824991,10,1,6,0.482143,5,5
Mark_Twain_House,Mark_Twain_House,,1,4,5,1,4,5,7,0.259988,0.271268,21.306049,11,1,6,0.083333,4,4
Martello_tower,Martello_tower,,0,24,24,0,24,24,7,0.330966,0.35493,0,1,1,334,0.181159,7,7
Mary_Kingsley,Mary_Kingsley,,0,7,7,0,7,7,7,0.303723,0.322775,0,7,1,335,0.214286,12,12
Olaudah_Equiano,Olaudah_Equiano,,1,11,12,1,11,12,7,0.309537,0.329013,19.696385,1,1,6,0.227273,12,12
Mary_Somerville,Mary_Somerville,,0,7,7,0,7,7,7,0.296592,0.313768,0,3,1,336,0.214286,12,12
Matilda_of_Boulogne,Matilda_of_Boulogne,,2,4,6,2,4,6,7,0.269244,0.28192,10.788577,1,1,6,0.25,7,7
Mausoleum_of_Maussollos,Mausoleum_of_Maussollos,,0,26,26,0,26,26,7,0.317442,0.340535,0,2,1,337,0.087692,7,7
Shrine_of_Remembrance,Shrine_of_Remembrance,,2,22,24,2,22,24,7,0.314605,0.335731,150.855531,12,1,6,0.146245,4,4
Mega_Man_X_%28character%29,Mega_Man_X_%28character%29,,0,4,4,0,4,4,7,0.287711,0.302149,0,10,1,338,0.5,5,5
Menthol,Menthol,,2,10,12,2,10,12,7,0.296822,0.313566,160.357523,9,1,6,0.255556,14,14
Tropical_Storm_Leslie_%282000%29,Tropical_Storm_Leslie_%282000%29,,1,9,10,1,9,10,7,0.297149,0.31463,5.060067,11,1,6,0.305556,6,6
Michael_Woodruff,Michael_Woodruff,,0,13,13,0,13,13,6,0.327915,0.348931,0,12,1,339,0.307692,12,12
Sistine_Chapel_ceiling,Sistine_Chapel_ceiling,,1,20,21,1,20,21,7,0.312712,0.33487,109.467408,4,1,6,0.197368,0,0
Mickey_Mantle,Mickey_Mantle,,1,12,13,1,12,13,7,0.304927,0.322929,44.12222,11,1,6,0.198718,12,12
Optical_microscope,Optical_microscope,,2,9,11,2,9,11,7,0.27537,0.290799,192.917472,9,1,6,0.088889,14,14
Milgram_experiment,Milgram_experiment,,1,7,8,1,7,8,7,0.295546,0.311746,62.624273,3,1,6,0.095238,14,14
Military_history_of_Canada,Military_history_of_Canada,,0,52,52,0,52,52,7,0.345482,0.374364,0,11,1,342,0.155732,7,7
Military_history_of_Puerto_Rico,Military_history_of_Puerto_Rico,,1,61,62,1,61,62,7,0.342048,0.372303,34.565106,11,1,341,0.163406,7,7
Military_history_of_France,Military_history_of_France,,0,90,90,0,90,90,7,0.356139,0.390228,0,4,1,343,0.146192,7,7
Pedro_del_Valle,Pedro_del_Valle,,1,16,17,1,16,17,7,0.314561,0.335917,6.825036,0,1,340,0.224265,12,12
Military_history_of_the_Soviet_Union,Military_history_of_the_Soviet_Union,,1,82,83,1,82,83,6,0.352486,0.384673,63.104818,13,1,344,0.187335,7,7
Milk_thistle,Milk_thistle,,0,8,8,0,8,8,7,0.296007,0.312788,0,2,1,345,0.285714,14,14
Milkshake,Milkshake,,0,10,10,0,10,10,7,0.315172,0.333488,0,6,1,346,0.222222,5,5
Minmi_%28dinosaur%29,Minmi_%28dinosaur%29,,1,10,11,1,10,11,7,0.293981,0.309348,13.431758,7,1,6,0.345455,14,14
Norman_Borlaug,Norman_Borlaug,,3,59,62,3,59,62,7,0.35048,0.379697,1090.017359,11,1,6,0.118644,12,12
Mirabilis_%28plant%29,Mirabilis_%28plant%29,,0,4,4,0,4,4,8,0.266443,0.278864,0,6,1,347,0.666667,14,14
Miranda_Otto,Miranda_Otto,,1,14,15,1,14,15,7,0.306055,0.323741,67.781408,12,1,6,0.142857,12,12
Song_Thrush,Song_Thrush,,2,9,11,2,9,11,7,0.292708,0.308518,60.977217,7,1,6,0.327273,14,14
Mixtape,Mixtape,,0,13,13,0,13,13,7,0.32728,0.349698,0,11,1,348,0.269231,11,11
Monarda_didyma,Monarda_didyma,,0,14,14,0,14,14,7,0.317218,0.337576,0,6,1,349,0.247253,14,14
Mongol_invasion_of_Central_Asia,Mongol_invasion_of_Central_Asia,,0,16,16,0,16,16,7,0.306663,0.326532,0,2,1,350,0.266667,7,7
Shackleton_%28crater%29,Shackleton_%28crater%29,,1,12,13,1,12,13,7,0.295115,0.31201,35.205497,9,1,6,0.272727,14,14
Moorgate,Moorgate,,0,13,13,0,13,13,7,0.311181,0.330708,0,1,1,351,0.141026,6,6
Moorhen,Moorhen,,0,10,10,0,10,10,7,0.29221,0.307196,0,7,1,352,0.211111,14,14
Morris_dance,Morris_dance,,1,20,21,1,20,21,7,0.321134,0.343805,76.051085,1,1,6,0.209524,5,5
Onion_dome,Onion_dome,,3,6,9,3,6,9,7,0.283536,0.298503,59.586884,2,1,6,0.142857,4,4
Trans-Siberian_Railway,Trans-Siberian_Railway,,2,19,21,2,19,21,7,0.312592,0.332878,231.868365,10,1,6,0.221053,4,4
Mount_Baker,Mount_Baker,,3,8,11,3,8,11,7,0.311726,0.330575,148.934223,11,1,6,0.244444,6,6
Multiple_sequence_alignment,Multiple_sequence_alignment,,1,6,7,1,6,7,7,0.273919,0.287154,14.47757,7,1,6,0.466667,14,14
Music_of_Albania,Music_of_Albania,,0,14,14,0,14,14,7,0.312211,0.333309,0,8,1,353,0.318681,11,11
Music_of_Antigua_and_Barbuda,Music_of_Antigua_and_Barbuda,,5,8,13,5,8,13,7,0.290526,0.305628,79.814371,11,1,6,0.236364,11,11
Music_of_Trinidad_and_Tobago,Music_of_Trinidad_and_Tobago,,6,24,30,6,24,30,7,0.319414,0.342262,2035.935836,11,1,6,0.19,11,11
Music_of_Dominica,Music_of_Dominica,,5,14,19,5,14,19,7,0.29347,0.3104,1621.151849,11,1,6,0.175,11,11
Music_of_Martinique_and_Guadeloupe,Music_of_Martinique_and_Guadeloupe,,6,17,23,6,17,23,7,0.294858,0.313141,1626.552963,11,1,6,0.238562,11,11
Music_of_the_Lesser_Antilles,Music_of_the_Lesser_Antilles,,3,21,24,3,21,24,7,0.298132,0.315958,135.492867,8,1,6,0.115942,11,11
Music_of_New_Zealand,Music_of_New_Zealand,,1,16,17,1,16,17,7,0.317786,0.338335,77.529644,11,1,6,0.194853,11,11
Music_of_Italy,Music_of_Italy,,1,30,31,1,30,31,7,0.315683,0.338574,47.143507,11,1,6,0.137634,11,11
Music_of_the_Bahamas,Music_of_the_Bahamas,,4,24,28,4,24,28,7,0.331616,0.355577,370.599433,11,1,6,0.237319,11,11
Music_of_Thailand,Music_of_Thailand,,0,15,15,0,15,15,7,0.323546,0.345907,0,11,1,354,0.319048,11,11
Mustard_seed,Mustard_seed,,1,37,38,1,37,38,7,0.296215,0.316367,247.452176,6,1,6,0.211712,5,5
Myco-heterotrophy,Myco-heterotrophy,,1,2,3,1,2,3,8,0.252838,0.264445,1.472991,6,1,6,0.666667,14,14
Myxobolus_cerebralis,Myxobolus_cerebralis,,1,29,30,1,29,30,7,0.338059,0.362837,2998.198711,7,1,6,0.196552,14,14
War_in_Somalia_%282006%E2%80%93present%29,War_in_Somalia_%282006%E2%80%93present%29,,1,14,15,1,14,15,7,0.31211,0.332434,243.348212,8,1,6,0.252381,2,2
Nadia_Com%C4%83neci,Nadia_Com%C4%83neci,,1,12,13,1,12,13,7,0.313437,0.33393,38.288171,13,1,6,0.348485,12,12
Naked_Mole_Rat,Naked_Mole_Rat,,0,15,15,0,15,15,7,0.302657,0.32153,0,7,1,355,0.238095,14,14
Nanomedicine,Nanomedicine,,1,4,5,1,4,5,7,0.282559,0.294862,0,9,1,356,0.333333,14,14
The_Seagull,The_Seagull,,1,5,6,1,5,6,7,0.289923,0.305377,36.351464,13,1,6,0.066667,9,9
National_Anthem_of_Russia,National_Anthem_of_Russia,,1,11,12,1,11,12,7,0.305179,0.323562,3.171522,13,1,6,0.436364,11,11
The_Broads,The_Broads,,2,10,12,2,10,12,7,0.29275,0.309144,7577.35199,7,1,6,0.154545,6,6
Yorkshire_Dales,Yorkshire_Dales,,2,7,9,2,7,9,7,0.29275,0.30781,35.331335,7,1,6,0.196429,6,6
Sociocultural_evolution,Sociocultural_evolution,,2,66,68,2,66,68,7,0.357338,0.386682,949.975422,3,1,6,0.115106,2,2
Negros_Oriental,Negros_Oriental,,0,17,17,0,17,17,7,0.32352,0.344238,0,6,1,357,0.172794,6,6
Pinworm,Pinworm,,1,2,3,1,2,3,8,0.243483,0.252814,0,7,1,6,0.666667,14,14
Whipworm,Whipworm,,1,6,7,1,6,7,8,0.268264,0.280654,33.584961,7,1,6,0.285714,14,14
Nepenthes_rajah,Nepenthes_rajah,,0,41,41,0,41,41,7,0.339757,0.365033,0,9,1,358,0.084756,14,14
Nephron,Nephron,,0,4,4,0,4,4,7,0.278694,0.292844,0,9,1,359,0.166667,14,14
New_York_City_Subway_nomenclature,New_York_City_Subway_nomenclature,,0,5,5,0,5,5,7,0.3056,0.322611,0,9,1,360,0.2,4,4
Newshounds,Newshounds,,1,7,8,1,7,8,7,0.297746,0.314898,0,3,1,361,0.261905,5,5
Newsround,Newsround,,0,5,5,0,5,5,7,0.288941,0.303653,0,1,1,362,0.05,5,5
Space_Shuttle_Challenger,Space_Shuttle_Challenger,,8,5,13,8,5,13,7,0.294408,0.310472,262.301624,11,1,6,0.344444,14,14
Niccol%C3%B2_dell%27Abbate,Niccol%C3%B2_dell%27Abbate,,0,2,2,0,2,2,8,0.263774,0.275966,0,4,1,363,0,0,0
Raney_nickel,Raney_nickel,,1,21,22,1,21,22,7,0.31351,0.333404,41.851034,9,1,6,0.269048,14,14
Nicobar_Long-tailed_Macaque,Nicobar_Long-tailed_Macaque,,0,9,9,0,9,9,8,0.283003,0.297978,0,7,1,364,0.291667,14,14
Nigella,Nigella,,0,9,9,0,9,9,7,0.306038,0.325835,0,6,1,365,0.319444,14,14
Nine_Million_Bicycles,Nine_Million_Bicycles,,0,7,7,0,7,7,7,0.310252,0.328985,0,10,1,366,0.238095,11,11
The_Legend_of_Zelda_series,The_Legend_of_Zelda_series,,2,12,14,2,12,14,7,0.288028,0.303325,4782.966808,10,1,6,0.128205,5,5
Svart%C3%A1lfar,Svart%C3%A1lfar,,1,3,4,1,3,4,8,0.268477,0.281366,0.845931,3,1,6,0.166667,7,7
Northwest_Africa,Northwest_Africa,,1,27,28,1,27,28,7,0.324035,0.348389,46.783853,8,1,6,0.340456,6,6
Nostradamus,Nostradamus,,2,25,27,2,25,27,7,0.315486,0.336292,206.396652,4,1,6,0.103989,12,12
Timken_1111,Timken_1111,,1,3,4,1,3,4,7,0.263264,0.275234,0,11,1,6,0.416667,4,4
Oroonoko,Oroonoko,,2,25,27,2,25,27,7,0.324164,0.348479,772.876332,1,1,6,0.16,9,9
Novelty_%28locomotive%29,Novelty_%28locomotive%29,,1,5,6,1,5,6,7,0.296042,0.311679,160.141677,1,1,6,0.1,4,4
Nurse_sharks,Nurse_sharks,,1,8,9,1,8,9,7,0.289179,0.304238,5.495082,7,1,6,0.285714,14,14
Ohm,Ohm,,0,2,2,0,2,2,8,0.221949,0.229068,0,9,1,367,0.5,14,14
Ollanta_Humala,Ollanta_Humala,,1,17,18,1,17,18,7,0.306378,0.325739,17.942402,0,1,6,0.253676,12,12
Statue_of_Zeus_at_Olympia,Statue_of_Zeus_at_Olympia,,2,8,10,2,8,10,7,0.294751,0.310493,166.126621,3,1,6,0.138889,7,7
One_Flew_Over_the_Cuckoo%27s_Nest_%28novel%29,One_Flew_Over_the_Cuckoo%27s_Nest_%28novel%29,,0,8,8,0,8,8,7,0.306107,0.324137,0,3,1,368,0.25,9,9
One_Foot_in_the_Grave,One_Foot_in_the_Grave,,0,4,4,0,4,4,7,0.289168,0.303914,0,1,1,369,0.5,5,5
Opuntia_imbricata,Opuntia_imbricata,,0,6,6,0,6,6,8,0.286208,0.301151,0,7,1,370,0.233333,14,14
Ormulum,Ormulum,,0,7,7,0,7,7,8,0.261276,0.273966,0,1,1,371,0.285714,9,9
The_Magic_Flute,The_Magic_Flute,,3,9,12,3,9,12,7,0.293343,0.310761,373.879184,13,1,6,0.222222,9,9
Tim_Henman,Tim_Henman,,4,34,38,4,34,38,7,0.324814,0.348588,661.856277,12,1,6,0.139929,12,12
PRR_M1,PRR_M1,,0,2,2,0,2,2,7,0.267322,0.280719,0,13,1,372,0.5,4,4
Pikachu,Pikachu,,2,13,15,2,13,15,7,0.300563,0.316859,174.057226,10,1,6,0.085714,5,5
Urial,Urial,,1,9,10,1,9,10,7,0.299188,0.317175,67.931246,7,1,6,0.319444,14,14
Palazzo_Pitti,Palazzo_Pitti,,1,17,18,1,17,18,7,0.30557,0.325365,33.73101,4,1,6,0.202206,4,4
Palio_di_Siena,Palio_di_Siena,,0,5,5,0,5,5,7,0.277512,0.29108,0,4,1,373,0.15,6,6
Paricut%C3%ADn,Paricut%C3%ADn,,0,2,2,0,2,2,7,0.272495,0.284949,0,0,1,374,0.5,6,6
Social_contract_%28Malaysia%29,Social_contract_%28Malaysia%29,,2,8,10,2,8,10,7,0.284751,0.299336,34.519407,10,1,6,0.285714,2,2
Senate_of_Canada,Senate_of_Canada,,2,13,15,2,13,15,7,0.314556,0.334039,57.020966,11,1,6,0.238095,2,2
Rose-ringed_Parakeet,Rose-ringed_Parakeet,,1,27,28,1,27,28,7,0.326567,0.349195,183.741141,7,1,6,0.109788,14,14
Star_Trek__The_Original_Series,Star_Trek__The_Original_Series,,3,7,10,3,7,10,7,0.298395,0.316162,206.413995,11,1,6,0.25,5,5
Society_of_Merchant_Venturers,Society_of_Merchant_Venturers,,2,16,18,2,16,18,7,0.311942,0.33303,135.454228,1,1,6,0.191176,7,7
Peaceful_coexistence,Peaceful_coexistence,,1,15,16,1,15,16,7,0.316151,0.337348,17.855684,10,1,6,0.266667,2,2
Shenzhou_6,Shenzhou_6,,3,34,37,3,34,37,7,0.332431,0.356798,9957.32557,10,1,6,0.179832,14,14
Pere_Marquette_1225,Pere_Marquette_1225,,0,1,1,0,1,1,8,0.250448,0.25997,0,11,1,375,0,4,4
Perfect_number,Perfect_number,,1,4,5,1,4,5,8,0.266238,0.279016,0,3,1,6,0.5,10,10
Periodic_table_%28large_version%29,Periodic_table_%28large_version%29,,1,118,119,1,118,119,7,0.314288,0.344694,0,9,1,6,0.111401,14,14
Yagan,Yagan,,1,19,20,1,19,20,7,0.317513,0.338452,82.35822,7,1,6,0.131579,12,12
Phenylketonuria,Phenylketonuria,,0,9,9,0,9,9,7,0.297135,0.313567,0,6,1,376,0.111111,14,14
Phineas_Gage,Phineas_Gage,,0,3,3,0,3,3,7,0.27266,0.285042,0,0,1,377,0,14,14
Phla-Pher%C3%A1_languages,Phla-Pher%C3%A1_languages,,0,5,5,0,5,5,8,0.269292,0.282015,0,8,1,378,0.4,9,9
Phosphorus_trichloride,Phosphorus_trichloride,,3,10,13,3,10,13,7,0.289923,0.306643,262.497664,9,1,6,0.3,14,14
Phosphoryl_chloride,Phosphoryl_chloride,,0,7,7,0,7,7,7,0.27064,0.284102,0,9,1,379,0.333333,14,14
Wave%E2%80%93particle_duality,Wave%E2%80%93particle_duality,,1,25,26,1,25,26,7,0.308853,0.329129,40.306273,9,1,6,0.323333,14,14
Photosynthetic_reaction_centre,Photosynthetic_reaction_centre,,1,15,16,1,15,16,7,0.297498,0.316129,19.040223,9,1,6,0.2,14,14
Photovoltaic_array,Photovoltaic_array,,0,13,13,0,13,13,7,0.306709,0.324814,0,9,1,380,0.179487,4,4
Pied_Avocet,Pied_Avocet,,0,18,18,0,18,18,7,0.323727,0.3461,0,7,1,381,0.169935,14,14
Plains_Zebra,Plains_Zebra,,1,12,13,1,12,13,7,0.290235,0.307263,10.690913,7,1,6,0.257576,14,14
Proxima_Centauri,Proxima_Centauri,,3,6,9,3,6,9,7,0.289035,0.304028,118.21846,9,1,6,0.267857,14,14
Safflower,Safflower,,3,13,16,3,13,16,7,0.322309,0.34355,206.637665,6,1,6,0.171429,14,14
Plant_cell,Plant_cell,,0,5,5,0,5,5,8,0.260286,0.272299,0,7,1,382,0.65,14,14
Plateosaurus,Plateosaurus,,0,22,22,0,22,22,7,0.309589,0.329839,0,7,1,383,0.17316,14,14
Uluru,Uluru,,1,4,5,1,4,5,7,0.282174,0.295364,9.865154,9,1,6,0.1,6,6
Ringed_Plover,Ringed_Plover,,1,13,14,1,13,14,7,0.308453,0.328095,860.382564,7,1,6,0.211538,14,14
Tufted_Duck,Tufted_Duck,,1,14,15,1,14,15,7,0.324502,0.345048,36.341101,7,1,6,0.280952,14,14
Poison_gas_in_World_War_I,Poison_gas_in_World_War_I,,2,36,38,2,36,38,7,0.345403,0.371907,937.30749,13,1,6,0.205706,7,7
Polish%E2%80%93Muscovite_War_%281605%E2%80%931618%29,Polish%E2%80%93Muscovite_War_%281605%E2%80%931618%29,,0,23,23,0,23,23,7,0.308741,0.32953,0,13,1,384,0.227273,7,7
Stanis%C5%82aw_Koniecpolski,Stanis%C5%82aw_Koniecpolski,,3,15,18,3,15,18,7,0.30148,0.320642,43.638449,13,1,6,0.191667,12,12
Political_integration_of_India,Political_integration_of_India,,1,30,31,1,30,31,7,0.3148,0.337318,164.23814,10,1,6,0.250575,7,7
Pop_Idol,Pop_Idol,,0,2,2,0,2,2,8,0.279964,0.293691,0,11,1,385,0.5,5,5
Population_history_of_American_indigenous_peoples,Population_history_of_American_indigenous_peoples,,1,24,25,1,24,25,7,0.321491,0.345144,4637.694213,0,1,6,0.108696,7,7
Postman_Pat,Postman_Pat,,0,21,21,0,21,21,7,0.333142,0.355255,0,13,1,386,0.27619,5,5
Working_poor,Working_poor,,1,3,4,1,3,4,7,0.292328,0.308608,6.583639,3,1,6,0.166667,2,2
Prehistoric_man,Prehistoric_man,,0,36,36,0,36,36,7,0.327942,0.353194,0,2,1,387,0.157937,7,7
The_Curious_Incident_of_the_Dog_in_the_Night-time,The_Curious_Incident_of_the_Dog_in_the_Night-time,,1,14,15,1,14,15,7,0.309891,0.328776,147.122963,3,1,6,0.157143,9,9
Primula,Primula,,1,10,11,1,10,11,7,0.301704,0.319776,20.394891,6,1,6,0.109091,14,14
Scent_of_a_Woman,Scent_of_a_Woman,,1,3,4,1,3,4,7,0.295524,0.312324,1.26949,11,1,6,0.416667,5,5
Pro_Milone,Pro_Milone,,0,1,1,0,1,1,8,0.233933,0.242968,0,4,1,388,0,7,7
Project_MKULTRA,Project_MKULTRA,,0,19,19,0,19,19,7,0.313466,0.334037,0,11,1,389,0.19883,7,7
Psittacosaurus,Psittacosaurus,,0,29,29,0,29,29,7,0.32505,0.348114,0,7,1,390,0.181034,14,14
Pygmy_Hippopotamus,Pygmy_Hippopotamus,,0,13,13,0,13,13,7,0.293777,0.311139,0,7,1,391,0.275641,14,14
Quatermass_and_the_Pit,Quatermass_and_the_Pit,,1,29,30,1,29,30,7,0.340529,0.36345,158.93156,1,1,6,0.130542,5,5
Radhanite,Radhanite,,0,40,40,0,40,40,7,0.322953,0.348638,0,2,1,392,0.197436,7,7
Spacecraft_propulsion,Spacecraft_propulsion,,2,8,10,2,8,10,7,0.28709,0.302193,333.362811,9,1,6,0.133333,14,14
Raising_the_Flag_on_Iwo_Jima,Raising_the_Flag_on_Iwo_Jima,,0,14,14,0,14,14,7,0.308741,0.328558,0,11,1,393,0.241758,7,7
Rebecca_Helferich_Clarke,Rebecca_Helferich_Clarke,,0,16,16,0,16,16,7,0.32226,0.343841,0,11,1,394,0.175,12,12
Reed_Bunting,Reed_Bunting,,0,9,9,0,9,9,8,0.297768,0.314706,0,7,1,395,0.305556,14,14
Troop_sleeper,Troop_sleeper,,1,6,7,1,6,7,6,0.303648,0.321062,2.634661,11,1,6,0.366667,4,4
The_Country_Wife,The_Country_Wife,,3,9,12,3,9,12,7,0.298791,0.315286,193.141715,1,1,6,0.290909,9,9
Restoration_literature,Restoration_literature,,0,51,51,0,51,51,7,0.332459,0.359591,0,1,1,396,0.11451,9,9
Shoshone_National_Forest,Shoshone_National_Forest,,1,41,42,1,41,42,7,0.33618,0.360737,74.983692,9,1,6,0.120732,6,6
Revised_Standard_Version,Revised_Standard_Version,,0,5,5,0,5,5,7,0.282382,0.29703,0,2,1,397,0.55,13,13
Rhodium%28III%29_chloride,Rhodium%28III%29_chloride,,1,7,8,1,7,8,8,0.273383,0.287784,1.684171,9,1,6,0.285714,14,14
Riesling,Riesling,,2,11,13,2,11,13,7,0.301727,0.320125,6.319148,4,1,6,0.390909,5,5
Severn_crossing,Severn_crossing,,1,4,5,1,4,5,8,0.287457,0.303359,2.674074,1,1,6,0.583333,6,6
Roan_Antelope,Roan_Antelope,,0,8,8,0,8,8,8,0.279462,0.293853,0,7,1,398,0.339286,14,14
Rock_Bunting,Rock_Bunting,,0,12,12,0,12,12,7,0.310039,0.330229,0,7,1,399,0.257576,14,14
Roman_Vishniac,Roman_Vishniac,,0,55,55,0,55,55,7,0.348484,0.376593,0,13,1,400,0.147138,12,12
Rondane_National_Park,Rondane_National_Park,,0,21,21,0,21,21,7,0.312476,0.332062,0,6,1,401,0.066667,6,6
Royal_Grammar_School_Worcester,Royal_Grammar_School_Worcester,,0,16,16,0,16,16,7,0.298931,0.317003,0,1,1,402,0.120833,2,2
S-mine,S-mine,,0,14,14,0,14,14,7,0.317467,0.339131,0,13,1,403,0.489011,7,7
S._A._Andr%C3%A9e%27s_Arctic_balloon_expedition_of_1897,S._A._Andr%C3%A9e%27s_Arctic_balloon_expedition_of_1897,,0,22,22,0,22,22,7,0.312741,0.333312,0,13,1,404,0.112554,12,12
SD26,SD26,,0,5,5,0,5,5,7,0.285352,0.299829,0,9,1,405,0.2,4,4
SR-71_Blackbird,SR-71_Blackbird,,3,20,23,3,20,23,7,0.324866,0.346103,791.513236,11,1,6,0.106719,4,4
Samantha_Smith,Samantha_Smith,,0,21,21,0,21,21,6,0.326568,0.348327,0,13,1,406,0.202381,12,12
San_Diego_Electric_Railway,San_Diego_Electric_Railway,,2,8,10,2,8,10,7,0.304606,0.323387,24.37753,11,1,6,0.388889,4,4
San_Diego_and_Arizona_Railway,San_Diego_and_Arizona_Railway,,2,8,10,2,8,10,7,0.299675,0.317373,13.916222,11,1,6,0.410714,4,4
San_Francisco_garter_snake,San_Francisco_garter_snake,,0,9,9,0,9,9,7,0.305623,0.323067,0,7,1,407,0.263889,14,14
Sand_shark,Sand_shark,,0,5,5,0,5,5,7,0.281324,0.295081,0,7,1,408,0.45,14,14
Sandur,Sandur,,0,6,6,0,6,6,7,0.28109,0.295187,0,9,1,409,0.2,6,6
Santamar%C3%ADa_%28volcano%29,Santamar%C3%ADa_%28volcano%29,,0,11,11,0,11,11,7,0.300415,0.317294,0,9,1,410,0.181818,6,6
Sasha_%28DJ%29,Sasha_%28DJ%29,,0,11,11,0,11,11,7,0.304292,0.321885,0,1,1,411,0.272727,12,12
Sauropsid,Sauropsid,,0,16,16,0,16,16,8,0.285362,0.30076,0,7,1,412,0.429167,14,14
Saxicola,Saxicola,,0,4,4,0,4,4,8,0.253786,0.26536,0,7,1,413,0.916667,14,14
Scanian_%28linguistics%29,Scanian_%28linguistics%29,,0,9,9,0,9,9,7,0.292759,0.308658,0,13,1,414,0.152778,9,9
Scelidosaurus,Scelidosaurus,,1,13,14,1,13,14,7,0.315658,0.334158,14.478625,7,1,6,0.339744,14,14
Schuttern_Gospels,Schuttern_Gospels,,0,4,4,0,4,4,8,0.268899,0.281254,0,4,1,415,0.166667,13,13
Scooby-Doo,Scooby-Doo,,3,12,15,3,12,15,7,0.30043,0.317966,1837.706911,11,1,6,0.093407,5,5
Scotch_College%2C_Perth,Scotch_College%2C_Perth,,0,23,23,0,23,23,6,0.332159,0.355376,0,12,1,416,0.152174,2,2
Scott_Special,Scott_Special,,0,9,9,0,9,9,7,0.287487,0.303533,0,11,1,417,0.194444,4,4
Sears_Catalog_Home,Sears_Catalog_Home,,0,13,13,0,13,13,7,0.313466,0.33298,0,9,1,418,0.102564,7,7
Selena,Selena,,1,10,11,1,10,11,7,0.312519,0.331811,8.826201,11,1,6,0.363636,12,12
Ziad_Jarrah,Ziad_Jarrah,,1,25,26,1,25,26,7,0.332377,0.356114,56.081002,2,1,6,0.211667,12,12
Starship_Troopers,Starship_Troopers,,1,26,27,1,26,27,6,0.328605,0.352405,98.495662,3,1,6,0.149573,9,9
Shabo_language,Shabo_language,,0,2,2,0,2,2,7,0.277474,0.292264,0,3,1,419,0.5,9,9
Zebra_shark,Zebra_shark,,1,9,10,1,9,10,7,0.288849,0.30365,34.787881,7,1,6,0.222222,14,14
Sharon_Tate,Sharon_Tate,,0,19,19,0,19,19,7,0.32048,0.341722,0,11,1,420,0.210526,12,12
Shenzhou_spacecraft,Shenzhou_spacecraft,,1,6,7,1,6,7,7,0.278358,0.292412,5.621848,10,1,6,0.333333,14,14
Space_suit,Space_suit,,1,10,11,1,10,11,7,0.292096,0.307714,57.832294,9,1,6,0.063636,14,14
Shigin,Shigin,,0,4,4,0,4,4,8,0.277436,0.291848,0,10,1,421,0.166667,9,9
Shrimp_farm,Shrimp_farm,,0,50,50,0,50,50,7,0.348158,0.376776,0,10,1,422,0.196327,14,14
Sicilian_Baroque,Sicilian_Baroque,,0,29,29,0,29,29,7,0.329434,0.354096,0,4,1,423,0.184729,4,4
Sunset_Boulevard_%281950_film%29,Sunset_Boulevard_%281950_film%29,,1,16,17,1,16,17,7,0.310604,0.329856,173.595348,11,1,6,0.161765,5,5
Simca_Vedette,Simca_Vedette,,0,8,8,0,8,8,7,0.312789,0.332294,0,4,1,424,0.642857,4,4
Sino-German_cooperation_%281911-1941%29,Sino-German_cooperation_%281911-1941%29,,0,25,25,0,25,25,7,0.319719,0.342436,0,10,1,425,0.255,7,7
Sino-Roman_relations,Sino-Roman_relations,,0,28,28,0,28,28,7,0.314,0.336059,0,2,1,426,0.157407,7,7
Six-party_talks_concerning_North_Korea%27s_nuclear_program,Six-party_talks_concerning_North_Korea%27s_nuclear_program,,0,11,11,0,11,11,7,0.309755,0.329783,0,10,1,427,0.545455,7,7
Snaefell_Mountain_Railway,Snaefell_Mountain_Railway,,0,3,3,0,3,3,8,0.268472,0.280183,0,4,1,428,0,4,4
Snake_charming,Snake_charming,,0,19,19,0,19,19,7,0.308858,0.328568,0,10,1,429,0.152047,5,5
Soil_profile,Soil_profile,,1,1,2,1,1,2,8,0.241281,0.250541,0,9,1,6,0,6,6
Southern_Pacific_4449,Southern_Pacific_4449,,0,7,7,0,7,7,7,0.304475,0.322648,0,11,1,430,0.642857,4,4
Southern_Rockhopper_Penguin,Southern_Rockhopper_Penguin,,0,15,15,0,15,15,7,0.302341,0.319746,0,7,1,431,0.209524,14,14
Trapdoor_spider,Trapdoor_spider,,1,6,7,1,6,7,7,0.304103,0.321307,13.054095,7,1,6,0.309524,14,14
Spix%27s_Macaw,Spix%27s_Macaw,,0,7,7,0,7,7,8,0.283408,0.297531,0,7,1,432,0.452381,14,14
Sponsorship_Directdebit,Sponsorship_Directdebit,,0,2,2,0,2,2,1,1,1,0,14,2,433,0.5,1,1
Spotted_Flycatcher,Spotted_Flycatcher,,0,11,11,0,11,11,7,0.305968,0.325497,0,7,1,434,0.363636,14,14
St_Buryan,St_Buryan,,0,13,13,0,13,13,7,0.302567,0.320033,0,1,1,435,0.057692,6,6
St_Michael%27s_Mount,St_Michael%27s_Mount,,0,13,13,0,13,13,7,0.308882,0.328348,0,1,1,436,0.192308,6,6
Theatre_in_the_round,Theatre_in_the_round,,1,12,13,1,12,13,6,0.318435,0.338925,176.026274,11,1,6,0.262821,9,9
Stanis%C5%82aw_Lem,Stanis%C5%82aw_Lem,,0,19,19,0,19,19,7,0.311851,0.332247,0,3,1,437,0.116959,12,12
StarCraft,StarCraft,,0,7,7,0,7,7,7,0.273248,0.286578,0,5,1,438,0.142857,5,5
Star_Fox__Assault,Star_Fox__Assault,,0,8,8,0,8,8,7,0.299107,0.315229,0,11,1,439,0.178571,5,5
Stephen_Trigg,Stephen_Trigg,,0,6,6,0,6,6,7,0.296613,0.313379,0,11,1,440,0.4,12,12
Steve_Davis,Steve_Davis,,0,11,11,0,11,11,7,0.309306,0.328977,0,1,1,441,0.281818,12,12
Stickleback,Stickleback,,0,6,6,0,6,6,8,0.268953,0.281261,0,7,1,442,0.4,14,14
Storm_of_October_1804,Storm_of_October_1804,,0,6,6,0,6,6,7,0.298755,0.315812,0,11,1,443,0.433333,6,6
Stourbridge_Lion,Stourbridge_Lion,,0,5,5,0,5,5,7,0.305876,0.323453,0,11,1,444,0.2,4,4
Struthiomimus,Struthiomimus,,0,17,17,0,17,17,8,0.294845,0.311428,0,7,1,445,0.345588,14,14
Suburbs_of_Johannesburg,Suburbs_of_Johannesburg,,0,20,20,0,20,20,7,0.317442,0.339164,0,12,1,446,0.123684,6,6
Sudanic_languages,Sudanic_languages,,0,2,2,0,2,2,8,0.265466,0.278514,0,8,1,447,0.5,9,9
Summer_Hill%2C_New_South_Wales,Summer_Hill%2C_New_South_Wales,,0,8,8,0,8,8,7,0.296483,0.312646,0,12,1,448,0.160714,6,6
Voynich_manuscript,Voynich_manuscript,,1,45,46,1,45,46,7,0.349996,0.376676,210.638861,9,1,6,0.099034,9,9
Sunol_Water_Temple,Sunol_Water_Temple,,0,1,1,0,1,1,8,0.259271,0.271247,0,4,1,449,0,4,4
Sustainable_forestry,Sustainable_forestry,,0,3,3,0,3,3,8,0.264428,0.276026,0,7,1,450,0.333333,2,2
Swedish_allotment_system,Swedish_allotment_system,,0,7,7,0,7,7,7,0.293097,0.30972,0,13,1,451,0.452381,7,7
Swiss_Federal_Council,Swiss_Federal_Council,,1,17,18,1,17,18,7,0.305363,0.325799,836.63199,3,1,6,0.176471,2,2
Swissair_Flight_111,Swissair_Flight_111,,0,10,10,0,10,10,7,0.310561,0.328823,0,11,1,452,0.222222,7,7
Sydney_Riot_of_1879,Sydney_Riot_of_1879,,0,6,6,0,6,6,7,0.28985,0.304892,0,12,1,453,0.533333,7,7
Sylvanus_Morley,Sylvanus_Morley,,0,20,20,0,20,20,7,0.320506,0.341959,0,0,1,455,0.178947,7,7
Yuri_Knorosov,Yuri_Knorosov,,1,22,23,1,22,23,7,0.321876,0.344098,55.123721,13,1,454,0.160079,12,12
T._D._Judah,T._D._Judah,,0,1,1,0,1,1,8,0.257036,0.267956,0,11,1,456,0,4,4
Tacitean_studies,Tacitean_studies,,0,16,16,0,16,16,8,0.291622,0.308869,0,4,1,457,0.1375,7,7
Tagoi_language,Tagoi_language,,0,3,3,0,3,3,8,0.268472,0.282085,0,2,1,458,0.333333,9,9
Templon,Templon,,0,5,5,0,5,5,7,0.282973,0.297563,0,4,1,459,0.15,4,4
Terik,Terik,,0,1,1,0,1,1,8,0.271201,0.284177,0,8,1,460,0,6,6
The_Beatles_discography,The_Beatles_discography,,1,13,14,1,13,14,7,0.312206,0.331523,2.97674,11,1,6,0.339744,11,11
The_Catcher_in_the_Rye,The_Catcher_in_the_Rye,,0,8,8,0,8,8,7,0.308271,0.327343,0,3,1,461,0.303571,9,9
The_Catlins,The_Catlins,,0,14,14,0,14,14,7,0.302958,0.319373,0,7,1,462,0.115385,6,6
The_Children%27s_Machine,The_Children%27s_Machine,,0,31,31,0,31,31,7,0.325102,0.349024,0,5,1,463,0.111828,8,8
The_Famous_Five_%28characters%29,The_Famous_Five_%28characters%29,,1,15,16,1,15,16,7,0.301801,0.320348,0,5,1,464,0.180952,9,9
The_Frogs,The_Frogs,,0,2,2,0,2,2,8,0.24264,0.251927,0,3,1,465,0,9,9
The_King%27s_Regiment_%28Liverpool%29,The_King%27s_Regiment_%28Liverpool%29,,0,44,44,0,44,44,7,0.336347,0.364107,0,1,1,466,0.160677,7,7
Toy_Story,Toy_Story,,1,8,9,1,8,9,7,0.310556,0.328258,45.862234,7,1,6,0.160714,5,5
The_Oz_books,The_Oz_books,,0,6,6,0,6,6,7,0.293755,0.309275,0,3,1,467,0.066667,9,9
Where_Did_Our_Love_Go,Where_Did_Our_Love_Go,,1,2,3,1,2,3,8,0.262073,0.274277,2.411448,11,1,6,0,11,11
Therizinosaurus,Therizinosaurus,,0,17,17,0,17,17,7,0.298228,0.315024,0,7,1,468,0.279412,14,14
Theta,Theta,,0,4,4,0,4,4,8,0.273469,0.286032,0,2,1,469,0,9,9
Three_Mile_Island_accident,Three_Mile_Island_accident,,0,12,12,0,12,12,6,0.312163,0.330645,0,11,1,470,0.181818,4,4
Timeline_of_discovery_of_solar_system_planets_and_their_natural_satellites,Timeline_of_discovery_of_solar_system_planets_and_their_natural_satellites,,0,19,19,0,19,19,7,0.305186,0.323511,0,9,1,471,0.365497,14,14
Tin%28II%29_chloride,Tin%28II%29_chloride,,1,18,19,1,18,19,7,0.292243,0.309379,225.670563,9,1,6,0.281046,14,14
Tiridates_I_of_Armenia,Tiridates_I_of_Armenia,,0,3,3,0,3,3,7,0.285342,0.301063,0,4,1,472,0.333333,12,12
Titanosauridae,Titanosauridae,,0,39,39,0,39,39,7,0.327919,0.352907,0,7,1,473,0.163968,14,14
Tone_cluster,Tone_cluster,,0,3,3,0,3,3,8,0.252365,0.262785,0,11,1,474,0.833333,11,11
Toraja,Toraja,,0,27,27,0,27,27,7,0.324764,0.34782,0,9,1,475,0.146724,6,6
Duchenne_muscular_dystrophy,Duchenne_muscular_dystrophy,,1,0,1,1,0,1,0,0,0,0,3,1,5,0,14,14
Klinefelter%27s_syndrome,Klinefelter%27s_syndrome,,1,0,1,1,0,1,0,0,0,0,3,1,4,0,14,14
Trabancos_River,Trabancos_River,,0,26,26,0,26,26,7,0.317222,0.338185,0,7,1,476,0.078462,6,6
Trade_and_usage_of_saffron,Trade_and_usage_of_saffron,,0,47,47,0,47,47,7,0.348218,0.375056,0,6,1,477,0.156799,14,14
Treaty_of_Devol,Treaty_of_Devol,,0,13,13,0,13,13,7,0.303541,0.323018,0,4,1,478,0.384615,7,7
Triggerplant,Triggerplant,,0,14,14,0,14,14,7,0.322209,0.343011,0,7,1,479,0.192308,14,14
Trobairitz,Trobairitz,,0,2,2,0,2,2,8,0.258857,0.27027,0,4,1,480,1,11,11
Tropical_Storm_Bilis_%282006%29,Tropical_Storm_Bilis_%282006%29,,1,12,13,1,12,13,7,0.29496,0.312029,18.070756,10,1,481,0.530303,6,6
Typhoon_Saomai_%282006%29,Typhoon_Saomai_%282006%29,,1,10,11,1,10,11,7,0.301203,0.319375,34.612776,10,1,481,0.5,6,6
Tropical_Storm_Chris_%282006%29,Tropical_Storm_Chris_%282006%29,,0,20,20,0,20,20,7,0.30806,0.326629,0,11,1,482,0.142105,6,6
Tropical_Storm_Danielle_%281992%29,Tropical_Storm_Danielle_%281992%29,,0,4,4,0,4,4,7,0.301285,0.319314,0,11,1,483,0.333333,6,6
Tropical_Storm_Isabel_%281985%29,Tropical_Storm_Isabel_%281985%29,,0,13,13,0,13,13,7,0.31291,0.333295,0,11,1,484,0.365385,6,6
Tropical_Storm_Vamei,Tropical_Storm_Vamei,,0,6,6,0,6,6,8,0.278102,0.291802,0,10,1,485,0.533333,6,6
Turkish_literature,Turkish_literature,,0,29,29,0,29,29,7,0.312548,0.335408,0,2,1,486,0.133005,9,9
Turner_syndrome,Turner_syndrome,,0,3,3,0,3,3,8,0.275419,0.289838,0,13,1,487,0,14,14
Typhoon_Ewiniar_%282006%29,Typhoon_Ewiniar_%282006%29,,0,12,12,0,12,12,7,0.294566,0.311717,0,10,1,488,0.363636,6,6
United_States_Numbered_Highways,United_States_Numbered_Highways,,1,10,11,1,10,11,7,0.302447,0.320285,12.243013,11,1,6,0.322222,4,4
Uffington_White_Horse,Uffington_White_Horse,,0,8,8,0,8,8,7,0.306015,0.323788,0,7,1,489,0.160714,7,7
Umbrella_Cockatoo,Umbrella_Cockatoo,,0,6,6,0,6,6,8,0.276452,0.28958,0,7,1,490,0.433333,14,14
United_Kingdom_national_football_team,United_Kingdom_national_football_team,,0,17,17,0,17,17,7,0.31142,0.332218,0,1,1,491,0.338235,5,5
United_for_Peace_and_Justice,United_for_Peace_and_Justice,,0,14,14,0,14,14,7,0.310097,0.330512,0,11,1,492,0.247253,2,2
Upsilon_Andromedae_b,Upsilon_Andromedae_b,,3,14,17,3,14,17,7,0.282469,0.298694,16.741149,9,1,6,0.3375,14,14
Upsilon_Andromedae_c,Upsilon_Andromedae_c,,2,15,17,2,15,17,7,0.291236,0.307924,16.110827,9,1,6,0.447619,14,14
Upsilon_Andromedae_d,Upsilon_Andromedae_d,,2,17,19,2,17,19,7,0.294836,0.312898,42.831912,9,1,6,0.382353,14,14
Ursuline_Convent_Riots,Ursuline_Convent_Riots,,0,3,3,0,3,3,7,0.271111,0.284199,0,2,1,493,0,7,7
Vernon_Kell,Vernon_Kell,,0,7,7,0,7,7,7,0.306686,0.326111,0,13,1,494,0.52381,12,12
Wars_of_Castro,Wars_of_Castro,,0,9,9,0,9,9,7,0.293394,0.30988,0,4,1,495,0.458333,7,7
Warsaw_Uprising_%281794%29,Warsaw_Uprising_%281794%29,,0,4,4,0,4,4,7,0.279829,0.294796,0,13,1,496,0.5,7,7
Washington_streetcars,Washington_streetcars,,0,7,7,0,7,7,7,0.299372,0.316877,0,11,1,497,0.119048,4,4
Weather_map,Weather_map,,0,2,2,0,2,2,7,0.293841,0.309775,0,11,1,498,0.5,6,6
Westport_Country_Playhouse,Westport_Country_Playhouse,,0,8,8,0,8,8,7,0.278656,0.294193,0,13,1,499,0.214286,9,9
Weyauwega_derailment,Weyauwega_derailment,,0,4,4,0,4,4,7,0.295921,0.312171,0,9,1,500,0.25,7,7
Weyto_language,Weyto_language,,0,4,4,0,4,4,8,0.282441,0.297349,0,2,1,501,0.416667,9,9
White%27s_Tree_Frog,White%27s_Tree_Frog,,0,22,22,0,22,22,7,0.329568,0.350623,0,7,1,502,0.175325,14,14
White_Mountain_art,White_Mountain_art,,0,1,1,0,1,1,8,0.250525,0.260303,0,11,1,503,0,11,11
White_Wagtail,White_Wagtail,,0,11,11,0,11,11,7,0.308037,0.327629,0,7,1,504,0.254545,14,14
Whitethroat,Whitethroat,,0,11,11,0,11,11,7,0.309992,0.330273,0,7,1,505,0.263636,14,14
Wigeon,Wigeon,,0,15,15,0,15,15,7,0.320934,0.341256,0,7,1,506,0.228571,14,14
Wikispecies,Wikispecies,,1,3,4,1,3,4,7,0.251302,0.261474,0,5,1,6,1,8,8
Winfield_Scott_%28ship%29,Winfield_Scott_%28ship%29,,0,10,10,0,10,10,7,0.30411,0.32168,0,11,1,507,0.266667,4,4
Winston_Tunnel,Winston_Tunnel,,0,3,3,0,3,3,7,0.268596,0.281611,0,11,1,508,0.166667,4,4
Wolf_Brother,Wolf_Brother,,0,5,5,0,5,5,7,0.293585,0.309228,0,3,1,509,0.4,9,9
Woodruff,Woodruff,,0,13,13,0,13,13,7,0.312813,0.334343,0,6,1,510,0.237179,14,14
Wyndham_Robertson,Wyndham_Robertson,,0,6,6,0,6,6,7,0.272002,0.285377,0,11,1,511,0.333333,12,12
X-Men__The_Last_Stand,X-Men__The_Last_Stand,,0,13,13,0,13,13,7,0.317989,0.337177,0,9,1,512,0.083333,5,5
X_Window_System_protocols_and_architecture,X_Window_System_protocols_and_architecture,,0,5,5,0,5,5,8,0.255497,0.266458,0,5,1,513,0.35,8,8
X_Window_core_protocol,X_Window_core_protocol,,0,2,2,0,2,2,9,0.218846,0.225727,0,5,1,514,1,8,8
Xanadu_House,Xanadu_House,,0,14,14,0,14,14,7,0.309094,0.327715,0,11,1,515,0.126374,4,4
Yellowhammer,Yellowhammer,,0,13,13,0,13,13,7,0.305692,0.323846,0,7,1,516,0.211538,14,14
Yotsuya_Kaidan,Yotsuya_Kaidan,,0,2,2,0,2,2,7,0.263346,0.274642,0,10,1,517,1,9,9
You%27re_Still_the_One,You%27re_Still_the_One,,0,2,2,0,2,2,7,0.262987,0.273529,0,11,1,518,0,11,11
Yungay%2C_Peru,Yungay%2C_Peru,,0,4,4,0,4,4,7,0.280662,0.294352,0,0,1,519,0.583333,6,6
Zara_Yaqob,Zara_Yaqob,,0,6,6,0,6,6,7,0.296592,0.314325,0,2,1,520,0.533333,12,12
